1,0 1,0 4,24 4,24
1,0 1,0 4,74 4,24
1,0 1,0 4,68 4,49
1,0 1,0 4,49 4,68
1,0 1,0 4,24 4,74
1,0 1,0 3,99 4,68
1,0 1,0 3,81 4,49
1,0 1,0 3,74 4,24
1,0 1,0 3,81 3,99
1,0 1,0 3,99 3,81
1,0 1,0 4,24 3,74
1,0 1,0 4,49 3,81
1,0 1,0 4,68 3,99
1,0 2,0 3,36 12,56
1,0 2,0 3,86 12,56
1,0 2,0 3,8 12,81
1,0 2,0 3,61 12,99
1,0 2,0 3,36 13,06
1,0 2,0 3,11 12,99
1,0 2,0 2,93 12,81
1,0 2,0 2,86 12,56
1,0 2,0 2,93 12,31
1,0 2,0 3,11 12,12
1,0 2,0 3,36 12,06
1,0 2,0 3,61 12,12
1,0 2,0 3,8 12,31
1,0 3,0 9,19 9,19
1,0 3,0 9,69 9,19
1,0 3,0 9,63 9,44
1,0 3,0 9,44 9,63
1,0 3,0 9,19 9,69
1,0 3,0 8,94 9,63
1,0 3,0 8,76 9,44
1,0 3,0 8,69 9,19
1,0 3,0 8,76 8,94
1,0 3,0 8,94 8,76
1,0 3,0 9,19 8,69
1,0 3,0 9,44 8,76
1,0 3,0 9,63 8,94
1,0 4,0 12,56 3,36
1,0 4,0 13,06 3,36
1,0 4,0 12,99 3,61
1,0 4,0 12,81 3,8
1,0 4,0 12,56 3,86
1,0 4,0 12,31 3,8
1,0 4,0 12,12 3,61
1,0 4,0 12,06 3,36
1,0 4,0 12,12 3,11
1,0 4,0 12,31 2,93
1,0 4,0 12,56 2,86
1,0 4,0 12,81 2,93
1,0 4,0 12,99 3,11
1,0 5,0 19,32 5,18
1,0 5,0 19,82 5,18
1,0 5,0 19,75 5,43
1,0 5,0 19,57 5,61
1,0 5,0 19,32 5,68
1,0 5,0 19,07 5,61
1,0 5,0 18,89 5,43
1,0 5,0 18,82 5,18
1,0 5,0 18,89 4,93
1,0 5,0 19,07 4,74
1,0 5,0 19,32 4,68
1,0 5,0 19,57 4,74
1,0 5,0 19,75 4,93
1,0 6,0 17,32 10,0
1,0 6,0 17,82 10,0
1,0 6,0 17,75 10,25
1,0 6,0 17,57 10,43
1,0 6,0 17,32 10,5
1,0 6,0 17,07 10,43
1,0 6,0 16,89 10,25
1,0 6,0 16,82 10,0
1,0 6,0 16,89 9,75
1,0 6,0 17,07 9,57
1,0 6,0 17,32 9,5
1,0 6,0 17,57 9,57
1,0 6,0 17,75 9,75
1,0 7,0 14,14 14,14
1,0 7,0 14,64 14,14
1,0 7,0 14,58 14,39
1,0 7,0 14,39 14,58
1,0 7,0 14,14 14,64
1,0 7,0 13,89 14,58
1,0 7,0 13,71 14,39
1,0 7,0 13,64 14,14
1,0 7,0 13,71 13,89
1,0 7,0 13,89 13,71
1,0 7,0 14,14 13,64
1,0 7,0 14,39 13,71
1,0 7,0 14,58 13,89
1,0 8,0 10,0 17,32
1,0 8,0 10,5 17,32
1,0 8,0 10,43 17,57
1,0 8,0 10,25 17,75
1,0 8,0 10,0 17,82
1,0 8,0 9,75 17,75
1,0 8,0 9,57 17,57
1,0 8,0 9,5 17,32
1,0 8,0 9,57 17,07
1,0 8,0 9,75 16,89
1,0 8,0 10,0 16,82
1,0 8,0 10,25 16,89
1,0 8,0 10,43 17,07
1,0 9,0 5,18 19,32
1,0 9,0 5,68 19,32
1,0 9,0 5,61 19,57
1,0 9,0 5,43 19,75
1,0 9,0 5,18 19,82
1,0 9,0 4,93 19,75
1,0 9,0 4,74 19,57
1,0 9,0 4,68 19,32
1,0 9,0 4,74 19,07
1,0 9,0 4,93 18,89
1,0 9,0 5,18 18,82
1,0 9,0 5,43 18,89
1,0 9,0 5,61 19,07
1,0 10,0 -5,18 19,32
1,0 10,0 -4,68 19,32
1,0 10,0 -4,74 19,57
1,0 10,0 -4,93 19,75
1,0 10,0 -5,18 19,82
1,0 10,0 -5,43 19,75
1,0 10,0 -5,61 19,57
1,0 10,0 -5,68 19,32
1,0 10,0 -5,61 19,07
1,0 10,0 -5,43 18,89
1,0 10,0 -5,18 18,82
1,0 10,0 -4,93 18,89
1,0 10,0 -4,74 19,07
1,0 11,0 -10,0 17,32
1,0 11,0 -9,5 17,32
1,0 11,0 -9,57 17,57
1,0 11,0 -9,75 17,75
1,0 11,0 -10,0 17,82
1,0 11,0 -10,25 17,75
1,0 11,0 -10,43 17,57
1,0 11,0 -10,5 17,32
1,0 11,0 -10,43 17,07
1,0 11,0 -10,25 16,89
1,0 11,0 -10,0 16,82
1,0 11,0 -9,75 16,89
1,0 11,0 -9,57 17,07
1,0 12,0 -14,14 14,14
1,0 12,0 -13,64 14,14
1,0 12,0 -13,71 14,39
1,0 12,0 -13,89 14,58
1,0 12,0 -14,14 14,64
1,0 12,0 -14,39 14,58
1,0 12,0 -14,58 14,39
1,0 12,0 -14,64 14,14
1,0 12,0 -14,58 13,89
1,0 12,0 -14,39 13,71
1,0 12,0 -14,14 13,64
1,0 12,0 -13,89 13,71
1,0 12,0 -13,71 13,89
1,0 13,0 -17,32 10,0
1,0 13,0 -16,82 10,0
1,0 13,0 -16,89 10,25
1,0 13,0 -17,07 10,43
1,0 13,0 -17,32 10,5
1,0 13,0 -17,57 10,43
1,0 13,0 -17,75 10,25
1,0 13,0 -17,82 10,0
1,0 13,0 -17,75 9,75
1,0 13,0 -17,57 9,57
1,0 13,0 -17,32 9,5
1,0 13,0 -17,07 9,57
1,0 13,0 -16,89 9,75
1,0 14,0 -19,32 5,18
1,0 14,0 -18,82 5,18
1,0 14,0 -18,89 5,43
1,0 14,0 -19,07 5,61
1,0 14,0 -19,32 5,68
1,0 14,0 -19,57 5,61
1,0 14,0 -19,75 5,43
1,0 14,0 -19,82 5,18
1,0 14,0 -19,75 4,93
1,0 14,0 -19,57 4,74
1,0 14,0 -19,32 4,68
1,0 14,0 -19,07 4,74
1,0 14,0 -18,89 4,93
1,0 15,0 -12,56 3,36
1,0 15,0 -12,06 3,36
1,0 15,0 -12,12 3,61
1,0 15,0 -12,31 3,8
1,0 15,0 -12,56 3,86
1,0 15,0 -12,81 3,8
1,0 15,0 -12,99 3,61
1,0 15,0 -13,06 3,36
1,0 15,0 -12,99 3,11
1,0 15,0 -12,81 2,93
1,0 15,0 -12,56 2,86
1,0 15,0 -12,31 2,93
1,0 15,0 -12,12 3,11
1,0 16,0 -9,19 9,19
1,0 16,0 -8,69 9,19
1,0 16,0 -8,76 9,44
1,0 16,0 -8,94 9,63
1,0 16,0 -9,19 9,69
1,0 16,0 -9,44 9,63
1,0 16,0 -9,63 9,44
1,0 16,0 -9,69 9,19
1,0 16,0 -9,63 8,94
1,0 16,0 -9,44 8,76
1,0 16,0 -9,19 8,69
1,0 16,0 -8,94 8,76
1,0 16,0 -8,76 8,94
1,0 17,0 -3,36 12,56
1,0 17,0 -2,86 12,56
1,0 17,0 -2,93 12,81
1,0 17,0 -3,11 12,99
1,0 17,0 -3,36 13,06
1,0 17,0 -3,61 12,99
1,0 17,0 -3,8 12,81
1,0 17,0 -3,86 12,56
1,0 17,0 -3,8 12,31
1,0 17,0 -3,61 12,12
1,0 17,0 -3,36 12,06
1,0 17,0 -3,11 12,12
1,0 17,0 -2,93 12,31
1,0 18,0 -4,24 4,24
1,0 18,0 -3,74 4,24
1,0 18,0 -3,81 4,49
1,0 18,0 -3,99 4,68
1,0 18,0 -4,24 4,74
1,0 18,0 -4,49 4,68
1,0 18,0 -4,68 4,49
1,0 18,0 -4,74 4,24
1,0 18,0 -4,68 3,99
1,0 18,0 -4,49 3,81
1,0 18,0 -4,24 3,74
1,0 18,0 -3,99 3,81
1,0 18,0 -3,81 3,99
1,0 19,0 -4,24 -4,24
1,0 19,0 -3,74 -4,24
1,0 19,0 -3,81 -3,99
1,0 19,0 -3,99 -3,81
1,0 19,0 -4,24 -3,74
1,0 19,0 -4,49 -3,81
1,0 19,0 -4,68 -3,99
1,0 19,0 -4,74 -4,24
1,0 19,0 -4,68 -4,49
1,0 19,0 -4,49 -4,68
1,0 19,0 -4,24 -4,74
1,0 19,0 -3,99 -4,68
1,0 19,0 -3,81 -4,49
1,0 20,0 -3,36 -12,56
1,0 20,0 -2,86 -12,56
1,0 20,0 -2,93 -12,31
1,0 20,0 -3,11 -12,12
1,0 20,0 -3,36 -12,06
1,0 20,0 -3,61 -12,12
1,0 20,0 -3,8 -12,31
1,0 20,0 -3,86 -12,56
1,0 20,0 -3,8 -12,81
1,0 20,0 -3,61 -12,99
1,0 20,0 -3,36 -13,06
1,0 20,0 -3,11 -12,99
1,0 20,0 -2,93 -12,81
1,0 21,0 -9,19 -9,19
1,0 21,0 -8,69 -9,19
1,0 21,0 -8,76 -8,94
1,0 21,0 -8,94 -8,76
1,0 21,0 -9,19 -8,69
1,0 21,0 -9,44 -8,76
1,0 21,0 -9,63 -8,94
1,0 21,0 -9,69 -9,19
1,0 21,0 -9,63 -9,44
1,0 21,0 -9,44 -9,63
1,0 21,0 -9,19 -9,69
1,0 21,0 -8,94 -9,63
1,0 21,0 -8,76 -9,44
1,0 22,0 -12,56 -3,36
1,0 22,0 -12,06 -3,36
1,0 22,0 -12,12 -3,11
1,0 22,0 -12,31 -2,93
1,0 22,0 -12,56 -2,86
1,0 22,0 -12,81 -2,93
1,0 22,0 -12,99 -3,11
1,0 22,0 -13,06 -3,36
1,0 22,0 -12,99 -3,61
1,0 22,0 -12,81 -3,8
1,0 22,0 -12,56 -3,86
1,0 22,0 -12,31 -3,8
1,0 22,0 -12,12 -3,61
1,0 23,0 -19,32 -5,18
1,0 23,0 -18,82 -5,18
1,0 23,0 -18,89 -4,93
1,0 23,0 -19,07 -4,74
1,0 23,0 -19,32 -4,68
1,0 23,0 -19,57 -4,74
1,0 23,0 -19,75 -4,93
1,0 23,0 -19,82 -5,18
1,0 23,0 -19,75 -5,43
1,0 23,0 -19,57 -5,61
1,0 23,0 -19,32 -5,68
1,0 23,0 -19,07 -5,61
1,0 23,0 -18,89 -5,43
1,0 24,0 -17,32 -10,0
1,0 24,0 -16,82 -10,0
1,0 24,0 -16,89 -9,75
1,0 24,0 -17,07 -9,57
1,0 24,0 -17,32 -9,5
1,0 24,0 -17,57 -9,57
1,0 24,0 -17,75 -9,75
1,0 24,0 -17,82 -10,0
1,0 24,0 -17,75 -10,25
1,0 24,0 -17,57 -10,43
1,0 24,0 -17,32 -10,5
1,0 24,0 -17,07 -10,43
1,0 24,0 -16,89 -10,25
1,0 25,0 -14,14 -14,14
1,0 25,0 -13,64 -14,14
1,0 25,0 -13,71 -13,89
1,0 25,0 -13,89 -13,71
1,0 25,0 -14,14 -13,64
1,0 25,0 -14,39 -13,71
1,0 25,0 -14,58 -13,89
1,0 25,0 -14,64 -14,14
1,0 25,0 -14,58 -14,39
1,0 25,0 -14,39 -14,58
1,0 25,0 -14,14 -14,64
1,0 25,0 -13,89 -14,58
1,0 25,0 -13,71 -14,39
1,0 26,0 -10,0 -17,32
1,0 26,0 -9,5 -17,32
1,0 26,0 -9,57 -17,07
1,0 26,0 -9,75 -16,89
1,0 26,0 -10,0 -16,82
1,0 26,0 -10,25 -16,89
1,0 26,0 -10,43 -17,07
1,0 26,0 -10,5 -17,32
1,0 26,0 -10,43 -17,57
1,0 26,0 -10,25 -17,75
1,0 26,0 -10,0 -17,82
1,0 26,0 -9,75 -17,75
1,0 26,0 -9,57 -17,57
1,0 27,0 -5,18 -19,32
1,0 27,0 -4,68 -19,32
1,0 27,0 -4,74 -19,07
1,0 27,0 -4,93 -18,89
1,0 27,0 -5,18 -18,82
1,0 27,0 -5,43 -18,89
1,0 27,0 -5,61 -19,07
1,0 27,0 -5,68 -19,32
1,0 27,0 -5,61 -19,57
1,0 27,0 -5,43 -19,75
1,0 27,0 -5,18 -19,82
1,0 27,0 -4,93 -19,75
1,0 27,0 -4,74 -19,57
1,0 28,0 5,18 -19,32
1,0 28,0 5,68 -19,32
1,0 28,0 5,61 -19,07
1,0 28,0 5,43 -18,89
1,0 28,0 5,18 -18,82
1,0 28,0 4,93 -18,89
1,0 28,0 4,74 -19,07
1,0 28,0 4,68 -19,32
1,0 28,0 4,74 -19,57
1,0 28,0 4,93 -19,75
1,0 28,0 5,18 -19,82
1,0 28,0 5,43 -19,75
1,0 28,0 5,61 -19,57
1,0 29,0 10,0 -17,32
1,0 29,0 10,5 -17,32
1,0 29,0 10,43 -17,07
1,0 29,0 10,25 -16,89
1,0 29,0 10,0 -16,82
1,0 29,0 9,75 -16,89
1,0 29,0 9,57 -17,07
1,0 29,0 9,5 -17,32
1,0 29,0 9,57 -17,57
1,0 29,0 9,75 -17,75
1,0 29,0 10,0 -17,82
1,0 29,0 10,25 -17,75
1,0 29,0 10,43 -17,57
1,0 30,0 14,14 -14,14
1,0 30,0 14,64 -14,14
1,0 30,0 14,58 -13,89
1,0 30,0 14,39 -13,71
1,0 30,0 14,14 -13,64
1,0 30,0 13,89 -13,71
1,0 30,0 13,71 -13,89
1,0 30,0 13,64 -14,14
1,0 30,0 13,71 -14,39
1,0 30,0 13,89 -14,58
1,0 30,0 14,14 -14,64
1,0 30,0 14,39 -14,58
1,0 30,0 14,58 -14,39
1,0 31,0 17,32 -10,0
1,0 31,0 17,82 -10,0
1,0 31,0 17,75 -9,75
1,0 31,0 17,57 -9,57
1,0 31,0 17,32 -9,5
1,0 31,0 17,07 -9,57
1,0 31,0 16,89 -9,75
1,0 31,0 16,82 -10,0
1,0 31,0 16,89 -10,25
1,0 31,0 17,07 -10,43
1,0 31,0 17,32 -10,5
1,0 31,0 17,57 -10,43
1,0 31,0 17,75 -10,25
1,0 32,0 19,32 -5,18
1,0 32,0 19,82 -5,18
1,0 32,0 19,75 -4,93
1,0 32,0 19,57 -4,74
1,0 32,0 19,32 -4,68
1,0 32,0 19,07 -4,74
1,0 32,0 18,89 -4,93
1,0 32,0 18,82 -5,18
1,0 32,0 18,89 -5,43
1,0 32,0 19,07 -5,61
1,0 32,0 19,32 -5,68
1,0 32,0 19,57 -5,61
1,0 32,0 19,75 -5,43
1,0 33,0 12,56 -3,36
1,0 33,0 13,06 -3,36
1,0 33,0 12,99 -3,11
1,0 33,0 12,81 -2,93
1,0 33,0 12,56 -2,86
1,0 33,0 12,31 -2,93
1,0 33,0 12,12 -3,11
1,0 33,0 12,06 -3,36
1,0 33,0 12,12 -3,61
1,0 33,0 12,31 -3,8
1,0 33,0 12,56 -3,86
1,0 33,0 12,81 -3,8
1,0 33,0 12,99 -3,61
1,0 34,0 9,19 -9,19
1,0 34,0 9,69 -9,19
1,0 34,0 9,63 -8,94
1,0 34,0 9,44 -8,76
1,0 34,0 9,19 -8,69
1,0 34,0 8,94 -8,76
1,0 34,0 8,76 -8,94
1,0 34,0 8,69 -9,19
1,0 34,0 8,76 -9,44
1,0 34,0 8,94 -9,63
1,0 34,0 9,19 -9,69
1,0 34,0 9,44 -9,63
1,0 34,0 9,63 -9,44
1,0 35,0 3,36 -12,56
1,0 35,0 3,86 -12,56
1,0 35,0 3,8 -12,31
1,0 35,0 3,61 -12,12
1,0 35,0 3,36 -12,06
1,0 35,0 3,11 -12,12
1,0 35,0 2,93 -12,31
1,0 35,0 2,86 -12,56
1,0 35,0 2,93 -12,81
1,0 35,0 3,11 -12,99
1,0 35,0 3,36 -13,06
1,0 35,0 3,61 -12,99
1,0 35,0 3,8 -12,81
1,0 36,0 4,24 -4,24
1,0 36,0 4,74 -4,24
1,0 36,0 4,68 -3,99
1,0 36,0 4,49 -3,81
1,0 36,0 4,24 -3,74
1,0 36,0 3,99 -3,81
1,0 36,0 3,81 -3,99
1,0 36,0 3,74 -4,24
1,0 36,0 3,81 -4,49
1,0 36,0 3,99 -4,68
1,0 36,0 4,24 -4,74
1,0 36,0 4,49 -4,68
1,0 36,0 4,68 -4,49
1,0 37,0 27,0 0,0
1,0 37,0 27,5 0,0
1,0 37,0 27,43 0,25
1,0 37,0 27,25 0,43
1,0 37,0 27,0 0,5
1,0 37,0 26,75 0,43
1,0 37,0 26,57 0,25
1,0 37,0 26,5 0,0
1,0 37,0 26,57 -0,25
1,0 37,0 26,75 -0,43
1,0 37,0 27,0 -0,5
1,0 37,0 27,25 -0,43
1,0 37,0 27,43 -0,25
1,0 38,0 26,08 6,99
1,0 38,0 26,58 6,99
1,0 38,0 26,51 7,24
1,0 38,0 26,33 7,42
1,0 38,0 26,08 7,49
1,0 38,0 25,83 7,42
1,0 38,0 25,65 7,24
1,0 38,0 25,58 6,99
1,0 38,0 25,65 6,74
1,0 38,0 25,83 6,56
1,0 38,0 26,08 6,49
1,0 38,0 26,33 6,56
1,0 38,0 26,51 6,74
1,0 39,0 23,38 13,5
1,0 39,0 23,88 13,5
1,0 39,0 23,82 13,75
1,0 39,0 23,63 13,93
1,0 39,0 23,38 14,0
1,0 39,0 23,13 13,93
1,0 39,0 22,95 13,75
1,0 39,0 22,88 13,5
1,0 39,0 22,95 13,25
1,0 39,0 23,13 13,07
1,0 39,0 23,38 13,0
1,0 39,0 23,63 13,07
1,0 39,0 23,82 13,25
1,0 40,0 19,09 19,09
1,0 40,0 19,59 19,09
1,0 40,0 19,52 19,34
1,0 40,0 19,34 19,52
1,0 40,0 19,09 19,59
1,0 40,0 18,84 19,52
1,0 40,0 18,66 19,34
1,0 40,0 18,59 19,09
1,0 40,0 18,66 18,84
1,0 40,0 18,84 18,66
1,0 40,0 19,09 18,59
1,0 40,0 19,34 18,66
1,0 40,0 19,52 18,84
1,0 41,0 13,5 23,38
1,0 41,0 14,0 23,38
1,0 41,0 13,93 23,63
1,0 41,0 13,75 23,82
1,0 41,0 13,5 23,88
1,0 41,0 13,25 23,82
1,0 41,0 13,07 23,63
1,0 41,0 13,0 23,38
1,0 41,0 13,07 23,13
1,0 41,0 13,25 22,95
1,0 41,0 13,5 22,88
1,0 41,0 13,75 22,95
1,0 41,0 13,93 23,13
1,0 42,0 6,99 26,08
1,0 42,0 7,49 26,08
1,0 42,0 7,42 26,33
1,0 42,0 7,24 26,51
1,0 42,0 6,99 26,58
1,0 42,0 6,74 26,51
1,0 42,0 6,56 26,33
1,0 42,0 6,49 26,08
1,0 42,0 6,56 25,83
1,0 42,0 6,74 25,65
1,0 42,0 6,99 25,58
1,0 42,0 7,24 25,65
1,0 42,0 7,42 25,83
1,0 43,0 0,0 27,0
1,0 43,0 0,5 27,0
1,0 43,0 0,43 27,25
1,0 43,0 0,25 27,43
1,0 43,0 0,0 27,5
1,0 43,0 -0,25 27,43
1,0 43,0 -0,43 27,25
1,0 43,0 -0,5 27,0
1,0 43,0 -0,43 26,75
1,0 43,0 -0,25 26,57
1,0 43,0 0,0 26,5
1,0 43,0 0,25 26,57
1,0 43,0 0,43 26,75
1,0 44,0 -6,99 26,08
1,0 44,0 -6,49 26,08
1,0 44,0 -6,56 26,33
1,0 44,0 -6,74 26,51
1,0 44,0 -6,99 26,58
1,0 44,0 -7,24 26,51
1,0 44,0 -7,42 26,33
1,0 44,0 -7,49 26,08
1,0 44,0 -7,42 25,83
1,0 44,0 -7,24 25,65
1,0 44,0 -6,99 25,58
1,0 44,0 -6,74 25,65
1,0 44,0 -6,56 25,83
1,0 45,0 -13,5 23,38
1,0 45,0 -13,0 23,38
1,0 45,0 -13,07 23,63
1,0 45,0 -13,25 23,82
1,0 45,0 -13,5 23,88
1,0 45,0 -13,75 23,82
1,0 45,0 -13,93 23,63
1,0 45,0 -14,0 23,38
1,0 45,0 -13,93 23,13
1,0 45,0 -13,75 22,95
1,0 45,0 -13,5 22,88
1,0 45,0 -13,25 22,95
1,0 45,0 -13,07 23,13
1,0 46,0 -19,09 19,09
1,0 46,0 -18,59 19,09
1,0 46,0 -18,66 19,34
1,0 46,0 -18,84 19,52
1,0 46,0 -19,09 19,59
1,0 46,0 -19,34 19,52
1,0 46,0 -19,52 19,34
1,0 46,0 -19,59 19,09
1,0 46,0 -19,52 18,84
1,0 46,0 -19,34 18,66
1,0 46,0 -19,09 18,59
1,0 46,0 -18,84 18,66
1,0 46,0 -18,66 18,84
1,0 47,0 -23,38 13,5
1,0 47,0 -22,88 13,5
1,0 47,0 -22,95 13,75
1,0 47,0 -23,13 13,93
1,0 47,0 -23,38 14,0
1,0 47,0 -23,63 13,93
1,0 47,0 -23,82 13,75
1,0 47,0 -23,88 13,5
1,0 47,0 -23,82 13,25
1,0 47,0 -23,63 13,07
1,0 47,0 -23,38 13,0
1,0 47,0 -23,13 13,07
1,0 47,0 -22,95 13,25
1,0 48,0 -26,08 6,99
1,0 48,0 -25,58 6,99
1,0 48,0 -25,65 7,24
1,0 48,0 -25,83 7,42
1,0 48,0 -26,08 7,49
1,0 48,0 -26,33 7,42
1,0 48,0 -26,51 7,24
1,0 48,0 -26,58 6,99
1,0 48,0 -26,51 6,74
1,0 48,0 -26,33 6,56
1,0 48,0 -26,08 6,49
1,0 48,0 -25,83 6,56
1,0 48,0 -25,65 6,74
1,0 49,0 -27,0 0,0
1,0 49,0 -26,5 0,0
1,0 49,0 -26,57 0,25
1,0 49,0 -26,75 0,43
1,0 49,0 -27,0 0,5
1,0 49,0 -27,25 0,43
1,0 49,0 -27,43 0,25
1,0 49,0 -27,5 0,0
1,0 49,0 -27,43 -0,25
1,0 49,0 -27,25 -0,43
1,0 49,0 -27,0 -0,5
1,0 49,0 -26,75 -0,43
1,0 49,0 -26,57 -0,25
1,0 50,0 -26,08 -6,99
1,0 50,0 -25,58 -6,99
1,0 50,0 -25,65 -6,74
1,0 50,0 -25,83 -6,56
1,0 50,0 -26,08 -6,49
1,0 50,0 -26,33 -6,56
1,0 50,0 -26,51 -6,74
1,0 50,0 -26,58 -6,99
1,0 50,0 -26,51 -7,24
1,0 50,0 -26,33 -7,42
1,0 50,0 -26,08 -7,49
1,0 50,0 -25,83 -7,42
1,0 50,0 -25,65 -7,24
1,0 51,0 -23,38 -13,5
1,0 51,0 -22,88 -13,5
1,0 51,0 -22,95 -13,25
1,0 51,0 -23,13 -13,07
1,0 51,0 -23,38 -13,0
1,0 51,0 -23,63 -13,07
1,0 51,0 -23,82 -13,25
1,0 51,0 -23,88 -13,5
1,0 51,0 -23,82 -13,75
1,0 51,0 -23,63 -13,93
1,0 51,0 -23,38 -14,0
1,0 51,0 -23,13 -13,93
1,0 51,0 -22,95 -13,75
1,0 52,0 -19,09 -19,09
1,0 52,0 -18,59 -19,09
1,0 52,0 -18,66 -18,84
1,0 52,0 -18,84 -18,66
1,0 52,0 -19,09 -18,59
1,0 52,0 -19,34 -18,66
1,0 52,0 -19,52 -18,84
1,0 52,0 -19,59 -19,09
1,0 52,0 -19,52 -19,34
1,0 52,0 -19,34 -19,52
1,0 52,0 -19,09 -19,59
1,0 52,0 -18,84 -19,52
1,0 52,0 -18,66 -19,34
1,0 53,0 -13,5 -23,38
1,0 53,0 -13,0 -23,38
1,0 53,0 -13,07 -23,13
1,0 53,0 -13,25 -22,95
1,0 53,0 -13,5 -22,88
1,0 53,0 -13,75 -22,95
1,0 53,0 -13,93 -23,13
1,0 53,0 -14,0 -23,38
1,0 53,0 -13,93 -23,63
1,0 53,0 -13,75 -23,82
1,0 53,0 -13,5 -23,88
1,0 53,0 -13,25 -23,82
1,0 53,0 -13,07 -23,63
1,0 54,0 -6,99 -26,08
1,0 54,0 -6,49 -26,08
1,0 54,0 -6,56 -25,83
1,0 54,0 -6,74 -25,65
1,0 54,0 -6,99 -25,58
1,0 54,0 -7,24 -25,65
1,0 54,0 -7,42 -25,83
1,0 54,0 -7,49 -26,08
1,0 54,0 -7,42 -26,33
1,0 54,0 -7,24 -26,51
1,0 54,0 -6,99 -26,58
1,0 54,0 -6,74 -26,51
1,0 54,0 -6,56 -26,33
1,0 55,0 -0,0 -27,0
1,0 55,0 0,5 -27,0
1,0 55,0 0,43 -26,75
1,0 55,0 0,25 -26,57
1,0 55,0 -0,0 -26,5
1,0 55,0 -0,25 -26,57
1,0 55,0 -0,43 -26,75
1,0 55,0 -0,5 -27,0
1,0 55,0 -0,43 -27,25
1,0 55,0 -0,25 -27,43
1,0 55,0 -0,0 -27,5
1,0 55,0 0,25 -27,43
1,0 55,0 0,43 -27,25
1,0 56,0 6,99 -26,08
1,0 56,0 7,49 -26,08
1,0 56,0 7,42 -25,83
1,0 56,0 7,24 -25,65
1,0 56,0 6,99 -25,58
1,0 56,0 6,74 -25,65
1,0 56,0 6,56 -25,83
1,0 56,0 6,49 -26,08
1,0 56,0 6,56 -26,33
1,0 56,0 6,74 -26,51
1,0 56,0 6,99 -26,58
1,0 56,0 7,24 -26,51
1,0 56,0 7,42 -26,33
1,0 57,0 13,5 -23,38
1,0 57,0 14,0 -23,38
1,0 57,0 13,93 -23,13
1,0 57,0 13,75 -22,95
1,0 57,0 13,5 -22,88
1,0 57,0 13,25 -22,95
1,0 57,0 13,07 -23,13
1,0 57,0 13,0 -23,38
1,0 57,0 13,07 -23,63
1,0 57,0 13,25 -23,82
1,0 57,0 13,5 -23,88
1,0 57,0 13,75 -23,82
1,0 57,0 13,93 -23,63
1,0 58,0 19,09 -19,09
1,0 58,0 19,59 -19,09
1,0 58,0 19,52 -18,84
1,0 58,0 19,34 -18,66
1,0 58,0 19,09 -18,59
1,0 58,0 18,84 -18,66
1,0 58,0 18,66 -18,84
1,0 58,0 18,59 -19,09
1,0 58,0 18,66 -19,34
1,0 58,0 18,84 -19,52
1,0 58,0 19,09 -19,59
1,0 58,0 19,34 -19,52
1,0 58,0 19,52 -19,34
1,0 59,0 23,38 -13,5
1,0 59,0 23,88 -13,5
1,0 59,0 23,82 -13,25
1,0 59,0 23,63 -13,07
1,0 59,0 23,38 -13,0
1,0 59,0 23,13 -13,07
1,0 59,0 22,95 -13,25
1,0 59,0 22,88 -13,5
1,0 59,0 22,95 -13,75
1,0 59,0 23,13 -13,93
1,0 59,0 23,38 -14,0
1,0 59,0 23,63 -13,93
1,0 59,0 23,82 -13,75
1,0 60,0 26,08 -6,99
1,0 60,0 26,58 -6,99
1,0 60,0 26,51 -6,74
1,0 60,0 26,33 -6,56
1,0 60,0 26,08 -6,49
1,0 60,0 25,83 -6,56
1,0 60,0 25,65 -6,74
1,0 60,0 25,58 -6,99
1,0 60,0 25,65 -7,24
1,0 60,0 25,83 -7,42
1,0 60,0 26,08 -7,49
1,0 60,0 26,33 -7,42
1,0 60,0 26,51 -7,24
