1 1 4,24 4,24 -157,670
1 1 4,74 4,24 -157,664
1 1 4,68 4,49 -157,621
1 1 4,49 4,68 -157,676
1 1 4,24 4,74 -157,689
1 1 3,99 4,68 -157,652
1 1 3,81 4,49 -157,670
1 1 3,74 4,24 -157,634
1 1 3,81 3,99 -157,664
1 1 3,99 3,81 -157,689
1 1 4,24 3,74 -157,689
1 1 4,49 3,81 -157,658
1 1 4,68 3,99 -157,664
1 2 3,36 12,56 -157,640
1 2 3,86 12,56 -157,658
1 2 3,80 12,81 -157,652
1 2 3,61 12,99 -157,628
1 2 3,36 13,06 -157,658
1 2 3,11 12,99 -157,676
1 2 2,93 12,81 -157,658
1 2 2,86 12,56 -157,646
1 2 2,93 12,31 -157,634
1 2 3,11 12,12 -157,640
1 2 3,36 12,06 -157,664
1 2 3,61 12,12 -157,652
1 2 3,80 12,31 -157,628
1 3 9,19 9,19 -157,664
1 3 9,69 9,19 -157,646
1 3 9,63 9,44 -157,634
1 3 9,44 9,63 -157,658
1 3 9,19 9,69 -157,682
1 3 8,94 9,63 -157,640
1 3 8,76 9,44 -157,652
1 3 8,69 9,19 -157,628
1 3 8,76 8,94 -157,689
1 3 8,94 8,76 -157,664
1 3 9,19 8,69 -157,652
1 3 9,44 8,76 -157,664
1 3 9,63 8,94 -157,676
1 4 12,56 3,36 -157,695
1 4 13,06 3,36 -157,664
1 4 12,99 3,61 -157,658
1 4 12,81 3,80 -157,676
1 4 12,56 3,86 -157,682
1 4 12,31 3,80 -157,695
1 4 12,12 3,61 -157,646
1 4 12,06 3,36 -157,658
1 4 12,12 3,11 -157,658
1 4 12,31 2,93 -157,640
1 4 12,56 2,86 -157,682
1 4 12,81 2,93 -157,664
1 4 12,99 3,11 -157,658
1 5 19,32 5,18 -157,689
1 5 19,82 5,18 -157,676
1 5 19,75 5,43 -157,713
1 5 19,57 5,61 -157,658
1 5 19,32 5,68 -157,664
1 5 19,07 5,61 -157,652
1 5 18,89 5,43 -157,646
1 5 18,82 5,18 -157,689
1 5 18,89 4,93 -157,676
1 5 19,07 4,74 -157,664
1 5 19,32 4,68 -157,682
1 5 19,57 4,74 -157,713
1 5 19,75 4,93 -157,621
1 6 17,32 10,00 -157,658
1 6 17,82 10,00 -157,682
1 6 17,75 10,25 -157,676
1 6 17,57 10,43 -157,682
1 6 17,32 10,50 -157,634
1 6 17,07 10,43 -157,646
1 6 16,89 10,25 -157,707
1 6 16,82 10,00 -157,658
1 6 16,89 9,75 -157,640
1 6 17,07 9,57 -157,640
1 6 17,32 9,50 -157,664
1 6 17,57 9,57 -157,658
1 6 17,75 9,75 -157,634
1 7 14,14 14,14 -157,676
1 7 14,64 14,14 -157,707
1 7 14,58 14,39 -157,670
1 7 14,39 14,58 -157,664
1 7 14,14 14,64 -157,646
1 7 13,89 14,58 -157,707
1 7 13,71 14,39 -157,658
1 7 13,64 14,14 -157,664
1 7 13,71 13,89 -157,689
1 7 13,89 13,71 -157,664
1 7 14,14 13,64 -157,682
1 7 14,39 13,71 -157,658
1 7 14,58 13,89 -157,658
1 8 10,00 17,32 -157,652
1 8 10,50 17,32 -157,695
1 8 10,43 17,57 -157,640
1 8 10,25 17,75 -157,682
1 8 10,00 17,82 -157,652
1 8 9,75 17,75 -157,652
1 8 9,57 17,57 -157,658
1 8 9,50 17,32 -157,658
1 8 9,57 17,07 -157,658
1 8 9,75 16,89 -157,682
1 8 10,00 16,82 -157,658
1 8 10,25 16,89 -157,621
1 8 10,43 17,07 -157,676
1 9 5,18 19,32 -157,646
1 9 5,68 19,32 -157,670
1 9 5,61 19,57 -157,634
1 9 5,43 19,75 -157,682
1 9 5,18 19,82 -157,621
1 9 4,93 19,75 -157,640
1 9 4,74 19,57 -157,695
1 9 4,68 19,32 -157,640
1 9 4,74 19,07 -157,664
1 9 4,93 18,89 -157,640
1 9 5,18 18,82 -157,670
1 9 5,43 18,89 -157,658
1 9 5,61 19,07 -157,707
1 10 -5,18 19,32 -157,676
1 10 -4,68 19,32 -157,713
1 10 -4,74 19,57 -157,658
1 10 -4,93 19,75 -157,676
1 10 -5,18 19,82 -157,682
1 10 -5,43 19,75 -157,597
1 10 -5,61 19,57 -157,634
1 10 -5,68 19,32 -157,658
1 10 -5,61 19,07 -157,689
1 10 -5,43 18,89 -157,670
1 10 -5,18 18,82 -157,664
1 10 -4,93 18,89 -157,670
1 10 -4,74 19,07 -157,682
1 11 -10,00 17,32 -157,664
1 11 -9,50 17,32 -157,658
1 11 -9,57 17,57 -157,676
1 11 -9,75 17,75 -157,652
1 11 -10,00 17,82 -157,676
1 11 -10,25 17,75 -157,676
1 11 -10,43 17,57 -157,670
1 11 -10,50 17,32 -157,640
1 11 -10,43 17,07 -157,664
1 11 -10,25 16,89 -157,676
1 11 -10,00 16,82 -157,676
1 11 -9,75 16,89 -157,658
1 11 -9,57 17,07 -157,689
1 12 -14,14 14,14 -157,670
1 12 -13,64 14,14 -157,658
1 12 -13,71 14,39 -157,658
1 12 -13,89 14,58 -157,689
1 12 -14,14 14,64 -157,664
1 12 -14,39 14,58 -157,658
1 12 -14,58 14,39 -157,719
1 12 -14,64 14,14 -157,682
1 12 -14,58 13,89 -157,682
1 12 -14,39 13,71 -157,658
1 12 -14,14 13,64 -157,628
1 12 -13,89 13,71 -157,634
1 12 -13,71 13,89 -157,689
1 13 -17,32 10,00 -157,634
1 13 -16,82 10,00 -157,646
1 13 -16,89 10,25 -157,603
1 13 -17,07 10,43 -157,658
1 13 -17,32 10,50 -157,658
1 13 -17,57 10,43 -157,634
1 13 -17,75 10,25 -157,676
1 13 -17,82 10,00 -157,658
1 13 -17,75 9,75 -157,695
1 13 -17,57 9,57 -157,628
1 13 -17,32 9,50 -157,640
1 13 -17,07 9,57 -157,664
1 13 -16,89 9,75 -157,634
1 14 -19,32 5,18 -157,664
1 14 -18,82 5,18 -157,676
1 14 -18,89 5,43 -157,701
1 14 -19,07 5,61 -157,689
1 14 -19,32 5,68 -157,634
1 14 -19,57 5,61 -157,664
1 14 -19,75 5,43 -157,670
1 14 -19,82 5,18 -157,658
1 14 -19,75 4,93 -157,664
1 14 -19,57 4,74 -157,634
1 14 -19,32 4,68 -157,640
1 14 -19,07 4,74 -157,658
1 14 -18,89 4,93 -157,652
1 15 -12,56 3,36 -157,670
1 15 -12,06 3,36 -157,664
1 15 -12,12 3,61 -157,682
1 15 -12,31 3,80 -157,676
1 15 -12,56 3,86 -157,725
1 15 -12,81 3,80 -157,621
1 15 -12,99 3,61 -157,676
1 15 -13,06 3,36 -157,670
1 15 -12,99 3,11 -157,682
1 15 -12,81 2,93 -157,670
1 15 -12,56 2,86 -157,621
1 15 -12,31 2,93 -157,682
1 15 -12,12 3,11 -157,621
1 16 -9,19 9,19 -157,652
1 16 -8,69 9,19 -157,676
1 16 -8,76 9,44 -157,658
1 16 -8,94 9,63 -157,676
1 16 -9,19 9,69 -157,658
1 16 -9,44 9,63 -157,640
1 16 -9,63 9,44 -157,658
1 16 -9,69 9,19 -157,664
1 16 -9,63 8,94 -157,652
1 16 -9,44 8,76 -157,658
1 16 -9,19 8,69 -157,628
1 16 -8,94 8,76 -157,682
1 16 -8,76 8,94 -157,652
1 17 -3,36 12,56 -157,664
1 17 -2,86 12,56 -157,664
1 17 -2,93 12,81 -157,713
1 17 -3,11 12,99 -157,664
1 17 -3,36 13,06 -157,664
1 17 -3,61 12,99 -157,689
1 17 -3,80 12,81 -157,609
1 17 -3,86 12,56 -157,609
1 17 -3,80 12,31 -157,658
1 17 -3,61 12,12 -157,652
1 17 -3,36 12,06 -157,670
1 17 -3,11 12,12 -157,640
1 17 -2,93 12,31 -157,682
1 18 -4,24 4,24 -157,658
1 18 -3,74 4,24 -157,689
1 18 -3,81 4,49 -157,676
1 18 -3,99 4,68 -157,646
1 18 -4,24 4,74 -157,658
1 18 -4,49 4,68 -157,634
1 18 -4,68 4,49 -157,689
1 18 -4,74 4,24 -157,658
1 18 -4,68 3,99 -157,646
1 18 -4,49 3,81 -157,707
1 18 -4,24 3,74 -157,634
1 18 -3,99 3,81 -157,658
1 18 -3,81 3,99 -157,689
1 19 -4,24 -4,24 -157,640
1 19 -3,74 -4,24 -157,658
1 19 -3,81 -3,99 -157,652
1 19 -3,99 -3,81 -157,689
1 19 -4,24 -3,74 -157,646
1 19 -4,49 -3,81 -157,658
1 19 -4,68 -3,99 -157,682
1 19 -4,74 -4,24 -157,664
1 19 -4,68 -4,49 -157,664
1 19 -4,49 -4,68 -157,707
1 19 -4,24 -4,74 -157,676
1 19 -3,99 -4,68 -157,664
1 19 -3,81 -4,49 -157,646
1 20 -3,36 -12,56 -157,634
1 20 -2,86 -12,56 -157,664
1 20 -2,93 -12,31 -157,640
1 20 -3,11 -12,12 -157,664
1 20 -3,36 -12,06 -157,646
1 20 -3,61 -12,12 -157,658
1 20 -3,80 -12,31 -157,682
1 20 -3,86 -12,56 -157,652
1 20 -3,80 -12,81 -157,670
1 20 -3,61 -12,99 -157,621
1 20 -3,36 -13,06 -157,682
1 20 -3,11 -12,99 -157,689
1 20 -2,93 -12,81 -157,670
1 21 -9,19 -9,19 -157,640
1 21 -8,69 -9,19 -157,664
1 21 -8,76 -8,94 -157,658
1 21 -8,94 -8,76 -157,628
1 21 -9,19 -8,69 -157,640
1 21 -9,44 -8,76 -157,682
1 21 -9,63 -8,94 -157,652
1 21 -9,69 -9,19 -157,670
1 21 -9,63 -9,44 -157,658
1 21 -9,44 -9,63 -157,676
1 21 -9,19 -9,69 -157,646
1 21 -8,94 -9,63 -157,682
1 21 -8,76 -9,44 -157,719
1 22 -12,56 -3,36 -157,640
1 22 -12,06 -3,36 -157,628
1 22 -12,12 -3,11 -157,634
1 22 -12,31 -2,93 -157,682
1 22 -12,56 -2,86 -157,628
1 22 -12,81 -2,93 -157,615
1 22 -12,99 -3,11 -157,634
1 22 -13,06 -3,36 -157,591
1 22 -12,99 -3,61 -157,518
1 22 -12,81 -3,80 -157,512
1 22 -12,56 -3,86 -157,579
1 22 -12,31 -3,80 -157,652
1 22 -12,12 -3,61 -157,725
1 23 -19,32 -5,18 -157,658
1 23 -18,82 -5,18 -157,658
1 23 -18,89 -4,93 -157,664
1 23 -19,07 -4,74 -157,664
1 23 -19,32 -4,68 -157,609
1 23 -19,57 -4,74 -157,658
1 23 -19,75 -4,93 -157,701
1 23 -19,82 -5,18 -157,682
1 23 -19,75 -5,43 -157,664
1 23 -19,57 -5,61 -157,658
1 23 -19,32 -5,68 -157,664
1 23 -19,07 -5,61 -157,658
1 23 -18,89 -5,43 -157,664
1 24 -17,32 -10,00 -157,676
1 24 -16,82 -10,00 -157,646
1 24 -16,89 -9,75 -157,658
1 24 -17,07 -9,57 -157,670
1 24 -17,32 -9,50 -157,640
1 24 -17,57 -9,57 -157,664
1 24 -17,75 -9,75 -157,615
1 24 -17,82 -10,00 -157,676
1 24 -17,75 -10,25 -157,658
1 24 -17,57 -10,43 -157,615
1 24 -17,32 -10,50 -157,634
1 24 -17,07 -10,43 -157,664
1 24 -16,89 -10,25 -157,658
1 25 -14,14 -14,14 -157,689
1 25 -13,64 -14,14 -157,640
1 25 -13,71 -13,89 -157,640
1 25 -13,89 -13,71 -157,640
1 25 -14,14 -13,64 -157,621
1 25 -14,39 -13,71 -157,664
1 25 -14,58 -13,89 -157,621
1 25 -14,64 -14,14 -157,658
1 25 -14,58 -14,39 -157,658
1 25 -14,39 -14,58 -157,628
1 25 -14,14 -14,64 -157,658
1 25 -13,89 -14,58 -157,658
1 25 -13,71 -14,39 -157,628
1 26 -10,00 -17,32 -157,719
1 26 -9,50 -17,32 -157,676
1 26 -9,57 -17,07 -157,658
1 26 -9,75 -16,89 -157,658
1 26 -10,00 -16,82 -157,658
1 26 -10,25 -16,89 -157,689
1 26 -10,43 -17,07 -157,640
1 26 -10,50 -17,32 -157,621
1 26 -10,43 -17,57 -157,652
1 26 -10,25 -17,75 -157,689
1 26 -10,00 -17,82 -157,689
1 26 -9,75 -17,75 -157,658
1 26 -9,57 -17,57 -157,713
1 27 -5,18 -19,32 -157,670
1 27 -4,68 -19,32 -157,634
1 27 -4,74 -19,07 -157,652
1 27 -4,93 -18,89 -157,658
1 27 -5,18 -18,82 -157,664
1 27 -5,43 -18,89 -157,664
1 27 -5,61 -19,07 -157,658
1 27 -5,68 -19,32 -157,689
1 27 -5,61 -19,57 -157,664
1 27 -5,43 -19,75 -157,646
1 27 -5,18 -19,82 -157,695
1 27 -4,93 -19,75 -157,646
1 27 -4,74 -19,57 -157,634
1 28 5,18 -19,32 -157,682
1 28 5,68 -19,32 -157,634
1 28 5,61 -19,07 -157,658
1 28 5,43 -18,89 -157,676
1 28 5,18 -18,82 -157,682
1 28 4,93 -18,89 -157,658
1 28 4,74 -19,07 -157,676
1 28 4,68 -19,32 -157,719
1 28 4,74 -19,57 -157,664
1 28 4,93 -19,75 -157,652
1 28 5,18 -19,82 -157,670
1 28 5,43 -19,75 -157,652
1 28 5,61 -19,57 -157,682
1 29 10,00 -17,32 -157,664
1 29 10,50 -17,32 -157,670
1 29 10,43 -17,07 -157,658
1 29 10,25 -16,89 -157,646
1 29 10,00 -16,82 -157,689
1 29 9,75 -16,89 -157,646
1 29 9,57 -17,07 -157,634
1 29 9,50 -17,32 -157,689
1 29 9,57 -17,57 -157,634
1 29 9,75 -17,75 -157,646
1 29 10,00 -17,82 -157,695
1 29 10,25 -17,75 -157,670
1 29 10,43 -17,57 -157,646
1 30 14,14 -14,14 -157,664
1 30 14,64 -14,14 -157,658
1 30 14,58 -13,89 -157,646
1 30 14,39 -13,71 -157,664
1 30 14,14 -13,64 -157,682
1 30 13,89 -13,71 -157,664
1 30 13,71 -13,89 -157,646
1 30 13,64 -14,14 -157,664
1 30 13,71 -14,39 -157,658
1 30 13,89 -14,58 -157,664
1 30 14,14 -14,64 -157,689
1 30 14,39 -14,58 -157,664
1 30 14,58 -14,39 -157,646
1 31 17,32 -10,00 -157,652
1 31 17,82 -10,00 -157,670
1 31 17,75 -9,75 -157,640
1 31 17,57 -9,57 -157,646
1 31 17,32 -9,50 -157,658
1 31 17,07 -9,57 -157,640
1 31 16,89 -9,75 -157,670
1 31 16,82 -10,00 -157,664
1 31 16,89 -10,25 -157,682
1 31 17,07 -10,43 -157,628
1 31 17,32 -10,50 -157,695
1 31 17,57 -10,43 -157,658
1 31 17,75 -10,25 -157,646
1 32 19,32 -5,18 -157,676
1 32 19,82 -5,18 -157,658
1 32 19,75 -4,93 -157,682
1 32 19,57 -4,74 -157,670
1 32 19,32 -4,68 -157,646
1 32 19,07 -4,74 -157,719
1 32 18,89 -4,93 -157,670
1 32 18,82 -5,18 -157,701
1 32 18,89 -5,43 -157,652
1 32 19,07 -5,61 -157,664
1 32 19,32 -5,68 -157,682
1 32 19,57 -5,61 -157,664
1 32 19,75 -5,43 -157,731
1 33 12,56 -3,36 -157,689
1 33 13,06 -3,36 -157,621
1 33 12,99 -3,11 -157,676
1 33 12,81 -2,93 -157,628
1 33 12,56 -2,86 -157,682
1 33 12,31 -2,93 -157,658
1 33 12,12 -3,11 -157,634
1 33 12,06 -3,36 -157,689
1 33 12,12 -3,61 -157,701
1 33 12,31 -3,80 -157,664
1 33 12,56 -3,86 -157,640
1 33 12,81 -3,80 -157,652
1 33 12,99 -3,61 -157,646
1 34 9,19 -9,19 -157,628
1 34 9,69 -9,19 -157,658
1 34 9,63 -8,94 -157,670
1 34 9,44 -8,76 -157,652
1 34 9,19 -8,69 -157,628
1 34 8,94 -8,76 -157,664
1 34 8,76 -8,94 -157,621
1 34 8,69 -9,19 -157,634
1 34 8,76 -9,44 -157,695
1 34 8,94 -9,63 -157,658
1 34 9,19 -9,69 -157,676
1 34 9,44 -9,63 -157,682
1 34 9,63 -9,44 -157,664
1 35 3,36 -12,56 -157,652
1 35 3,86 -12,56 -157,640
1 35 3,80 -12,31 -157,676
1 35 3,61 -12,12 -157,664
1 35 3,36 -12,06 -157,682
1 35 3,11 -12,12 -157,634
1 35 2,93 -12,31 -157,658
1 35 2,86 -12,56 -157,621
1 35 2,93 -12,81 -157,670
1 35 3,11 -12,99 -157,664
1 35 3,36 -13,06 -157,670
1 35 3,61 -12,99 -157,658
1 35 3,80 -12,81 -157,670
1 36 4,24 -4,24 -157,658
1 36 4,74 -4,24 -157,701
1 36 4,68 -3,99 -157,646
1 36 4,49 -3,81 -157,695
1 36 4,24 -3,74 -157,621
1 36 3,99 -3,81 -157,701
1 36 3,81 -3,99 -157,640
1 36 3,74 -4,24 -157,676
1 36 3,81 -4,49 -157,707
1 36 3,99 -4,68 -157,658
1 36 4,24 -4,74 -157,652
1 36 4,49 -4,68 -157,682
1 36 4,68 -4,49 -157,682
1 37 27,00 0,00 -157,634
1 37 27,50 0,00 -157,646
1 37 27,43 0,25 -157,658
1 37 27,25 0,43 -157,664
1 37 27,00 0,50 -157,658
1 37 26,75 0,43 -157,634
1 37 26,57 0,25 -157,634
1 37 26,50 0,00 -157,621
1 37 26,57 -0,25 -157,658
1 37 26,75 -0,43 -157,695
1 37 27,00 -0,50 -157,676
1 37 27,25 -0,43 -157,634
1 37 27,43 -0,25 -157,664
1 38 26,08 6,99 -157,640
1 38 26,58 6,99 -157,664
1 38 26,51 7,24 -157,652
1 38 26,33 7,42 -157,640
1 38 26,08 7,49 -157,652
1 38 25,83 7,42 -157,695
1 38 25,65 7,24 -157,652
1 38 25,58 6,99 -157,658
1 38 25,65 6,74 -157,652
1 38 25,83 6,56 -157,652
1 38 26,08 6,49 -157,640
1 38 26,33 6,56 -157,646
1 38 26,51 6,74 -157,689
1 39 23,38 13,50 -157,664
1 39 23,88 13,50 -157,664
1 39 23,82 13,75 -157,664
1 39 23,63 13,93 -157,658
1 39 23,38 14,00 -157,634
1 39 23,13 13,93 -157,646
1 39 22,95 13,75 -157,658
1 39 22,88 13,50 -157,628
1 39 22,95 13,25 -157,664
1 39 23,13 13,07 -157,658
1 39 23,38 13,00 -157,695
1 39 23,63 13,07 -157,652
1 39 23,82 13,25 -157,658
1 40 19,09 19,09 -157,664
1 40 19,59 19,09 -157,670
1 40 19,52 19,34 -157,676
1 40 19,34 19,52 -157,640
1 40 19,09 19,59 -157,640
1 40 18,84 19,52 -157,628
1 40 18,66 19,34 -157,628
1 40 18,59 19,09 -157,652
1 40 18,66 18,84 -157,634
1 40 18,84 18,66 -157,658
1 40 19,09 18,59 -157,682
1 40 19,34 18,66 -157,652
1 40 19,52 18,84 -157,689
1 41 13,50 23,38 -157,658
1 41 14,00 23,38 -157,609
1 41 13,93 23,63 -157,634
1 41 13,75 23,82 -157,707
1 41 13,50 23,88 -157,664
1 41 13,25 23,82 -157,664
1 41 13,07 23,63 -157,603
1 41 13,00 23,38 -157,615
1 41 13,07 23,13 -157,682
1 41 13,25 22,95 -157,652
1 41 13,50 22,88 -157,695
1 41 13,75 22,95 -157,676
1 41 13,93 23,13 -157,658
1 42 6,99 26,08 -157,566
1 42 7,49 26,08 -157,560
1 42 7,42 26,33 -157,621
1 42 7,24 26,51 -157,554
1 42 6,99 26,58 -157,536
1 42 6,74 26,51 -157,628
1 42 6,56 26,33 -157,499
1 42 6,49 26,08 -157,469
1 42 6,56 25,83 -157,524
1 42 6,74 25,65 -157,548
1 42 6,99 25,58 -157,585
1 42 7,24 25,65 -157,640
1 42 7,42 25,83 -157,591
1 43 0,00 27,00 -157,676
1 43 0,50 27,00 -157,652
1 43 0,43 27,25 -157,640
1 43 0,25 27,43 -157,682
1 43 0,00 27,50 -157,652
1 43 -0,25 27,43 -157,628
1 43 -0,43 27,25 -157,628
1 43 -0,50 27,00 -157,640
1 43 -0,43 26,75 -157,646
1 43 -0,25 26,57 -157,652
1 43 0,00 26,50 -157,689
1 43 0,25 26,57 -157,646
1 43 0,43 26,75 -157,621
1 44 -6,99 26,08 -157,615
1 44 -6,49 26,08 -157,640
1 44 -6,56 26,33 -157,658
1 44 -6,74 26,51 -157,658
1 44 -6,99 26,58 -157,585
1 44 -7,24 26,51 -157,640
1 44 -7,42 26,33 -157,609
1 44 -7,49 26,08 -157,621
1 44 -7,42 25,83 -157,658
1 44 -7,24 25,65 -157,652
1 44 -6,99 25,58 -157,634
1 44 -6,74 25,65 -157,628
1 44 -6,56 25,83 -157,634
1 45 -13,50 23,38 -157,628
1 45 -13,00 23,38 -157,652
1 45 -13,07 23,63 -157,658
1 45 -13,25 23,82 -157,646
1 45 -13,50 23,88 -157,628
1 45 -13,75 23,82 -157,658
1 45 -13,93 23,63 -157,640
1 45 -14,00 23,38 -157,640
1 45 -13,93 23,13 -157,695
1 45 -13,75 22,95 -157,640
1 45 -13,50 22,88 -157,615
1 45 -13,25 22,95 -157,652
1 45 -13,07 23,13 -157,652
1 46 -19,09 19,09 -157,646
1 46 -18,59 19,09 -157,713
1 46 -18,66 19,34 -157,646
1 46 -18,84 19,52 -157,652
1 46 -19,09 19,59 -157,640
1 46 -19,34 19,52 -157,658
1 46 -19,52 19,34 -157,664
1 46 -19,59 19,09 -157,658
1 46 -19,52 18,84 -157,634
1 46 -19,34 18,66 -157,628
1 46 -19,09 18,59 -157,646
1 46 -18,84 18,66 -157,695
1 46 -18,66 18,84 -157,664
1 47 -23,38 13,50 -157,695
1 47 -22,88 13,50 -157,658
1 47 -22,95 13,75 -157,682
1 47 -23,13 13,93 -157,658
1 47 -23,38 14,00 -157,646
1 47 -23,63 13,93 -157,634
1 47 -23,82 13,75 -157,676
1 47 -23,88 13,50 -157,621
1 47 -23,82 13,25 -157,682
1 47 -23,63 13,07 -157,652
1 47 -23,38 13,00 -157,634
1 47 -23,13 13,07 -157,628
1 47 -22,95 13,25 -157,615
1 48 -26,08 6,99 -157,634
1 48 -25,58 6,99 -157,670
1 48 -25,65 7,24 -157,652
1 48 -25,83 7,42 -157,646
1 48 -26,08 7,49 -157,676
1 48 -26,33 7,42 -157,682
1 48 -26,51 7,24 -157,658
1 48 -26,58 6,99 -157,640
1 48 -26,51 6,74 -157,646
1 48 -26,33 6,56 -157,640
1 48 -26,08 6,49 -157,664
1 48 -25,83 6,56 -157,652
1 48 -25,65 6,74 -157,689
1 49 -27,00 0,00 -157,658
1 49 -26,50 0,00 -157,658
1 49 -26,57 0,25 -157,676
1 49 -26,75 0,43 -157,682
1 49 -27,00 0,50 -157,676
1 49 -27,25 0,43 -157,628
1 49 -27,43 0,25 -157,676
1 49 -27,50 0,00 -157,634
1 49 -27,43 -0,25 -157,658
1 49 -27,25 -0,43 -157,658
1 49 -27,00 -0,50 -157,640
1 49 -26,75 -0,43 -157,634
1 49 -26,57 -0,25 -157,634
1 50 -26,08 -6,99 -157,658
1 50 -25,58 -6,99 -157,658
1 50 -25,65 -6,74 -157,658
1 50 -25,83 -6,56 -157,634
1 50 -26,08 -6,49 -157,646
1 50 -26,33 -6,56 -157,664
1 50 -26,51 -6,74 -157,640
1 50 -26,58 -6,99 -157,640
1 50 -26,51 -7,24 -157,640
1 50 -26,33 -7,42 -157,652
1 50 -26,08 -7,49 -157,609
1 50 -25,83 -7,42 -157,670
1 50 -25,65 -7,24 -157,652
1 51 -23,38 -13,50 -157,658
1 51 -22,88 -13,50 -157,664
1 51 -22,95 -13,25 -157,664
1 51 -23,13 -13,07 -157,646
1 51 -23,38 -13,00 -157,682
1 51 -23,63 -13,07 -157,658
1 51 -23,82 -13,25 -157,664
1 51 -23,88 -13,50 -157,646
1 51 -23,82 -13,75 -157,640
1 51 -23,63 -13,93 -157,676
1 51 -23,38 -14,00 -157,676
1 51 -23,13 -13,93 -157,689
1 51 -22,95 -13,75 -157,689
1 52 -19,09 -19,09 -157,621
1 52 -18,59 -19,09 -157,628
1 52 -18,66 -18,84 -157,609
1 52 -18,84 -18,66 -157,609
1 52 -19,09 -18,59 -157,652
1 52 -19,34 -18,66 -157,634
1 52 -19,52 -18,84 -157,634
1 52 -19,59 -19,09 -157,615
1 52 -19,52 -19,34 -157,597
1 52 -19,34 -19,52 -157,658
1 52 -19,09 -19,59 -157,646
1 52 -18,84 -19,52 -157,615
1 52 -18,66 -19,34 -157,615
1 53 -13,50 -23,38 -157,628
1 53 -13,00 -23,38 -157,560
1 53 -13,07 -23,13 -157,542
1 53 -13,25 -22,95 -157,621
1 53 -13,50 -22,88 -157,603
1 53 -13,75 -22,95 -157,597
1 53 -13,93 -23,13 -157,628
1 53 -14,00 -23,38 -157,566
1 53 -13,93 -23,63 -157,585
1 53 -13,75 -23,82 -157,615
1 53 -13,50 -23,88 -157,566
1 53 -13,25 -23,82 -157,579
1 53 -13,07 -23,63 -157,573
1 54 -6,99 -26,08 -157,682
1 54 -6,49 -26,08 -157,658
1 54 -6,56 -25,83 -157,689
1 54 -6,74 -25,65 -157,579
1 54 -6,99 -25,58 -157,646
1 54 -7,24 -25,65 -157,634
1 54 -7,42 -25,83 -157,713
1 54 -7,49 -26,08 -157,670
1 54 -7,42 -26,33 -157,695
1 54 -7,24 -26,51 -157,652
1 54 -6,99 -26,58 -157,664
1 54 -6,74 -26,51 -157,640
1 54 -6,56 -26,33 -157,634
1 55 -0,00 -27,00 -157,628
1 55 0,50 -27,00 -157,646
1 55 0,43 -26,75 -157,640
1 55 0,25 -26,57 -157,615
1 55 -0,00 -26,50 -157,658
1 55 -0,25 -26,57 -157,689
1 55 -0,43 -26,75 -157,628
1 55 -0,50 -27,00 -157,652
1 55 -0,43 -27,25 -157,628
1 55 -0,25 -27,43 -157,646
1 55 -0,00 -27,50 -157,609
1 55 0,25 -27,43 -157,658
1 55 0,43 -27,25 -157,621
1 56 6,99 -26,08 -157,628
1 56 7,49 -26,08 -157,615
1 56 7,42 -25,83 -157,634
1 56 7,24 -25,65 -157,609
1 56 6,99 -25,58 -157,640
1 56 6,74 -25,65 -157,634
1 56 6,56 -25,83 -157,621
1 56 6,49 -26,08 -157,658
1 56 6,56 -26,33 -157,664
1 56 6,74 -26,51 -157,664
1 56 6,99 -26,58 -157,628
1 56 7,24 -26,51 -157,621
1 56 7,42 -26,33 -157,658
1 57 13,50 -23,38 -157,609
1 57 14,00 -23,38 -157,615
1 57 13,93 -23,13 -157,658
1 57 13,75 -22,95 -157,646
1 57 13,50 -22,88 -157,640
1 57 13,25 -22,95 -157,701
1 57 13,07 -23,13 -157,603
1 57 13,00 -23,38 -157,676
1 57 13,07 -23,63 -157,615
1 57 13,25 -23,82 -157,670
1 57 13,50 -23,88 -157,634
1 57 13,75 -23,82 -157,658
1 57 13,93 -23,63 -157,652
1 58 19,09 -19,09 -157,713
1 58 19,59 -19,09 -157,652
1 58 19,52 -18,84 -157,682
1 58 19,34 -18,66 -157,689
1 58 19,09 -18,59 -157,664
1 58 18,84 -18,66 -157,634
1 58 18,66 -18,84 -157,676
1 58 18,59 -19,09 -157,676
1 58 18,66 -19,34 -157,695
1 58 18,84 -19,52 -157,670
1 58 19,09 -19,59 -157,689
1 58 19,34 -19,52 -157,701
1 58 19,52 -19,34 -157,621
1 59 23,38 -13,50 -157,658
1 59 23,88 -13,50 -157,664
1 59 23,82 -13,25 -157,652
1 59 23,63 -13,07 -157,652
1 59 23,38 -13,00 -157,652
1 59 23,13 -13,07 -157,676
1 59 22,95 -13,25 -157,621
1 59 22,88 -13,50 -157,597
1 59 22,95 -13,75 -157,634
1 59 23,13 -13,93 -157,664
1 59 23,38 -14,00 -157,585
1 59 23,63 -13,93 -157,634
1 59 23,82 -13,75 -157,652
1 60 26,08 -6,99 -157,664
1 60 26,58 -6,99 -157,664
1 60 26,51 -6,74 -157,664
1 60 26,33 -6,56 -157,652
1 60 26,08 -6,49 -157,646
1 60 25,83 -6,56 -157,658
1 60 25,65 -6,74 -157,664
1 60 25,58 -6,99 -157,664
1 60 25,65 -7,24 -157,682
1 60 25,83 -7,42 -157,646
1 60 26,08 -7,49 -157,658
1 60 26,33 -7,42 -157,609
1 60 26,51 -7,24 -157,640
