1 1 1 4,24 4,24 -156,529 1639582932
1 1 1 4,74 4,24 -156,474 1639582933
1 1 1 4,68 4,49 -156,462 1639582933
1 1 1 4,49 4,68 -156,492 1639582934
1 1 1 4,24 4,74 -156,529 1639582934
1 1 1 3,99 4,68 -156,474 1639582934
1 1 1 3,81 4,49 -156,388 1639582935
1 1 1 3,74 4,24 -156,431 1639582935
1 1 1 3,81 3,99 -156,498 1639582936
1 1 1 3,99 3,81 -156,468 1639582936
1 1 1 4,24 3,74 -156,523 1639582937
1 1 1 4,49 3,81 -156,492 1639582937
1 1 1 4,68 3,99 -156,468 1639582937
1 1 2 3,36 12,56 -156,572 1639582938
1 1 2 3,86 12,56 -156,437 1639582939
1 1 2 3,80 12,81 -156,468 1639582939
1 1 2 3,61 12,99 -156,492 1639582939
1 1 2 3,36 13,06 -156,517 1639582940
1 1 2 3,11 12,99 -156,480 1639582940
1 1 2 2,93 12,81 -156,480 1639582941
1 1 2 2,86 12,56 -156,480 1639582941
1 1 2 2,93 12,31 -156,474 1639582941
1 1 2 3,11 12,12 -156,498 1639582942
1 1 2 3,36 12,06 -156,535 1639582942
1 1 2 3,61 12,12 -156,504 1639582943
1 1 2 3,80 12,31 -156,437 1639582943
1 1 3 9,19 9,19 -156,474 1639582944
1 1 3 9,69 9,19 -156,572 1639582944
1 1 3 9,63 9,44 -156,529 1639582945
1 1 3 9,44 9,63 -156,559 1639582945
1 1 3 9,19 9,69 -156,504 1639582945
1 1 3 8,94 9,63 -156,541 1639582946
1 1 3 8,76 9,44 -156,486 1639582946
1 1 3 8,69 9,19 -156,468 1639582947
1 1 3 8,76 8,94 -156,529 1639582947
1 1 3 8,94 8,76 -156,480 1639582948
1 1 3 9,19 8,69 -156,529 1639582948
1 1 3 9,44 8,76 -156,474 1639582949
1 1 3 9,63 8,94 -156,541 1639582949
1 1 4 12,56 3,36 -156,529 1639582950
1 1 4 13,06 3,36 -156,468 1639582950
1 1 4 12,99 3,61 -156,456 1639582951
1 1 4 12,81 3,80 -156,462 1639582951
1 1 4 12,56 3,86 -156,517 1639582951
1 1 4 12,31 3,80 -156,474 1639582952
1 1 4 12,12 3,61 -156,517 1639582952
1 1 4 12,06 3,36 -156,572 1639582952
1 1 4 12,12 3,11 -156,535 1639582953
1 1 4 12,31 2,93 -156,529 1639582953
1 1 4 12,56 2,86 -156,517 1639582954
1 1 4 12,81 2,93 -156,480 1639582954
1 1 4 12,99 3,11 -156,504 1639582955
1 1 5 19,32 5,18 -156,468 1639582956
1 1 5 19,82 5,18 -156,498 1639582956
1 1 5 19,75 5,43 -156,529 1639582956
1 1 5 19,57 5,61 -156,468 1639582957
1 1 5 19,32 5,68 -156,498 1639582958
1 1 5 19,07 5,61 -156,572 1639582958
1 1 5 18,89 5,43 -156,480 1639582958
1 1 5 18,82 5,18 -156,486 1639582959
1 1 5 18,89 4,93 -156,498 1639582960
1 1 5 19,07 4,74 -156,553 1639582960
1 1 5 19,32 4,68 -156,462 1639582961
1 1 5 19,57 4,74 -156,559 1639582961
1 1 5 19,75 4,93 -156,468 1639582961
1 1 6 17,32 10,00 -156,511 1639582962
1 1 6 17,82 10,00 -156,523 1639582963
1 1 6 17,75 10,25 -156,480 1639582964
1 1 6 17,57 10,43 -156,504 1639582964
1 1 6 17,32 10,50 -156,553 1639582965
1 1 6 17,07 10,43 -156,511 1639582965
1 1 6 16,89 10,25 -156,474 1639582965
1 1 6 16,82 10,00 -156,517 1639582966
1 1 6 16,89 9,75 -156,468 1639582967
1 1 6 17,07 9,57 -156,498 1639582967
1 1 6 17,32 9,50 -156,523 1639582967
1 1 6 17,57 9,57 -156,480 1639582968
1 1 6 17,75 9,75 -156,523 1639582968
1 1 7 14,14 14,14 -156,462 1639582969
1 1 7 14,64 14,14 -156,498 1639582970
1 1 7 14,58 14,39 -156,523 1639582970
1 1 7 14,39 14,58 -156,498 1639582971
1 1 7 14,14 14,64 -156,511 1639582971
1 1 7 13,89 14,58 -156,529 1639582972
1 1 7 13,71 14,39 -156,578 1639582972
1 1 7 13,64 14,14 -156,529 1639582973
1 1 7 13,71 13,89 -156,523 1639582973
1 1 7 13,89 13,71 -156,517 1639582973
1 1 7 14,14 13,64 -156,462 1639582974
1 1 7 14,39 13,71 -156,511 1639582975
1 1 7 14,58 13,89 -156,529 1639582975
1 1 8 10,00 17,32 -156,462 1639582976
1 1 8 10,50 17,32 -156,498 1639582976
1 1 8 10,43 17,57 -156,498 1639582977
1 1 8 10,25 17,75 -156,498 1639582978
1 1 8 10,00 17,82 -156,511 1639582978
1 1 8 9,75 17,75 -156,492 1639582979
1 1 8 9,57 17,57 -156,486 1639582979
1 1 8 9,50 17,32 -156,529 1639582980
1 1 8 9,57 17,07 -156,468 1639582980
1 1 8 9,75 16,89 -156,559 1639582981
1 1 8 10,00 16,82 -156,535 1639582981
1 1 8 10,25 16,89 -156,504 1639582982
1 1 8 10,43 17,07 -156,468 1639582982
1 1 9 5,18 19,32 -156,535 1639582983
1 1 9 5,68 19,32 -156,559 1639582984
1 1 9 5,61 19,57 -156,553 1639582984
1 1 9 5,43 19,75 -156,498 1639582985
1 1 9 5,18 19,82 -156,523 1639582985
1 1 9 4,93 19,75 -156,504 1639582986
1 1 9 4,74 19,57 -156,559 1639582986
1 1 9 4,68 19,32 -156,511 1639582987
1 1 9 4,74 19,07 -156,523 1639582987
1 1 9 4,93 18,89 -156,541 1639582988
1 1 9 5,18 18,82 -156,529 1639582988
1 1 9 5,43 18,89 -156,523 1639582989
1 1 9 5,61 19,07 -156,517 1639582989
1 1 10 -5,18 19,32 -156,431 1639582990
1 1 10 -4,68 19,32 -156,480 1639582991
1 1 10 -4,74 19,57 -156,511 1639582991
1 1 10 -4,93 19,75 -156,486 1639582992
1 1 10 -5,18 19,82 -156,504 1639582992
1 1 10 -5,43 19,75 -156,456 1639582993
1 1 10 -5,61 19,57 -156,102 1639582993
1 1 10 -5,68 19,32 -156,492 1639582994
1 1 10 -5,61 19,07 -156,535 1639582994
1 1 10 -5,43 18,89 -156,449 1639582995
1 1 10 -5,18 18,82 -156,498 1639582995
1 1 10 -4,93 18,89 -156,572 1639582996
1 1 10 -4,74 19,07 -156,468 1639582996
1 1 11 -10,00 17,32 -156,504 1639582997
1 1 11 -9,50 17,32 -156,517 1639582997
1 1 11 -9,57 17,57 -156,462 1639582998
1 1 11 -9,75 17,75 -156,443 1639582998
1 1 11 -10,00 17,82 -156,541 1639582999
1 1 11 -10,25 17,75 -156,462 1639582999
1 1 11 -10,43 17,57 -156,480 1639583000
1 1 11 -10,50 17,32 -156,492 1639583000
1 1 11 -10,43 17,07 -156,511 1639583001
1 1 11 -10,25 16,89 -156,480 1639583001
1 1 11 -10,00 16,82 -156,480 1639583002
1 1 11 -9,75 16,89 -156,523 1639583002
1 1 11 -9,57 17,07 -156,462 1639583002
1 1 12 -14,14 14,14 -156,547 1639583003
1 1 12 -13,64 14,14 -156,511 1639583004
1 1 12 -13,71 14,39 -156,504 1639583004
1 1 12 -13,89 14,58 -156,480 1639583005
1 1 12 -14,14 14,64 -156,517 1639583005
1 1 12 -14,39 14,58 -156,480 1639583006
1 1 12 -14,58 14,39 -156,498 1639583006
1 1 12 -14,64 14,14 -156,633 1639583007
1 1 12 -14,58 13,89 -156,541 1639583007
1 1 12 -14,39 13,71 -156,498 1639583008
1 1 12 -14,14 13,64 -156,456 1639583008
1 1 12 -13,89 13,71 -156,547 1639583009
1 1 12 -13,71 13,89 -156,541 1639583009
1 1 13 -17,32 10,00 -156,541 1639583010
1 1 13 -16,82 10,00 -156,443 1639583011
1 1 13 -16,89 10,25 -156,602 1639583011
1 1 13 -17,07 10,43 -156,572 1639583012
1 1 13 -17,32 10,50 -156,565 1639583012
1 1 13 -17,57 10,43 -156,474 1639583013
1 1 13 -17,75 10,25 -156,504 1639583013
1 1 13 -17,82 10,00 -156,547 1639583013
1 1 13 -17,75 9,75 -156,468 1639583014
1 1 13 -17,57 9,57 -156,523 1639583014
1 1 13 -17,32 9,50 -156,498 1639583015
1 1 13 -17,07 9,57 -156,437 1639583016
1 1 13 -16,89 9,75 -156,492 1639583016
1 1 14 -19,32 5,18 -156,529 1639583017
1 1 14 -18,82 5,18 -156,498 1639583017
1 1 14 -18,89 5,43 -156,529 1639583017
1 1 14 -19,07 5,61 -156,529 1639583018
1 1 14 -19,32 5,68 -156,932 1639583019
1 1 14 -19,57 5,61 -156,572 1639583019
1 1 14 -19,75 5,43 -156,437 1639583020
1 1 14 -19,82 5,18 -156,511 1639583020
1 1 14 -19,75 4,93 -156,523 1639583021
1 1 14 -19,57 4,74 -156,401 1639583021
1 1 14 -19,32 4,68 -156,474 1639583022
1 1 14 -19,07 4,74 -156,541 1639583022
1 1 14 -18,89 4,93 -156,523 1639583022
1 1 15 -12,56 3,36 -156,523 1639583023
1 1 15 -12,06 3,36 -156,547 1639583024
1 1 15 -12,12 3,61 -156,535 1639583024
1 1 15 -12,31 3,80 -156,517 1639583025
1 1 15 -12,56 3,86 -156,504 1639583025
1 1 15 -12,81 3,80 -156,486 1639583026
1 1 15 -12,99 3,61 -156,480 1639583026
1 1 15 -13,06 3,36 -156,498 1639583027
1 1 15 -12,99 3,11 -156,541 1639583027
1 1 15 -12,81 2,93 -156,565 1639583027
1 1 15 -12,56 2,86 -156,541 1639583028
1 1 15 -12,31 2,93 -156,492 1639583029
1 1 15 -12,12 3,11 -156,547 1639583029
1 1 16 -9,19 9,19 -156,462 1639583030
1 1 16 -8,69 9,19 -156,535 1639583030
1 1 16 -8,76 9,44 -156,517 1639583031
1 1 16 -8,94 9,63 -156,492 1639583031
1 1 16 -9,19 9,69 -156,529 1639583032
1 1 16 -9,44 9,63 -156,523 1639583032
1 1 16 -9,63 9,44 -156,486 1639583033
1 1 16 -9,69 9,19 -156,517 1639583033
1 1 16 -9,63 8,94 -156,535 1639583034
1 1 16 -9,44 8,76 -156,480 1639583034
1 1 16 -9,19 8,69 -156,480 1639583035
1 1 16 -8,94 8,76 -156,572 1639583035
1 1 16 -8,76 8,94 -156,498 1639583035
1 1 17 -3,36 12,56 -156,535 1639583036
1 1 17 -2,86 12,56 -156,523 1639583037
1 1 17 -2,93 12,81 -156,559 1639583038
1 1 17 -3,11 12,99 -156,498 1639583038
1 1 17 -3,36 13,06 -156,498 1639583038
1 1 17 -3,61 12,99 -156,468 1639583039
1 1 17 -3,80 12,81 -156,474 1639583039
1 1 17 -3,86 12,56 -156,437 1639583040
1 1 17 -3,80 12,31 -156,504 1639583040
1 1 17 -3,61 12,12 -156,529 1639583041
1 1 17 -3,36 12,06 -156,492 1639583041
1 1 17 -3,11 12,12 -156,504 1639583042
1 1 17 -2,93 12,31 -156,486 1639583042
1 1 18 -4,24 4,24 -156,462 1639583043
1 1 18 -3,74 4,24 -156,523 1639583044
1 1 18 -3,81 4,49 -156,480 1639583044
1 1 18 -3,99 4,68 -156,553 1639583045
1 1 18 -4,24 4,74 -156,474 1639583045
1 1 18 -4,49 4,68 -156,511 1639583046
1 1 18 -4,68 4,49 -156,541 1639583046
1 1 18 -4,74 4,24 -156,511 1639583047
1 1 18 -4,68 3,99 -156,535 1639583047
1 1 18 -4,49 3,81 -156,449 1639583048
1 1 18 -4,24 3,74 -156,578 1639583048
1 1 18 -3,99 3,81 -156,553 1639583049
1 1 18 -3,81 3,99 -156,498 1639583049
1 1 19 -4,24 -4,24 -156,498 1639583050
1 1 19 -3,74 -4,24 -156,559 1639583050
1 1 19 -3,81 -3,99 -156,498 1639583051
1 1 19 -3,99 -3,81 -156,553 1639583051
1 1 19 -4,24 -3,74 -156,517 1639583052
1 1 19 -4,49 -3,81 -156,535 1639583053
1 1 19 -4,68 -3,99 -156,498 1639583053
1 1 19 -4,74 -4,24 -156,523 1639583054
1 1 19 -4,68 -4,49 -156,535 1639583054
1 1 19 -4,49 -4,68 -156,559 1639583055
1 1 19 -4,24 -4,74 -156,572 1639583055
1 1 19 -3,99 -4,68 -156,517 1639583056
1 1 19 -3,81 -4,49 -156,462 1639583056
1 1 20 -3,36 -12,56 -156,498 1639583057
1 1 20 -2,86 -12,56 -156,541 1639583058
1 1 20 -2,93 -12,31 -156,498 1639583058
1 1 20 -3,11 -12,12 -156,559 1639583059
1 1 20 -3,36 -12,06 -156,517 1639583059
1 1 20 -3,61 -12,12 -156,504 1639583060
1 1 20 -3,80 -12,31 -156,511 1639583060
1 1 20 -3,86 -12,56 -156,498 1639583060
1 1 20 -3,80 -12,81 -156,523 1639583061
1 1 20 -3,61 -12,99 -156,529 1639583061
1 1 20 -3,36 -13,06 -156,480 1639583062
1 1 20 -3,11 -12,99 -156,504 1639583062
1 1 20 -2,93 -12,81 -156,474 1639583063
1 1 21 -9,19 -9,19 -156,504 1639583063
1 1 21 -8,69 -9,19 -156,480 1639583064
1 1 21 -8,76 -8,94 -156,480 1639583065
1 1 21 -8,94 -8,76 -156,474 1639583065
1 1 21 -9,19 -8,69 -156,462 1639583066
1 1 21 -9,44 -8,76 -156,517 1639583066
1 1 21 -9,63 -8,94 -156,523 1639583067
1 1 21 -9,69 -9,19 -156,529 1639583067
1 1 21 -9,63 -9,44 -156,535 1639583068
1 1 21 -9,44 -9,63 -156,480 1639583068
1 1 21 -9,19 -9,69 -156,492 1639583069
1 1 21 -8,94 -9,63 -156,498 1639583069
1 1 21 -8,76 -9,44 -156,498 1639583070
1 1 22 -12,56 -3,36 -156,517 1639583071
1 1 22 -12,06 -3,36 -156,492 1639583071
1 1 22 -12,12 -3,11 -156,437 1639583072
1 1 22 -12,31 -2,93 -156,523 1639583072
1 1 22 -12,56 -2,86 -156,486 1639583073
1 1 22 -12,81 -2,93 -156,504 1639583073
1 1 22 -12,99 -3,11 -156,498 1639583074
1 1 22 -13,06 -3,36 -156,498 1639583074
1 1 22 -12,99 -3,61 -156,511 1639583074
1 1 22 -12,81 -3,80 -156,468 1639583075
1 1 22 -12,56 -3,86 -156,504 1639583075
1 1 22 -12,31 -3,80 -156,504 1639583075
1 1 22 -12,12 -3,61 -156,541 1639583076
1 1 23 -19,32 -5,18 -156,456 1639583077
1 1 23 -18,82 -5,18 -156,462 1639583078
1 1 23 -18,89 -4,93 -156,535 1639583078
1 1 23 -19,07 -4,74 -156,504 1639583078
1 1 23 -19,32 -4,68 -156,462 1639583079
1 1 23 -19,57 -4,74 -156,449 1639583080
1 1 23 -19,75 -4,93 -156,523 1639583080
1 1 23 -19,82 -5,18 -156,492 1639583080
1 1 23 -19,75 -5,43 -156,486 1639583081
1 1 23 -19,57 -5,61 -156,480 1639583081
1 1 23 -19,32 -5,68 -156,779 1639583082
1 1 23 -19,07 -5,61 -156,437 1639583082
1 1 23 -18,89 -5,43 -156,474 1639583083
1 1 24 -17,32 -10,00 -156,535 1639583083
1 1 24 -16,82 -10,00 -156,486 1639583084
1 1 24 -16,89 -9,75 -156,541 1639583085
1 1 24 -17,07 -9,57 -156,504 1639583085
1 1 24 -17,32 -9,50 -156,498 1639583086
1 1 24 -17,57 -9,57 -156,504 1639583086
1 1 24 -17,75 -9,75 -156,443 1639583086
1 1 24 -17,82 -10,00 -156,486 1639583087
1 1 24 -17,75 -10,25 -156,504 1639583088
1 1 24 -17,57 -10,43 -156,462 1639583088
1 1 24 -17,32 -10,50 -156,498 1639583088
1 1 24 -17,07 -10,43 -156,572 1639583089
1 1 24 -16,89 -10,25 -156,529 1639583089
1 1 25 -14,14 -14,14 -156,529 1639583090
1 1 25 -13,64 -14,14 -156,498 1639583091
1 1 25 -13,71 -13,89 -156,559 1639583091
1 1 25 -13,89 -13,71 -156,498 1639583091
1 1 25 -14,14 -13,64 -156,486 1639583092
1 1 25 -14,39 -13,71 -156,547 1639583093
1 1 25 -14,58 -13,89 -156,480 1639583093
1 1 25 -14,64 -14,14 -156,486 1639583093
1 1 25 -14,58 -14,39 -156,120 1639583094
1 1 25 -14,39 -14,58 -156,504 1639583094
1 1 25 -14,14 -14,64 -156,559 1639583095
1 1 25 -13,89 -14,58 -156,511 1639583095
1 1 25 -13,71 -14,39 -156,584 1639583096
1 1 26 -10,00 -17,32 -156,492 1639583096
1 1 26 -9,50 -17,32 -156,480 1639583097
1 1 26 -9,57 -17,07 -156,535 1639583097
1 1 26 -9,75 -16,89 -156,486 1639583098
1 1 26 -10,00 -16,82 -156,480 1639583098
1 1 26 -10,25 -16,89 -156,462 1639583099
1 1 26 -10,43 -17,07 -156,535 1639583099
1 1 26 -10,50 -17,32 -156,504 1639583100
1 1 26 -10,43 -17,57 -156,620 1639583101
1 1 26 -10,25 -17,75 -156,559 1639583101
1 1 26 -10,00 -17,82 -156,504 1639583101
1 1 26 -9,75 -17,75 -156,541 1639583102
1 1 26 -9,57 -17,57 -156,535 1639583102
1 1 27 -5,18 -19,32 -156,462 1639583103
1 1 27 -4,68 -19,32 -156,462 1639583103
1 1 27 -4,74 -19,07 -156,492 1639583104
1 1 27 -4,93 -18,89 -156,474 1639583104
1 1 27 -5,18 -18,82 -156,468 1639583104
1 1 27 -5,43 -18,89 -156,468 1639583105
1 1 27 -5,61 -19,07 -156,523 1639583105
1 1 27 -5,68 -19,32 -156,529 1639583105
1 1 27 -5,61 -19,57 -156,504 1639583106
1 1 27 -5,43 -19,75 -156,523 1639583106
1 1 27 -5,18 -19,82 -156,462 1639583107
1 1 27 -4,93 -19,75 -156,504 1639583108
1 1 27 -4,74 -19,57 -156,517 1639583108
1 1 28 5,18 -19,32 -156,517 1639583109
1 1 28 5,68 -19,32 -156,480 1639583110
1 1 28 5,61 -19,07 -156,492 1639583110
1 1 28 5,43 -18,89 -156,523 1639583111
1 1 28 5,18 -18,82 -156,468 1639583111
1 1 28 4,93 -18,89 -156,596 1639583112
1 1 28 4,74 -19,07 -156,529 1639583112
1 1 28 4,68 -19,32 -156,572 1639583113
1 1 28 4,74 -19,57 -156,523 1639583114
1 1 28 4,93 -19,75 -156,541 1639583114
1 1 28 5,18 -19,82 -156,474 1639583114
1 1 28 5,43 -19,75 -156,443 1639583115
1 1 28 5,61 -19,57 -156,511 1639583115
1 1 29 10,00 -17,32 -156,504 1639583116
1 1 29 10,50 -17,32 -156,498 1639583116
1 1 29 10,43 -17,07 -156,578 1639583117
1 1 29 10,25 -16,89 -156,511 1639583117
1 1 29 10,00 -16,82 -156,498 1639583118
1 1 29 9,75 -16,89 -156,480 1639583119
1 1 29 9,57 -17,07 -156,492 1639583119
1 1 29 9,50 -17,32 -156,486 1639583119
1 1 29 9,57 -17,57 -156,523 1639583120
1 1 29 9,75 -17,75 -156,468 1639583120
1 1 29 10,00 -17,82 -156,541 1639583121
1 1 29 10,25 -17,75 -156,498 1639583122
1 1 29 10,43 -17,57 -156,498 1639583122
1 1 30 14,14 -14,14 -156,468 1639583123
1 1 30 14,64 -14,14 -156,565 1639583123
1 1 30 14,58 -13,89 -156,120 1639583124
1 1 30 14,39 -13,71 -156,498 1639583124
1 1 30 14,14 -13,64 -156,456 1639583125
1 1 30 13,89 -13,71 -156,449 1639583125
1 1 30 13,71 -13,89 -156,504 1639583125
1 1 30 13,64 -14,14 -156,553 1639583126
1 1 30 13,71 -14,39 -156,486 1639583127
1 1 30 13,89 -14,58 -156,498 1639583127
1 1 30 14,14 -14,64 -156,504 1639583127
1 1 30 14,39 -14,58 -156,553 1639583128
1 1 30 14,58 -14,39 -156,553 1639583128
1 1 31 17,32 -10,00 -156,492 1639583129
1 1 31 17,82 -10,00 -156,480 1639583130
1 1 31 17,75 -9,75 -156,529 1639583130
1 1 31 17,57 -9,57 -156,517 1639583131
1 1 31 17,32 -9,50 -156,498 1639583131
1 1 31 17,07 -9,57 -156,559 1639583132
1 1 31 16,89 -9,75 -156,517 1639583132
1 1 31 16,82 -10,00 -156,480 1639583133
1 1 31 16,89 -10,25 -156,468 1639583133
1 1 31 17,07 -10,43 -156,523 1639583133
1 1 31 17,32 -10,50 -156,492 1639583134
1 1 31 17,57 -10,43 -156,504 1639583135
1 1 31 17,75 -10,25 -156,529 1639583135
1 1 32 19,32 -5,18 -156,456 1639583136
1 1 32 19,82 -5,18 -156,523 1639583136
1 1 32 19,75 -4,93 -156,480 1639583136
1 1 32 19,57 -4,74 -156,565 1639583137
1 1 32 19,32 -4,68 -156,559 1639583138
1 1 32 19,07 -4,74 -156,480 1639583138
1 1 32 18,89 -4,93 -156,523 1639583139
1 1 32 18,82 -5,18 -156,541 1639583139
1 1 32 18,89 -5,43 -156,511 1639583140
1 1 32 19,07 -5,61 -156,511 1639583140
1 1 32 19,32 -5,68 -156,541 1639583141
1 1 32 19,57 -5,61 -156,523 1639583142
1 1 32 19,75 -5,43 -156,565 1639583142
1 1 33 12,56 -3,36 -156,449 1639583143
1 1 33 13,06 -3,36 -156,504 1639583143
1 1 33 12,99 -3,11 -156,511 1639583144
1 1 33 12,81 -2,93 -156,511 1639583144
1 1 33 12,56 -2,86 -156,492 1639583145
1 1 33 12,31 -2,93 -156,523 1639583145
1 1 33 12,12 -3,11 -156,480 1639583146
1 1 33 12,06 -3,36 -156,462 1639583146
1 1 33 12,12 -3,61 -156,553 1639583147
1 1 33 12,31 -3,80 -156,504 1639583147
1 1 33 12,56 -3,86 -156,504 1639583148
1 1 33 12,81 -3,80 -156,547 1639583148
1 1 33 12,99 -3,61 -156,559 1639583149
1 1 34 9,19 -9,19 -156,535 1639583150
1 1 34 9,69 -9,19 -156,535 1639583150
1 1 34 9,63 -8,94 -156,529 1639583151
1 1 34 9,44 -8,76 -156,523 1639583151
1 1 34 9,19 -8,69 -156,511 1639583152
1 1 34 8,94 -8,76 -156,535 1639583152
1 1 34 8,76 -8,94 -156,523 1639583153
1 1 34 8,69 -9,19 -156,541 1639583153
1 1 34 8,76 -9,44 -156,553 1639583154
1 1 34 8,94 -9,63 -156,492 1639583154
1 1 34 9,19 -9,69 -156,529 1639583155
1 1 34 9,44 -9,63 -156,504 1639583155
1 1 34 9,63 -9,44 -156,523 1639583155
1 1 35 3,36 -12,56 -156,492 1639583156
1 1 35 3,86 -12,56 -156,480 1639583157
1 1 35 3,80 -12,31 -156,498 1639583157
1 1 35 3,61 -12,12 -156,498 1639583157
1 1 35 3,36 -12,06 -156,431 1639583158
1 1 35 3,11 -12,12 -156,474 1639583158
1 1 35 2,93 -12,31 -156,523 1639583158
1 1 35 2,86 -12,56 -156,462 1639583159
1 1 35 2,93 -12,81 -156,413 1639583159
1 1 35 3,11 -12,99 -156,419 1639583159
1 1 35 3,36 -13,06 -156,480 1639583160
1 1 35 3,61 -12,99 -156,498 1639583160
1 1 35 3,80 -12,81 -156,492 1639583160
1 1 36 4,24 -4,24 -156,584 1639583162
1 1 36 4,74 -4,24 -156,547 1639583162
1 1 36 4,68 -3,99 -156,578 1639583162
1 1 36 4,49 -3,81 -156,572 1639583163
1 1 36 4,24 -3,74 -156,456 1639583163
1 1 36 3,99 -3,81 -156,480 1639583163
1 1 36 3,81 -3,99 -156,541 1639583164
1 1 36 3,74 -4,24 -156,511 1639583164
1 1 36 3,81 -4,49 -156,694 1639583165
1 1 36 3,99 -4,68 -156,498 1639583165
1 1 36 4,24 -4,74 -156,523 1639583166
1 1 36 4,49 -4,68 -156,498 1639583166
1 1 36 4,68 -4,49 -156,511 1639583167
1 1 37 27,00 0,00 -156,468 1639583168
1 1 37 27,50 0,00 -156,443 1639583169
1 1 37 27,43 0,25 -156,498 1639583169
1 1 37 27,25 0,43 -156,462 1639583170
1 1 37 27,00 0,50 -156,529 1639583170
1 1 37 26,75 0,43 -156,480 1639583171
1 1 37 26,57 0,25 -156,553 1639583171
1 1 37 26,50 0,00 -156,492 1639583172
1 1 37 26,57 -0,25 -156,553 1639583173
1 1 37 26,75 -0,43 -156,492 1639583173
1 1 37 27,00 -0,50 -156,474 1639583173
1 1 37 27,25 -0,43 -156,498 1639583174
1 1 37 27,43 -0,25 -156,498 1639583174
1 1 38 26,08 6,99 -156,443 1639583175
1 1 38 26,58 6,99 -156,492 1639583176
1 1 38 26,51 7,24 -156,492 1639583177
1 1 38 26,33 7,42 -156,456 1639583177
1 1 38 26,08 7,49 -156,486 1639583177
1 1 38 25,83 7,42 -156,498 1639583178
1 1 38 25,65 7,24 -156,504 1639583178
1 1 38 25,58 6,99 -156,462 1639583179
1 1 38 25,65 6,74 -156,443 1639583179
1 1 38 25,83 6,56 -156,486 1639583180
1 1 38 26,08 6,49 -156,462 1639583180
1 1 38 26,33 6,56 -156,431 1639583181
1 1 38 26,51 6,74 -156,474 1639583181
1 1 39 23,38 13,50 -156,443 1639583182
1 1 39 23,88 13,50 -156,578 1639583183
1 1 39 23,82 13,75 -156,523 1639583183
1 1 39 23,63 13,93 -156,523 1639583184
1 1 39 23,38 14,00 -156,492 1639583184
1 1 39 23,13 13,93 -156,541 1639583185
1 1 39 22,95 13,75 -156,419 1639583185
1 1 39 22,88 13,50 -156,449 1639583185
1 1 39 22,95 13,25 -156,437 1639583186
1 1 39 23,13 13,07 -156,468 1639583186
1 1 39 23,38 13,00 -156,443 1639583187
1 1 39 23,63 13,07 -156,608 1639583187
1 1 39 23,82 13,25 -156,486 1639583188
1 1 40 19,09 19,09 -156,517 1639583189
1 1 40 19,59 19,09 -156,504 1639583189
1 1 40 19,52 19,34 -156,504 1639583189
1 1 40 19,34 19,52 -156,480 1639583190
1 1 40 19,09 19,59 -156,474 1639583191
1 1 40 18,84 19,52 -156,523 1639583191
1 1 40 18,66 19,34 -156,529 1639583192
1 1 40 18,59 19,09 -156,535 1639583192
1 1 40 18,66 18,84 -156,498 1639583193
1 1 40 18,84 18,66 -156,517 1639583193
1 1 40 19,09 18,59 -156,462 1639583194
1 1 40 19,34 18,66 -156,480 1639583194
1 1 40 19,52 18,84 -156,523 1639583194
1 1 41 13,50 23,38 -156,498 1639583195
1 1 41 14,00 23,38 -156,462 1639583196
1 1 41 13,93 23,63 -156,517 1639583196
1 1 41 13,75 23,82 -156,492 1639583197
1 1 41 13,50 23,88 -156,529 1639583197
1 1 41 13,25 23,82 -156,517 1639583197
1 1 41 13,07 23,63 -156,492 1639583198
1 1 41 13,00 23,38 -156,535 1639583198
1 1 41 13,07 23,13 -156,517 1639583199
1 1 41 13,25 22,95 -156,468 1639583199
1 1 41 13,50 22,88 -156,511 1639583200
1 1 41 13,75 22,95 -156,523 1639583200
1 1 41 13,93 23,13 -156,498 1639583200
1 1 42 6,99 26,08 -156,480 1639583201
1 1 42 7,49 26,08 -156,504 1639583202
1 1 42 7,42 26,33 -156,462 1639583202
1 1 42 7,24 26,51 -156,529 1639583203
1 1 42 6,99 26,58 -156,565 1639583203
1 1 42 6,74 26,51 -156,504 1639583204
1 1 42 6,56 26,33 -156,486 1639583204
1 1 42 6,49 26,08 -156,504 1639583205
1 1 42 6,56 25,83 -156,511 1639583205
1 1 42 6,74 25,65 -156,523 1639583206
1 1 42 6,99 25,58 -156,474 1639583206
1 1 42 7,24 25,65 -156,498 1639583207
1 1 42 7,42 25,83 -156,498 1639583207
1 1 43 0,00 27,00 -156,523 1639583208
1 1 43 0,50 27,00 -156,553 1639583209
1 1 43 0,43 27,25 -156,456 1639583210
1 1 43 0,25 27,43 -156,553 1639583210
1 1 43 0,00 27,50 -156,511 1639583211
1 1 43 -0,25 27,43 -156,553 1639583211
1 1 43 -0,43 27,25 -156,480 1639583211
1 1 43 -0,50 27,00 -156,553 1639583212
1 1 43 -0,43 26,75 -156,517 1639583213
1 1 43 -0,25 26,57 -156,468 1639583213
1 1 43 0,00 26,50 -156,541 1639583214
1 1 43 0,25 26,57 -156,504 1639583214
1 1 43 0,43 26,75 -156,517 1639583214
1 1 44 -6,99 26,08 -156,474 1639583215
1 1 44 -6,49 26,08 -156,480 1639583216
1 1 44 -6,56 26,33 -156,529 1639583217
1 1 44 -6,74 26,51 -156,498 1639583217
1 1 44 -6,99 26,58 -156,498 1639583217
1 1 44 -7,24 26,51 -156,486 1639583218
1 1 44 -7,42 26,33 -156,486 1639583218
1 1 44 -7,49 26,08 -156,480 1639583219
1 1 44 -7,42 25,83 -156,468 1639583219
1 1 44 -7,24 25,65 -156,498 1639583219
1 1 44 -6,99 25,58 -156,547 1639583220
1 1 44 -6,74 25,65 -156,535 1639583220
1 1 44 -6,56 25,83 -156,559 1639583221
1 1 45 -13,50 23,38 -156,498 1639583222
1 1 45 -13,00 23,38 -156,504 1639583222
1 1 45 -13,07 23,63 -156,529 1639583223
1 1 45 -13,25 23,82 -156,529 1639583223
1 1 45 -13,50 23,88 -156,529 1639583223
1 1 45 -13,75 23,82 -156,498 1639583224
1 1 45 -13,93 23,63 -156,468 1639583224
1 1 45 -14,00 23,38 -156,504 1639583224
1 1 45 -13,93 23,13 -156,474 1639583225
1 1 45 -13,75 22,95 -156,523 1639583225
1 1 45 -13,50 22,88 -156,523 1639583225
1 1 45 -13,25 22,95 -156,523 1639583226
1 1 45 -13,07 23,13 -156,486 1639583226
1 1 46 -19,09 19,09 -156,486 1639583227
1 1 46 -18,59 19,09 -156,480 1639583228
1 1 46 -18,66 19,34 -156,553 1639583229
1 1 46 -18,84 19,52 -156,529 1639583229
1 1 46 -19,09 19,59 -156,529 1639583229
1 1 46 -19,34 19,52 -156,523 1639583230
1 1 46 -19,52 19,34 -156,480 1639583230
1 1 46 -19,59 19,09 -156,523 1639583231
1 1 46 -19,52 18,84 -156,535 1639583231
1 1 46 -19,34 18,66 -156,511 1639583232
1 1 46 -19,09 18,59 -156,486 1639583232
1 1 46 -18,84 18,66 -156,492 1639583232
1 1 46 -18,66 18,84 -156,486 1639583233
1 1 47 -23,38 13,50 -156,504 1639583234
1 1 47 -22,88 13,50 -156,523 1639583234
1 1 47 -22,95 13,75 -156,498 1639583235
1 1 47 -23,13 13,93 -156,480 1639583235
1 1 47 -23,38 14,00 -156,517 1639583236
1 1 47 -23,63 13,93 -156,498 1639583237
1 1 47 -23,82 13,75 -156,504 1639583237
1 1 47 -23,88 13,50 -156,559 1639583237
1 1 47 -23,82 13,25 -156,511 1639583238
1 1 47 -23,63 13,07 -156,523 1639583238
1 1 47 -23,38 13,00 -156,517 1639583239
1 1 47 -23,13 13,07 -156,523 1639583239
1 1 47 -22,95 13,25 -156,456 1639583240
1 1 48 -26,08 6,99 -156,572 1639583240
1 1 48 -25,58 6,99 -156,529 1639583241
1 1 48 -25,65 7,24 -156,529 1639583241
1 1 48 -25,83 7,42 -156,559 1639583242
1 1 48 -26,08 7,49 -156,492 1639583242
1 1 48 -26,33 7,42 -156,529 1639583243
1 1 48 -26,51 7,24 -156,462 1639583243
1 1 48 -26,58 6,99 -156,523 1639583244
1 1 48 -26,51 6,74 -156,498 1639583244
1 1 48 -26,33 6,56 -156,517 1639583245
1 1 48 -26,08 6,49 -156,529 1639583245
1 1 48 -25,83 6,56 -156,498 1639583246
1 1 48 -25,65 6,74 -156,492 1639583246
1 1 49 -27,00 0,00 -156,529 1639583247
1 1 49 -26,50 0,00 -156,462 1639583248
1 1 49 -26,57 0,25 -156,456 1639583248
1 1 49 -26,75 0,43 -156,523 1639583249
1 1 49 -27,00 0,50 -156,504 1639583249
1 1 49 -27,25 0,43 -156,449 1639583250
1 1 49 -27,43 0,25 -156,474 1639583250
1 1 49 -27,50 0,00 -156,462 1639583250
1 1 49 -27,43 -0,25 -156,437 1639583251
1 1 49 -27,25 -0,43 -156,437 1639583251
1 1 49 -27,00 -0,50 -156,511 1639583252
1 1 49 -26,75 -0,43 -156,541 1639583252
1 1 49 -26,57 -0,25 -156,468 1639583253
1 1 50 -26,08 -6,99 -156,492 1639583254
1 1 50 -25,58 -6,99 -156,517 1639583254
1 1 50 -25,65 -6,74 -156,523 1639583255
1 1 50 -25,83 -6,56 -156,456 1639583255
1 1 50 -26,08 -6,49 -156,553 1639583255
1 1 50 -26,33 -6,56 -156,468 1639583256
1 1 50 -26,51 -6,74 -156,498 1639583256
1 1 50 -26,58 -6,99 -156,498 1639583257
1 1 50 -26,51 -7,24 -156,529 1639583257
1 1 50 -26,33 -7,42 -156,523 1639583258
1 1 50 -26,08 -7,49 -156,498 1639583258
1 1 50 -25,83 -7,42 -156,517 1639583259
1 1 50 -25,65 -7,24 -156,504 1639583259
1 1 51 -23,38 -13,50 -156,529 1639583260
1 1 51 -22,88 -13,50 -156,498 1639583260
1 1 51 -22,95 -13,25 -156,480 1639583261
1 1 51 -23,13 -13,07 -156,553 1639583261
1 1 51 -23,38 -13,00 -156,523 1639583261
1 1 51 -23,63 -13,07 -156,511 1639583262
1 1 51 -23,82 -13,25 -156,492 1639583262
1 1 51 -23,88 -13,50 -156,523 1639583262
1 1 51 -23,82 -13,75 -156,480 1639583263
1 1 51 -23,63 -13,93 -156,523 1639583264
1 1 51 -23,38 -14,00 -156,511 1639583264
1 1 51 -23,13 -13,93 -156,559 1639583265
1 1 51 -22,95 -13,75 -156,437 1639583265
1 1 52 -19,09 -19,09 -156,480 1639583266
1 1 52 -18,59 -19,09 -156,523 1639583267
1 1 52 -18,66 -18,84 -156,517 1639583267
1 1 52 -18,84 -18,66 -156,517 1639583267
1 1 52 -19,09 -18,59 -156,559 1639583268
1 1 52 -19,34 -18,66 -156,529 1639583269
1 1 52 -19,52 -18,84 -156,498 1639583269
1 1 52 -19,59 -19,09 -156,541 1639583269
1 1 52 -19,52 -19,34 -156,504 1639583270
1 1 52 -19,34 -19,52 -156,498 1639583270
1 1 52 -19,09 -19,59 -156,462 1639583271
1 1 52 -18,84 -19,52 -156,498 1639583272
1 1 52 -18,66 -19,34 -156,529 1639583272
1 1 53 -13,50 -23,38 -156,498 1639583273
1 1 53 -13,00 -23,38 -156,498 1639583273
1 1 53 -13,07 -23,13 -156,559 1639583274
1 1 53 -13,25 -22,95 -156,590 1639583275
1 1 53 -13,50 -22,88 -156,498 1639583275
1 1 53 -13,75 -22,95 -156,492 1639583276
1 1 53 -13,93 -23,13 -156,474 1639583276
1 1 53 -14,00 -23,38 -156,572 1639583277
1 1 53 -13,93 -23,63 -156,517 1639583277
1 1 53 -13,75 -23,82 -156,486 1639583277
1 1 53 -13,50 -23,88 -156,529 1639583278
1 1 53 -13,25 -23,82 -156,492 1639583278
1 1 53 -13,07 -23,63 -156,578 1639583279
1 1 54 -6,99 -26,08 -156,492 1639583279
1 1 54 -6,49 -26,08 -156,480 1639583280
1 1 54 -6,56 -25,83 -156,504 1639583281
1 1 54 -6,74 -25,65 -156,553 1639583281
1 1 54 -6,99 -25,58 -156,498 1639583281
1 1 54 -7,24 -25,65 -156,468 1639583282
1 1 54 -7,42 -25,83 -156,565 1639583282
1 1 54 -7,49 -26,08 -156,535 1639583283
1 1 54 -7,42 -26,33 -156,590 1639583283
1 1 54 -7,24 -26,51 -156,449 1639583283
1 1 54 -6,99 -26,58 -156,535 1639583284
1 1 54 -6,74 -26,51 -156,559 1639583284
1 1 54 -6,56 -26,33 -156,511 1639583285
1 1 55 -0,00 -27,00 -156,462 1639583286
1 1 55 0,50 -27,00 -156,462 1639583286
1 1 55 0,43 -26,75 -156,498 1639583287
1 1 55 0,25 -26,57 -156,486 1639583287
1 1 55 -0,00 -26,50 -156,498 1639583288
1 1 55 -0,25 -26,57 -156,498 1639583288
1 1 55 -0,43 -26,75 -156,602 1639583289
1 1 55 -0,50 -27,00 -156,474 1639583289
1 1 55 -0,43 -27,25 -156,468 1639583289
1 1 55 -0,25 -27,43 -156,565 1639583290
1 1 55 -0,00 -27,50 -156,504 1639583291
1 1 55 0,25 -27,43 -156,486 1639583291
1 1 55 0,43 -27,25 -156,462 1639583291
1 1 56 6,99 -26,08 -156,523 1639583292
1 1 56 7,49 -26,08 -156,492 1639583293
1 1 56 7,42 -25,83 -156,498 1639583293
1 1 56 7,24 -25,65 -156,547 1639583294
1 1 56 6,99 -25,58 -156,462 1639583294
1 1 56 6,74 -25,65 -156,474 1639583295
1 1 56 6,56 -25,83 -156,504 1639583295
1 1 56 6,49 -26,08 -156,492 1639583296
1 1 56 6,56 -26,33 -156,535 1639583296
1 1 56 6,74 -26,51 -156,480 1639583297
1 1 56 6,99 -26,58 -156,547 1639583297
1 1 56 7,24 -26,51 -156,504 1639583298
1 1 56 7,42 -26,33 -156,504 1639583298
1 1 57 13,50 -23,38 -156,480 1639583299
1 1 57 14,00 -23,38 -156,517 1639583299
1 1 57 13,93 -23,13 -156,474 1639583300
1 1 57 13,75 -22,95 -156,480 1639583301
1 1 57 13,50 -22,88 -156,462 1639583301
1 1 57 13,25 -22,95 -156,523 1639583302
1 1 57 13,07 -23,13 -156,498 1639583302
1 1 57 13,00 -23,38 -156,474 1639583302
1 1 57 13,07 -23,63 -156,547 1639583303
1 1 57 13,25 -23,82 -156,480 1639583303
1 1 57 13,50 -23,88 -156,468 1639583304
1 1 57 13,75 -23,82 -156,504 1639583304
1 1 57 13,93 -23,63 -156,529 1639583305
1 1 58 19,09 -19,09 -156,468 1639583306
1 1 58 19,59 -19,09 -156,523 1639583306
1 1 58 19,52 -18,84 -156,498 1639583307
1 1 58 19,34 -18,66 -156,498 1639583307
1 1 58 19,09 -18,59 -156,535 1639583308
1 1 58 18,84 -18,66 -156,413 1639583308
1 1 58 18,66 -18,84 -156,511 1639583309
1 1 58 18,59 -19,09 -156,468 1639583309
1 1 58 18,66 -19,34 -156,498 1639583310
1 1 58 18,84 -19,52 -156,529 1639583310
1 1 58 19,09 -19,59 -156,511 1639583311
1 1 58 19,34 -19,52 -156,480 1639583311
1 1 58 19,52 -19,34 -156,492 1639583312
1 1 59 23,38 -13,50 -156,492 1639583313
1 1 59 23,88 -13,50 -156,468 1639583313
1 1 59 23,82 -13,25 -156,480 1639583313
1 1 59 23,63 -13,07 -156,492 1639583314
1 1 59 23,38 -13,00 -156,443 1639583314
1 1 59 23,13 -13,07 -156,462 1639583314
1 1 59 22,95 -13,25 -156,395 1639583315
1 1 59 22,88 -13,50 -156,443 1639583316
1 1 59 22,95 -13,75 -156,437 1639583316
1 1 59 23,13 -13,93 -156,468 1639583317
1 1 59 23,38 -14,00 -156,468 1639583317
1 1 59 23,63 -13,93 -156,437 1639583318
1 1 59 23,82 -13,75 -156,462 1639583318
1 1 60 26,08 -6,99 -156,504 1639583319
1 1 60 26,58 -6,99 -156,462 1639583319
1 1 60 26,51 -6,74 -156,572 1639583320
1 1 60 26,33 -6,56 -156,504 1639583320
1 1 60 26,08 -6,49 -156,437 1639583320
1 1 60 25,83 -6,56 -156,456 1639583321
1 1 60 25,65 -6,74 -156,480 1639583321
1 1 60 25,58 -6,99 -156,462 1639583321
1 1 60 25,65 -7,24 -156,517 1639583322
1 1 60 25,83 -7,42 -156,462 1639583322
1 1 60 26,08 -7,49 -156,480 1639583323
1 1 60 26,33 -7,42 -156,480 1639583324
1 1 60 26,51 -7,24 -156,529 1639583324
