1 1 1 4,24 4,24 -156,529 1639582380
1 1 1 4,74 4,24 -156,486 1639582380
1 1 1 4,68 4,49 -156,474 1639582381
1 1 1 4,49 4,68 -156,462 1639582382
1 1 1 4,24 4,74 -156,504 1639582382
1 1 1 3,99 4,68 -156,511 1639582383
1 1 1 3,81 4,49 -156,388 1639582383
1 1 1 3,74 4,24 -156,449 1639582384
1 1 1 3,81 3,99 -156,474 1639582384
1 1 1 3,99 3,81 -156,492 1639582384
1 1 1 4,24 3,74 -156,523 1639582385
1 1 1 4,49 3,81 -156,474 1639582386
1 1 1 4,68 3,99 -156,498 1639582386
1 1 2 3,36 12,56 -156,559 1639582387
1 1 2 3,86 12,56 -156,431 1639582387
1 1 2 3,80 12,81 -156,462 1639582387
1 1 2 3,61 12,99 -156,486 1639582388
1 1 2 3,36 13,06 -156,523 1639582388
1 1 2 3,11 12,99 -156,486 1639582388
1 1 2 2,93 12,81 -156,462 1639582389
1 1 2 2,86 12,56 -156,480 1639582390
1 1 2 2,93 12,31 -156,462 1639582391
1 1 2 3,11 12,12 -156,504 1639582391
1 1 2 3,36 12,06 -156,523 1639582391
1 1 2 3,61 12,12 -156,504 1639582392
1 1 2 3,80 12,31 -156,449 1639582392
1 1 3 9,19 9,19 -156,498 1639582393
1 1 3 9,69 9,19 -156,547 1639582393
1 1 3 9,63 9,44 -156,529 1639582394
1 1 3 9,44 9,63 -156,529 1639582394
1 1 3 9,19 9,69 -156,511 1639582395
1 1 3 8,94 9,63 -156,529 1639582396
1 1 3 8,76 9,44 -156,498 1639582396
1 1 3 8,69 9,19 -156,523 1639582396
1 1 3 8,76 8,94 -156,535 1639582397
1 1 3 8,94 8,76 -156,492 1639582397
1 1 3 9,19 8,69 -156,517 1639582398
1 1 3 9,44 8,76 -156,480 1639582398
1 1 3 9,63 8,94 -156,565 1639582399
1 1 4 12,56 3,36 -156,517 1639582400
1 1 4 13,06 3,36 -156,486 1639582400
1 1 4 12,99 3,61 -156,480 1639582401
1 1 4 12,81 3,80 -156,474 1639582401
1 1 4 12,56 3,86 -156,529 1639582402
1 1 4 12,31 3,80 -156,462 1639582402
1 1 4 12,12 3,61 -156,504 1639582403
1 1 4 12,06 3,36 -156,535 1639582403
1 1 4 12,12 3,11 -156,529 1639582404
1 1 4 12,31 2,93 -156,529 1639582404
1 1 4 12,56 2,86 -156,498 1639582405
1 1 4 12,81 2,93 -156,498 1639582405
1 1 4 12,99 3,11 -156,517 1639582406
1 1 5 19,32 5,18 -156,474 1639582406
1 1 5 19,82 5,18 -156,511 1639582407
1 1 5 19,75 5,43 -156,547 1639582407
1 1 5 19,57 5,61 -156,456 1639582408
1 1 5 19,32 5,68 -156,498 1639582408
1 1 5 19,07 5,61 -156,559 1639582409
1 1 5 18,89 5,43 -156,480 1639582409
1 1 5 18,82 5,18 -156,474 1639582410
1 1 5 18,89 4,93 -156,498 1639582410
1 1 5 19,07 4,74 -156,565 1639582411
1 1 5 19,32 4,68 -156,462 1639582411
1 1 5 19,57 4,74 -156,535 1639582412
1 1 5 19,75 4,93 -156,517 1639582412
1 1 6 17,32 10,00 -156,511 1639582413
1 1 6 17,82 10,00 -156,504 1639582413
1 1 6 17,75 10,25 -156,523 1639582414
1 1 6 17,57 10,43 -156,511 1639582414
1 1 6 17,32 10,50 -156,535 1639582415
1 1 6 17,07 10,43 -156,498 1639582416
1 1 6 16,89 10,25 -156,486 1639582416
1 1 6 16,82 10,00 -156,498 1639582416
1 1 6 16,89 9,75 -156,480 1639582417
1 1 6 17,07 9,57 -156,498 1639582417
1 1 6 17,32 9,50 -156,553 1639582417
1 1 6 17,57 9,57 -156,486 1639582418
1 1 6 17,75 9,75 -156,547 1639582418
1 1 7 14,14 14,14 -156,492 1639582419
1 1 7 14,64 14,14 -156,498 1639582420
1 1 7 14,58 14,39 -156,498 1639582420
1 1 7 14,39 14,58 -156,492 1639582420
1 1 7 14,14 14,64 -156,517 1639582421
1 1 7 13,89 14,58 -156,523 1639582422
1 1 7 13,71 14,39 -156,547 1639582422
1 1 7 13,64 14,14 -156,480 1639582422
1 1 7 13,71 13,89 -156,529 1639582423
1 1 7 13,89 13,71 -156,498 1639582423
1 1 7 14,14 13,64 -156,456 1639582424
1 1 7 14,39 13,71 -156,553 1639582424
1 1 7 14,58 13,89 -156,523 1639582425
1 1 8 10,00 17,32 -156,474 1639582425
1 1 8 10,50 17,32 -156,498 1639582426
1 1 8 10,43 17,57 -156,504 1639582426
1 1 8 10,25 17,75 -156,498 1639582427
1 1 8 10,00 17,82 -156,517 1639582428
1 1 8 9,75 17,75 -156,498 1639582428
1 1 8 9,57 17,57 -156,498 1639582428
1 1 8 9,50 17,32 -156,523 1639582429
1 1 8 9,57 17,07 -156,443 1639582430
1 1 8 9,75 16,89 -156,547 1639582430
1 1 8 10,00 16,82 -156,553 1639582430
1 1 8 10,25 16,89 -156,517 1639582431
1 1 8 10,43 17,07 -156,468 1639582431
1 1 9 5,18 19,32 -156,547 1639582432
1 1 9 5,68 19,32 -156,511 1639582433
1 1 9 5,61 19,57 -156,523 1639582433
1 1 9 5,43 19,75 -156,486 1639582434
1 1 9 5,18 19,82 -156,535 1639582434
1 1 9 4,93 19,75 -156,529 1639582435
1 1 9 4,74 19,57 -156,541 1639582435
1 1 9 4,68 19,32 -156,504 1639582436
1 1 9 4,74 19,07 -156,498 1639582436
1 1 9 4,93 18,89 -156,529 1639582437
1 1 9 5,18 18,82 -156,504 1639582437
1 1 9 5,43 18,89 -156,486 1639582438
1 1 9 5,61 19,07 -156,529 1639582438
1 1 10 -5,18 19,32 -156,474 1639582439
1 1 10 -4,68 19,32 -156,474 1639582439
1 1 10 -4,74 19,57 -156,523 1639582440
1 1 10 -4,93 19,75 -156,474 1639582440
1 1 10 -5,18 19,82 -156,517 1639582441
1 1 10 -5,43 19,75 -156,468 1639582442
1 1 10 -5,61 19,57 -156,437 1639582442
1 1 10 -5,68 19,32 -156,523 1639582443
1 1 10 -5,61 19,07 -156,523 1639582443
1 1 10 -5,43 18,89 -156,462 1639582443
1 1 10 -5,18 18,82 -156,480 1639582444
1 1 10 -4,93 18,89 -156,553 1639582445
1 1 10 -4,74 19,07 -156,480 1639582445
1 1 11 -10,00 17,32 -156,498 1639582446
1 1 11 -9,50 17,32 -156,498 1639582446
1 1 11 -9,57 17,57 -156,474 1639582447
1 1 11 -9,75 17,75 -156,456 1639582447
1 1 11 -10,00 17,82 -156,559 1639582448
1 1 11 -10,25 17,75 -156,480 1639582448
1 1 11 -10,43 17,57 -156,456 1639582449
1 1 11 -10,50 17,32 -156,511 1639582450
1 1 11 -10,43 17,07 -156,498 1639582450
1 1 11 -10,25 16,89 -156,462 1639582450
1 1 11 -10,00 16,82 -156,517 1639582451
1 1 11 -9,75 16,89 -156,511 1639582452
1 1 11 -9,57 17,07 -156,456 1639582452
1 1 12 -14,14 14,14 -156,547 1639582453
1 1 12 -13,64 14,14 -156,511 1639582453
1 1 12 -13,71 14,39 -156,504 1639582453
1 1 12 -13,89 14,58 -156,492 1639582454
1 1 12 -14,14 14,64 -156,492 1639582454
1 1 12 -14,39 14,58 -156,486 1639582455
1 1 12 -14,58 14,39 -156,535 1639582455
1 1 12 -14,64 14,14 -156,810 1639582455
1 1 12 -14,58 13,89 -156,553 1639582456
1 1 12 -14,39 13,71 -156,504 1639582456
1 1 12 -14,14 13,64 -156,437 1639582456
1 1 12 -13,89 13,71 -156,541 1639582457
1 1 12 -13,71 13,89 -156,553 1639582457
1 1 13 -17,32 10,00 -156,535 1639582458
1 1 13 -16,82 10,00 -156,462 1639582458
1 1 13 -16,89 10,25 -156,474 1639582459
1 1 13 -17,07 10,43 -156,572 1639582459
1 1 13 -17,32 10,50 -156,572 1639582460
1 1 13 -17,57 10,43 -156,474 1639582461
1 1 13 -17,75 10,25 -156,517 1639582461
1 1 13 -17,82 10,00 -156,651 1639582461
1 1 13 -17,75 9,75 -156,468 1639582462
1 1 13 -17,57 9,57 -156,541 1639582462
1 1 13 -17,32 9,50 -156,468 1639582463
1 1 13 -17,07 9,57 -156,462 1639582463
1 1 13 -16,89 9,75 -156,492 1639582464
1 1 14 -19,32 5,18 -156,517 1639582464
1 1 14 -18,82 5,18 -156,492 1639582465
1 1 14 -18,89 5,43 -156,529 1639582465
1 1 14 -19,07 5,61 -156,553 1639582466
1 1 14 -19,32 5,68 -156,474 1639582466
1 1 14 -19,57 5,61 -156,565 1639582467
1 1 14 -19,75 5,43 -156,449 1639582467
1 1 14 -19,82 5,18 -156,529 1639582468
1 1 14 -19,75 4,93 -156,535 1639582468
1 1 14 -19,57 4,74 -156,413 1639582469
1 1 14 -19,32 4,68 -156,504 1639582469
1 1 14 -19,07 4,74 -156,529 1639582470
1 1 14 -18,89 4,93 -156,498 1639582470
1 1 15 -12,56 3,36 -156,523 1639582471
1 1 15 -12,06 3,36 -156,535 1639582471
1 1 15 -12,12 3,61 -156,541 1639582472
1 1 15 -12,31 3,80 -156,504 1639582472
1 1 15 -12,56 3,86 -156,498 1639582473
1 1 15 -12,81 3,80 -156,480 1639582474
1 1 15 -12,99 3,61 -156,492 1639582474
1 1 15 -13,06 3,36 -156,504 1639582474
1 1 15 -12,99 3,11 -156,529 1639582475
1 1 15 -12,81 2,93 -156,517 1639582475
1 1 15 -12,56 2,86 -156,553 1639582476
1 1 15 -12,31 2,93 -156,498 1639582476
1 1 15 -12,12 3,11 -156,529 1639582476
1 1 16 -9,19 9,19 -156,480 1639582477
1 1 16 -8,69 9,19 -156,517 1639582478
1 1 16 -8,76 9,44 -156,498 1639582478
1 1 16 -8,94 9,63 -156,504 1639582478
1 1 16 -9,19 9,69 -156,523 1639582479
1 1 16 -9,44 9,63 -156,523 1639582479
1 1 16 -9,63 9,44 -156,480 1639582480
1 1 16 -9,69 9,19 -156,504 1639582480
1 1 16 -9,63 8,94 -156,486 1639582481
1 1 16 -9,44 8,76 -156,474 1639582481
1 1 16 -9,19 8,69 -156,504 1639582482
1 1 16 -8,94 8,76 -156,523 1639582482
1 1 16 -8,76 8,94 -156,523 1639582482
1 1 17 -3,36 12,56 -156,504 1639582483
1 1 17 -2,86 12,56 -156,498 1639582484
1 1 17 -2,93 12,81 -156,584 1639582484
1 1 17 -3,11 12,99 -156,504 1639582484
1 1 17 -3,36 13,06 -156,511 1639582485
1 1 17 -3,61 12,99 -156,474 1639582485
1 1 17 -3,80 12,81 -156,468 1639582486
1 1 17 -3,86 12,56 -156,425 1639582486
1 1 17 -3,80 12,31 -156,498 1639582486
1 1 17 -3,61 12,12 -156,541 1639582487
1 1 17 -3,36 12,06 -156,492 1639582487
1 1 17 -3,11 12,12 -156,498 1639582488
1 1 17 -2,93 12,31 -156,498 1639582488
1 1 18 -4,24 4,24 -156,511 1639582489
1 1 18 -3,74 4,24 -156,523 1639582490
1 1 18 -3,81 4,49 -156,486 1639582491
1 1 18 -3,99 4,68 -156,547 1639582491
1 1 18 -4,24 4,74 -156,498 1639582491
1 1 18 -4,49 4,68 -156,498 1639582492
1 1 18 -4,68 4,49 -156,553 1639582492
1 1 18 -4,74 4,24 -156,529 1639582493
1 1 18 -4,68 3,99 -156,529 1639582494
1 1 18 -4,49 3,81 -156,443 1639582494
1 1 18 -4,24 3,74 -156,572 1639582494
1 1 18 -3,99 3,81 -156,535 1639582495
1 1 18 -3,81 3,99 -156,492 1639582495
1 1 19 -4,24 -4,24 -156,498 1639582496
1 1 19 -3,74 -4,24 -156,553 1639582497
1 1 19 -3,81 -3,99 -156,468 1639582498
1 1 19 -3,99 -3,81 -156,584 1639582498
1 1 19 -4,24 -3,74 -156,480 1639582498
1 1 19 -4,49 -3,81 -156,523 1639582499
1 1 19 -4,68 -3,99 -156,492 1639582499
1 1 19 -4,74 -4,24 -156,529 1639582500
1 1 19 -4,68 -4,49 -156,511 1639582500
1 1 19 -4,49 -4,68 -156,523 1639582500
1 1 19 -4,24 -4,74 -156,547 1639582501
1 1 19 -3,99 -4,68 -156,504 1639582501
1 1 19 -3,81 -4,49 -156,462 1639582502
1 1 20 -3,36 -12,56 -156,498 1639582503
1 1 20 -2,86 -12,56 -156,535 1639582503
1 1 20 -2,93 -12,31 -156,523 1639582504
1 1 20 -3,11 -12,12 -156,535 1639582504
1 1 20 -3,36 -12,06 -156,504 1639582505
1 1 20 -3,61 -12,12 -156,498 1639582505
1 1 20 -3,80 -12,31 -156,523 1639582505
1 1 20 -3,86 -12,56 -156,498 1639582506
1 1 20 -3,80 -12,81 -156,486 1639582506
1 1 20 -3,61 -12,99 -156,523 1639582507
1 1 20 -3,36 -13,06 -156,474 1639582507
1 1 20 -3,11 -12,99 -156,517 1639582508
1 1 20 -2,93 -12,81 -156,468 1639582508
1 1 21 -9,19 -9,19 -156,523 1639582509
1 1 21 -8,69 -9,19 -156,504 1639582509
1 1 21 -8,76 -8,94 -156,523 1639582510
1 1 21 -8,94 -8,76 -156,498 1639582510
1 1 21 -9,19 -8,69 -156,443 1639582511
1 1 21 -9,44 -8,76 -156,486 1639582511
1 1 21 -9,63 -8,94 -156,541 1639582512
1 1 21 -9,69 -9,19 -156,535 1639582512
1 1 21 -9,63 -9,44 -156,523 1639582513
1 1 21 -9,44 -9,63 -156,492 1639582513
1 1 21 -9,19 -9,69 -156,504 1639582514
1 1 21 -8,94 -9,63 -156,511 1639582515
1 1 21 -8,76 -9,44 -156,511 1639582515
1 1 22 -12,56 -3,36 -156,517 1639582516
1 1 22 -12,06 -3,36 -156,498 1639582516
1 1 22 -12,12 -3,11 -156,443 1639582517
1 1 22 -12,31 -2,93 -156,529 1639582517
1 1 22 -12,56 -2,86 -156,474 1639582518
1 1 22 -12,81 -2,93 -156,498 1639582518
1 1 22 -12,99 -3,11 -156,511 1639582519
1 1 22 -13,06 -3,36 -156,498 1639582519
1 1 22 -12,99 -3,61 -156,523 1639582520
1 1 22 -12,81 -3,80 -156,456 1639582520
1 1 22 -12,56 -3,86 -156,462 1639582521
1 1 22 -12,31 -3,80 -156,486 1639582521
1 1 22 -12,12 -3,61 -156,541 1639582522
1 1 23 -19,32 -5,18 -156,474 1639582523
1 1 23 -18,82 -5,18 -156,486 1639582523
1 1 23 -18,89 -4,93 -156,529 1639582524
1 1 23 -19,07 -4,74 -156,468 1639582524
1 1 23 -19,32 -4,68 -156,443 1639582525
1 1 23 -19,57 -4,74 -156,462 1639582525
1 1 23 -19,75 -4,93 -156,523 1639582526
1 1 23 -19,82 -5,18 -156,608 1639582526
1 1 23 -19,75 -5,43 -156,590 1639582527
1 1 23 -19,57 -5,61 -156,749 1639582527
1 1 23 -19,32 -5,68 -156,449 1639582527
1 1 23 -19,07 -5,61 -156,443 1639582528
1 1 23 -18,89 -5,43 -156,462 1639582528
1 1 24 -17,32 -10,00 -156,498 1639582529
1 1 24 -16,82 -10,00 -156,517 1639582530
1 1 24 -16,89 -9,75 -156,523 1639582530
1 1 24 -17,07 -9,57 -156,498 1639582531
1 1 24 -17,32 -9,50 -156,498 1639582531
1 1 24 -17,57 -9,57 -156,474 1639582532
1 1 24 -17,75 -9,75 -156,474 1639582532
1 1 24 -17,82 -10,00 -156,462 1639582533
1 1 24 -17,75 -10,25 -156,498 1639582533
1 1 24 -17,57 -10,43 -156,474 1639582533
1 1 24 -17,32 -10,50 -156,480 1639582534
1 1 24 -17,07 -10,43 -156,529 1639582535
1 1 24 -16,89 -10,25 -156,480 1639582535
1 1 25 -14,14 -14,14 -156,541 1639582536
1 1 25 -13,64 -14,14 -156,517 1639582536
1 1 25 -13,71 -13,89 -156,553 1639582536
1 1 25 -13,89 -13,71 -156,511 1639582537
1 1 25 -14,14 -13,64 -156,511 1639582538
1 1 25 -14,39 -13,71 -156,541 1639582538
1 1 25 -14,58 -13,89 -156,498 1639582539
1 1 25 -14,64 -14,14 -156,492 1639582539
1 1 25 -14,58 -14,39 -156,077 1639582540
1 1 25 -14,39 -14,58 -156,468 1639582540
1 1 25 -14,14 -14,64 -156,553 1639582541
1 1 25 -13,89 -14,58 -156,498 1639582541
1 1 25 -13,71 -14,39 -156,572 1639582542
1 1 26 -10,00 -17,32 -156,486 1639582542
1 1 26 -9,50 -17,32 -156,474 1639582543
1 1 26 -9,57 -17,07 -156,547 1639582544
1 1 26 -9,75 -16,89 -156,474 1639582544
1 1 26 -10,00 -16,82 -156,480 1639582544
1 1 26 -10,25 -16,89 -156,468 1639582545
1 1 26 -10,43 -17,07 -156,541 1639582546
1 1 26 -10,50 -17,32 -156,523 1639582546
1 1 26 -10,43 -17,57 -156,608 1639582547
1 1 26 -10,25 -17,75 -156,553 1639582547
1 1 26 -10,00 -17,82 -156,498 1639582548
1 1 26 -9,75 -17,75 -156,535 1639582548
1 1 26 -9,57 -17,57 -156,529 1639582548
1 1 27 -5,18 -19,32 -156,492 1639582549
1 1 27 -4,68 -19,32 -156,456 1639582550
1 1 27 -4,74 -19,07 -156,486 1639582550
1 1 27 -4,93 -18,89 -156,541 1639582551
1 1 27 -5,18 -18,82 -156,474 1639582552
1 1 27 -5,43 -18,89 -156,480 1639582552
1 1 27 -5,61 -19,07 -156,498 1639582552
1 1 27 -5,68 -19,32 -156,541 1639582553
1 1 27 -5,61 -19,57 -156,511 1639582553
1 1 27 -5,43 -19,75 -156,541 1639582553
1 1 27 -5,18 -19,82 -156,498 1639582554
1 1 27 -4,93 -19,75 -156,474 1639582555
1 1 27 -4,74 -19,57 -156,498 1639582555
1 1 28 5,18 -19,32 -156,498 1639582556
1 1 28 5,68 -19,32 -156,492 1639582557
1 1 28 5,61 -19,07 -156,504 1639582557
1 1 28 5,43 -18,89 -156,523 1639582558
1 1 28 5,18 -18,82 -156,480 1639582558
1 1 28 4,93 -18,89 -156,535 1639582559
1 1 28 4,74 -19,07 -156,511 1639582559
1 1 28 4,68 -19,32 -156,504 1639582560
1 1 28 4,74 -19,57 -156,468 1639582560
1 1 28 4,93 -19,75 -156,517 1639582560
1 1 28 5,18 -19,82 -156,474 1639582561
1 1 28 5,43 -19,75 -156,431 1639582562
1 1 28 5,61 -19,57 -156,523 1639582562
1 1 29 10,00 -17,32 -156,492 1639582562
1 1 29 10,50 -17,32 -156,486 1639582563
1 1 29 10,43 -17,07 -156,541 1639582564
1 1 29 10,25 -16,89 -156,523 1639582564
1 1 29 10,00 -16,82 -156,486 1639582565
1 1 29 9,75 -16,89 -156,523 1639582565
1 1 29 9,57 -17,07 -156,480 1639582565
1 1 29 9,50 -17,32 -156,498 1639582566
1 1 29 9,57 -17,57 -156,523 1639582566
1 1 29 9,75 -17,75 -156,468 1639582567
1 1 29 10,00 -17,82 -156,541 1639582567
1 1 29 10,25 -17,75 -156,547 1639582568
1 1 29 10,43 -17,57 -156,541 1639582568
1 1 30 14,14 -14,14 -156,492 1639582569
1 1 30 14,64 -14,14 -156,541 1639582569
1 1 30 14,58 -13,89 -156,334 1639582570
1 1 30 14,39 -13,71 -156,511 1639582571
1 1 30 14,14 -13,64 -156,492 1639582571
1 1 30 13,89 -13,71 -156,456 1639582572
1 1 30 13,71 -13,89 -156,498 1639582572
1 1 30 13,64 -14,14 -156,565 1639582573
1 1 30 13,71 -14,39 -156,462 1639582573
1 1 30 13,89 -14,58 -156,498 1639582573
1 1 30 14,14 -14,64 -156,498 1639582574
1 1 30 14,39 -14,58 -156,541 1639582575
1 1 30 14,58 -14,39 -156,541 1639582575
1 1 31 17,32 -10,00 -156,523 1639582576
1 1 31 17,82 -10,00 -156,492 1639582577
1 1 31 17,75 -9,75 -156,541 1639582577
1 1 31 17,57 -9,57 -156,535 1639582578
1 1 31 17,32 -9,50 -156,498 1639582578
1 1 31 17,07 -9,57 -156,535 1639582579
1 1 31 16,89 -9,75 -156,486 1639582579
1 1 31 16,82 -10,00 -156,498 1639582580
1 1 31 16,89 -10,25 -156,498 1639582580
1 1 31 17,07 -10,43 -156,523 1639582580
1 1 31 17,32 -10,50 -156,498 1639582581
1 1 31 17,57 -10,43 -156,462 1639582582
1 1 31 17,75 -10,25 -156,553 1639582582
1 1 32 19,32 -5,18 -156,498 1639582583
1 1 32 19,82 -5,18 -156,529 1639582583
1 1 32 19,75 -4,93 -156,511 1639582583
1 1 32 19,57 -4,74 -156,529 1639582584
1 1 32 19,32 -4,68 -156,572 1639582584
1 1 32 19,07 -4,74 -156,462 1639582585
1 1 32 18,89 -4,93 -156,523 1639582585
1 1 32 18,82 -5,18 -156,529 1639582586
1 1 32 18,89 -5,43 -156,553 1639582586
1 1 32 19,07 -5,61 -156,547 1639582587
1 1 32 19,32 -5,68 -156,523 1639582587
1 1 32 19,57 -5,61 -156,529 1639582588
1 1 32 19,75 -5,43 -156,559 1639582588
1 1 33 12,56 -3,36 -156,462 1639582589
1 1 33 13,06 -3,36 -156,511 1639582590
1 1 33 12,99 -3,11 -156,517 1639582590
1 1 33 12,81 -2,93 -156,529 1639582590
1 1 33 12,56 -2,86 -156,523 1639582591
1 1 33 12,31 -2,93 -156,517 1639582591
1 1 33 12,12 -3,11 -156,480 1639582591
1 1 33 12,06 -3,36 -156,456 1639582592
1 1 33 12,12 -3,61 -156,511 1639582592
1 1 33 12,31 -3,80 -156,541 1639582593
1 1 33 12,56 -3,86 -156,492 1639582594
1 1 33 12,81 -3,80 -156,541 1639582594
1 1 33 12,99 -3,61 -156,517 1639582594
1 1 34 9,19 -9,19 -156,535 1639582595
1 1 34 9,69 -9,19 -156,529 1639582596
1 1 34 9,63 -8,94 -156,529 1639582597
1 1 34 9,44 -8,76 -156,511 1639582597
1 1 34 9,19 -8,69 -156,523 1639582597
1 1 34 8,94 -8,76 -156,541 1639582598
1 1 34 8,76 -8,94 -156,511 1639582598
1 1 34 8,69 -9,19 -156,553 1639582599
1 1 34 8,76 -9,44 -156,511 1639582599
1 1 34 8,94 -9,63 -156,486 1639582600
1 1 34 9,19 -9,69 -156,541 1639582600
1 1 34 9,44 -9,63 -156,511 1639582601
1 1 34 9,63 -9,44 -156,523 1639582601
1 1 35 3,36 -12,56 -156,511 1639582602
1 1 35 3,86 -12,56 -156,486 1639582602
1 1 35 3,80 -12,31 -156,498 1639582603
1 1 35 3,61 -12,12 -156,498 1639582603
1 1 35 3,36 -12,06 -156,443 1639582604
1 1 35 3,11 -12,12 -156,816 1639582604
1 1 35 2,93 -12,31 -156,523 1639582605
1 1 35 2,86 -12,56 -156,437 1639582605
1 1 35 2,93 -12,81 -156,449 1639582606
1 1 35 3,11 -12,99 -156,419 1639582606
1 1 35 3,36 -13,06 -156,456 1639582606
1 1 35 3,61 -12,99 -156,498 1639582607
1 1 35 3,80 -12,81 -156,474 1639582607
1 1 36 4,24 -4,24 -156,578 1639582608
1 1 36 4,74 -4,24 -156,541 1639582609
1 1 36 4,68 -3,99 -156,578 1639582609
1 1 36 4,49 -3,81 -156,559 1639582609
1 1 36 4,24 -3,74 -156,474 1639582610
1 1 36 3,99 -3,81 -156,511 1639582610
1 1 36 3,81 -3,99 -156,523 1639582611
1 1 36 3,74 -4,24 -156,523 1639582612
1 1 36 3,81 -4,49 -156,462 1639582612
1 1 36 3,99 -4,68 -156,504 1639582612
1 1 36 4,24 -4,74 -156,535 1639582613
1 1 36 4,49 -4,68 -156,498 1639582614
1 1 36 4,68 -4,49 -156,523 1639582614
1 1 37 27,00 0,00 -156,480 1639582615
1 1 37 27,50 0,00 -156,431 1639582616
1 1 37 27,43 0,25 -156,492 1639582616
1 1 37 27,25 0,43 -156,462 1639582617
1 1 37 27,00 0,50 -156,553 1639582618
1 1 37 26,75 0,43 -156,517 1639582618
1 1 37 26,57 0,25 -156,523 1639582618
1 1 37 26,50 0,00 -156,498 1639582619
1 1 37 26,57 -0,25 -156,517 1639582620
1 1 37 26,75 -0,43 -156,486 1639582620
1 1 37 27,00 -0,50 -156,468 1639582620
1 1 37 27,25 -0,43 -156,498 1639582620
1 1 37 27,43 -0,25 -156,498 1639582621
1 1 38 26,08 6,99 -156,462 1639582622
1 1 38 26,58 6,99 -156,480 1639582622
1 1 38 26,51 7,24 -156,523 1639582623
1 1 38 26,33 7,42 -156,462 1639582623
1 1 38 26,08 7,49 -156,474 1639582624
1 1 38 25,83 7,42 -156,492 1639582624
1 1 38 25,65 7,24 -156,480 1639582624
1 1 38 25,58 6,99 -156,474 1639582625
1 1 38 25,65 6,74 -156,480 1639582625
1 1 38 25,83 6,56 -156,474 1639582625
1 1 38 26,08 6,49 -156,468 1639582626
1 1 38 26,33 6,56 -156,419 1639582627
1 1 38 26,51 6,74 -156,492 1639582627
1 1 39 23,38 13,50 -156,425 1639582628
1 1 39 23,88 13,50 -156,565 1639582628
1 1 39 23,82 13,75 -156,529 1639582628
1 1 39 23,63 13,93 -156,498 1639582629
1 1 39 23,38 14,00 -156,517 1639582629
1 1 39 23,13 13,93 -156,535 1639582630
1 1 39 22,95 13,75 -156,462 1639582630
1 1 39 22,88 13,50 -156,468 1639582631
1 1 39 22,95 13,25 -156,443 1639582631
1 1 39 23,13 13,07 -156,480 1639582632
1 1 39 23,38 13,00 -156,462 1639582632
1 1 39 23,63 13,07 -156,584 1639582633
1 1 39 23,82 13,25 -156,498 1639582633
1 1 40 19,09 19,09 -156,541 1639582634
1 1 40 19,59 19,09 -156,498 1639582635
1 1 40 19,52 19,34 -156,504 1639582635
1 1 40 19,34 19,52 -156,492 1639582635
1 1 40 19,09 19,59 -156,480 1639582636
1 1 40 18,84 19,52 -156,529 1639582637
1 1 40 18,66 19,34 -156,535 1639582637
1 1 40 18,59 19,09 -156,535 1639582637
1 1 40 18,66 18,84 -156,498 1639582638
1 1 40 18,84 18,66 -156,523 1639582638
1 1 40 19,09 18,59 -156,474 1639582639
1 1 40 19,34 18,66 -156,474 1639582639
1 1 40 19,52 18,84 -156,511 1639582640
1 1 41 13,50 23,38 -156,523 1639582641
1 1 41 14,00 23,38 -156,486 1639582641
1 1 41 13,93 23,63 -156,535 1639582642
1 1 41 13,75 23,82 -156,498 1639582642
1 1 41 13,50 23,88 -156,523 1639582643
1 1 41 13,25 23,82 -156,474 1639582643
1 1 41 13,07 23,63 -156,492 1639582643
1 1 41 13,00 23,38 -156,523 1639582644
1 1 41 13,07 23,13 -156,504 1639582645
1 1 41 13,25 22,95 -156,480 1639582645
1 1 41 13,50 22,88 -156,523 1639582645
1 1 41 13,75 22,95 -156,498 1639582645
1 1 41 13,93 23,13 -156,486 1639582646
1 1 42 6,99 26,08 -156,474 1639582647
1 1 42 7,49 26,08 -156,504 1639582647
1 1 42 7,42 26,33 -156,456 1639582648
1 1 42 7,24 26,51 -156,535 1639582648
1 1 42 6,99 26,58 -156,559 1639582648
1 1 42 6,74 26,51 -156,511 1639582649
1 1 42 6,56 26,33 -156,480 1639582649
1 1 42 6,49 26,08 -156,480 1639582650
1 1 42 6,56 25,83 -156,498 1639582651
1 1 42 6,74 25,65 -156,498 1639582651
1 1 42 6,99 25,58 -156,498 1639582651
1 1 42 7,24 25,65 -156,498 1639582652
1 1 42 7,42 25,83 -156,498 1639582652
1 1 43 0,00 27,00 -156,529 1639582653
1 1 43 0,50 27,00 -156,498 1639582653
1 1 43 0,43 27,25 -156,468 1639582654
1 1 43 0,25 27,43 -156,511 1639582654
1 1 43 0,00 27,50 -156,480 1639582655
1 1 43 -0,25 27,43 -156,541 1639582655
1 1 43 -0,43 27,25 -156,492 1639582656
1 1 43 -0,50 27,00 -156,553 1639582656
1 1 43 -0,43 26,75 -156,523 1639582657
1 1 43 -0,25 26,57 -156,480 1639582657
1 1 43 0,00 26,50 -156,529 1639582658
1 1 43 0,25 26,57 -156,492 1639582658
1 1 43 0,43 26,75 -156,511 1639582658
1 1 44 -6,99 26,08 -156,498 1639582659
1 1 44 -6,49 26,08 -156,492 1639582660
1 1 44 -6,56 26,33 -156,535 1639582660
1 1 44 -6,74 26,51 -156,498 1639582661
1 1 44 -6,99 26,58 -156,492 1639582661
1 1 44 -7,24 26,51 -156,504 1639582662
1 1 44 -7,42 26,33 -156,456 1639582662
1 1 44 -7,49 26,08 -156,492 1639582663
1 1 44 -7,42 25,83 -156,462 1639582663
1 1 44 -7,24 25,65 -156,468 1639582664
1 1 44 -6,99 25,58 -156,498 1639582664
1 1 44 -6,74 25,65 -156,517 1639582665
1 1 44 -6,56 25,83 -156,559 1639582665
1 1 45 -13,50 23,38 -156,498 1639582666
1 1 45 -13,00 23,38 -156,517 1639582667
1 1 45 -13,07 23,63 -156,535 1639582667
1 1 45 -13,25 23,82 -156,535 1639582668
1 1 45 -13,50 23,88 -156,529 1639582668
1 1 45 -13,75 23,82 -156,511 1639582669
1 1 45 -13,93 23,63 -156,474 1639582669
1 1 45 -14,00 23,38 -156,498 1639582670
1 1 45 -13,93 23,13 -156,474 1639582670
1 1 45 -13,75 22,95 -156,529 1639582670
1 1 45 -13,50 22,88 -156,529 1639582671
1 1 45 -13,25 22,95 -156,511 1639582671
1 1 45 -13,07 23,13 -156,498 1639582672
1 1 46 -19,09 19,09 -156,492 1639582672
1 1 46 -18,59 19,09 -156,498 1639582673
1 1 46 -18,66 19,34 -156,541 1639582673
1 1 46 -18,84 19,52 -156,529 1639582674
1 1 46 -19,09 19,59 -156,535 1639582674
1 1 46 -19,34 19,52 -156,523 1639582675
1 1 46 -19,52 19,34 -156,498 1639582675
1 1 46 -19,59 19,09 -156,529 1639582676
1 1 46 -19,52 18,84 -156,529 1639582676
1 1 46 -19,34 18,66 -156,523 1639582677
1 1 46 -19,09 18,59 -156,492 1639582677
1 1 46 -18,84 18,66 -156,486 1639582678
1 1 46 -18,66 18,84 -156,480 1639582678
1 1 47 -23,38 13,50 -156,480 1639582679
1 1 47 -22,88 13,50 -156,498 1639582680
1 1 47 -22,95 13,75 -156,523 1639582680
1 1 47 -23,13 13,93 -156,468 1639582680
1 1 47 -23,38 14,00 -156,523 1639582681
1 1 47 -23,63 13,93 -156,486 1639582682
1 1 47 -23,82 13,75 -156,517 1639582682
1 1 47 -23,88 13,50 -156,553 1639582682
1 1 47 -23,82 13,25 -156,504 1639582683
1 1 47 -23,63 13,07 -156,529 1639582683
1 1 47 -23,38 13,00 -156,523 1639582684
1 1 47 -23,13 13,07 -156,523 1639582684
1 1 47 -22,95 13,25 -156,462 1639582685
1 1 48 -26,08 6,99 -156,553 1639582685
1 1 48 -25,58 6,99 -156,523 1639582686
1 1 48 -25,65 7,24 -156,498 1639582687
1 1 48 -25,83 7,42 -156,553 1639582687
1 1 48 -26,08 7,49 -156,468 1639582687
1 1 48 -26,33 7,42 -156,523 1639582688
1 1 48 -26,51 7,24 -156,474 1639582688
1 1 48 -26,58 6,99 -156,517 1639582689
1 1 48 -26,51 6,74 -156,456 1639582690
1 1 48 -26,33 6,56 -156,541 1639582690
1 1 48 -26,08 6,49 -156,523 1639582690
1 1 48 -25,83 6,56 -156,498 1639582691
1 1 48 -25,65 6,74 -156,498 1639582691
1 1 49 -27,00 0,00 -156,547 1639582692
1 1 49 -26,50 0,00 -156,443 1639582693
1 1 49 -26,57 0,25 -156,474 1639582694
1 1 49 -26,75 0,43 -156,523 1639582694
1 1 49 -27,00 0,50 -156,529 1639582694
1 1 49 -27,25 0,43 -156,443 1639582695
1 1 49 -27,43 0,25 -156,480 1639582695
1 1 49 -27,50 0,00 -156,462 1639582696
1 1 49 -27,43 -0,25 -156,401 1639582697
1 1 49 -27,25 -0,43 -156,437 1639582697
1 1 49 -27,00 -0,50 -156,504 1639582697
1 1 49 -26,75 -0,43 -156,523 1639582698
1 1 49 -26,57 -0,25 -156,468 1639582698
1 1 50 -26,08 -6,99 -156,504 1639582699
1 1 50 -25,58 -6,99 -156,517 1639582700
1 1 50 -25,65 -6,74 -156,511 1639582701
1 1 50 -25,83 -6,56 -156,468 1639582701
1 1 50 -26,08 -6,49 -156,468 1639582702
1 1 50 -26,33 -6,56 -156,498 1639582702
1 1 50 -26,51 -6,74 -156,511 1639582702
1 1 50 -26,58 -6,99 -156,498 1639582703
1 1 50 -26,51 -7,24 -156,529 1639582703
1 1 50 -26,33 -7,42 -156,517 1639582704
1 1 50 -26,08 -7,49 -156,498 1639582704
1 1 50 -25,83 -7,42 -156,486 1639582705
1 1 50 -25,65 -7,24 -156,480 1639582705
1 1 51 -23,38 -13,50 -156,504 1639582706
1 1 51 -22,88 -13,50 -156,535 1639582707
1 1 51 -22,95 -13,25 -156,498 1639582707
1 1 51 -23,13 -13,07 -156,541 1639582708
1 1 51 -23,38 -13,00 -156,529 1639582708
1 1 51 -23,63 -13,07 -156,529 1639582709
1 1 51 -23,82 -13,25 -156,480 1639582709
1 1 51 -23,88 -13,50 -156,523 1639582710
1 1 51 -23,82 -13,75 -156,462 1639582710
1 1 51 -23,63 -13,93 -156,504 1639582711
1 1 51 -23,38 -14,00 -156,498 1639582711
1 1 51 -23,13 -13,93 -156,517 1639582712
1 1 51 -22,95 -13,75 -156,468 1639582712
1 1 52 -19,09 -19,09 -156,480 1639582713
1 1 52 -18,59 -19,09 -156,529 1639582714
1 1 52 -18,66 -18,84 -156,523 1639582714
1 1 52 -18,84 -18,66 -156,523 1639582715
1 1 52 -19,09 -18,59 -156,523 1639582715
1 1 52 -19,34 -18,66 -156,541 1639582716
1 1 52 -19,52 -18,84 -156,498 1639582716
1 1 52 -19,59 -19,09 -156,541 1639582716
1 1 52 -19,52 -19,34 -156,504 1639582717
1 1 52 -19,34 -19,52 -156,498 1639582717
1 1 52 -19,09 -19,59 -156,468 1639582718
1 1 52 -18,84 -19,52 -156,511 1639582718
1 1 52 -18,66 -19,34 -156,511 1639582719
1 1 53 -13,50 -23,38 -156,474 1639582720
1 1 53 -13,00 -23,38 -156,498 1639582720
1 1 53 -13,07 -23,13 -156,529 1639582721
1 1 53 -13,25 -22,95 -156,565 1639582721
1 1 53 -13,50 -22,88 -156,492 1639582722
1 1 53 -13,75 -22,95 -156,523 1639582722
1 1 53 -13,93 -23,13 -156,498 1639582723
1 1 53 -14,00 -23,38 -156,535 1639582723
1 1 53 -13,93 -23,63 -156,535 1639582724
1 1 53 -13,75 -23,82 -156,498 1639582724
1 1 53 -13,50 -23,88 -156,523 1639582724
1 1 53 -13,25 -23,82 -156,474 1639582725
1 1 53 -13,07 -23,63 -156,541 1639582725
1 1 54 -6,99 -26,08 -156,498 1639582726
1 1 54 -6,49 -26,08 -156,486 1639582727
1 1 54 -6,56 -25,83 -156,486 1639582727
1 1 54 -6,74 -25,65 -156,529 1639582728
1 1 54 -6,99 -25,58 -156,498 1639582728
1 1 54 -7,24 -25,65 -156,456 1639582729
1 1 54 -7,42 -25,83 -156,553 1639582729
1 1 54 -7,49 -26,08 -156,535 1639582730
1 1 54 -7,42 -26,33 -156,596 1639582730
1 1 54 -7,24 -26,51 -156,492 1639582731
1 1 54 -6,99 -26,58 -156,584 1639582731
1 1 54 -6,74 -26,51 -156,529 1639582732
1 1 54 -6,56 -26,33 -156,511 1639582732
1 1 55 -0,00 -27,00 -156,480 1639582733
1 1 55 0,50 -27,00 -156,443 1639582733
1 1 55 0,43 -26,75 -156,480 1639582734
1 1 55 0,25 -26,57 -156,492 1639582734
1 1 55 -0,00 -26,50 -156,498 1639582734
1 1 55 -0,25 -26,57 -156,504 1639582735
1 1 55 -0,43 -26,75 -156,547 1639582735
1 1 55 -0,50 -27,00 -156,492 1639582736
1 1 55 -0,43 -27,25 -156,492 1639582736
1 1 55 -0,25 -27,43 -156,553 1639582736
1 1 55 -0,00 -27,50 -156,523 1639582737
1 1 55 0,25 -27,43 -156,486 1639582738
1 1 55 0,43 -27,25 -156,480 1639582738
1 1 56 6,99 -26,08 -156,541 1639582739
1 1 56 7,49 -26,08 -156,498 1639582739
1 1 56 7,42 -25,83 -156,504 1639582740
1 1 56 7,24 -25,65 -156,559 1639582740
1 1 56 6,99 -25,58 -156,486 1639582741
1 1 56 6,74 -25,65 -156,492 1639582741
1 1 56 6,56 -25,83 -156,498 1639582742
1 1 56 6,49 -26,08 -156,517 1639582742
1 1 56 6,56 -26,33 -156,529 1639582743
1 1 56 6,74 -26,51 -156,486 1639582743
1 1 56 6,99 -26,58 -156,529 1639582744
1 1 56 7,24 -26,51 -156,511 1639582745
1 1 56 7,42 -26,33 -156,511 1639582745
1 1 57 13,50 -23,38 -156,468 1639582746
1 1 57 14,00 -23,38 -156,529 1639582746
1 1 57 13,93 -23,13 -156,468 1639582746
1 1 57 13,75 -22,95 -156,486 1639582747
1 1 57 13,50 -22,88 -156,468 1639582748
1 1 57 13,25 -22,95 -156,492 1639582748
1 1 57 13,07 -23,13 -156,504 1639582749
1 1 57 13,00 -23,38 -156,468 1639582749
1 1 57 13,07 -23,63 -156,529 1639582750
1 1 57 13,25 -23,82 -156,474 1639582750
1 1 57 13,50 -23,88 -156,504 1639582751
1 1 57 13,75 -23,82 -156,486 1639582751
1 1 57 13,93 -23,63 -156,529 1639582752
1 1 58 19,09 -19,09 -156,449 1639582752
1 1 58 19,59 -19,09 -156,535 1639582753
1 1 58 19,52 -18,84 -156,498 1639582754
1 1 58 19,34 -18,66 -156,498 1639582754
1 1 58 19,09 -18,59 -156,523 1639582755
1 1 58 18,84 -18,66 -156,480 1639582755
1 1 58 18,66 -18,84 -156,529 1639582755
1 1 58 18,59 -19,09 -156,486 1639582756
1 1 58 18,66 -19,34 -156,486 1639582757
1 1 58 18,84 -19,52 -156,523 1639582757
1 1 58 19,09 -19,59 -156,511 1639582757
1 1 58 19,34 -19,52 -156,480 1639582758
1 1 58 19,52 -19,34 -156,480 1639582758
1 1 59 23,38 -13,50 -156,498 1639582759
1 1 59 23,88 -13,50 -156,468 1639582760
1 1 59 23,82 -13,25 -156,474 1639582760
1 1 59 23,63 -13,07 -156,504 1639582761
1 1 59 23,38 -13,00 -156,437 1639582761
1 1 59 23,13 -13,07 -156,474 1639582762
1 1 59 22,95 -13,25 -156,425 1639582762
1 1 59 22,88 -13,50 -156,437 1639582763
1 1 59 22,95 -13,75 -156,419 1639582763
1 1 59 23,13 -13,93 -156,468 1639582763
1 1 59 23,38 -14,00 -156,468 1639582764
1 1 59 23,63 -13,93 -156,456 1639582765
1 1 59 23,82 -13,75 -156,462 1639582765
1 1 60 26,08 -6,99 -156,498 1639582766
1 1 60 26,58 -6,99 -156,468 1639582766
1 1 60 26,51 -6,74 -156,535 1639582767
1 1 60 26,33 -6,56 -156,529 1639582767
1 1 60 26,08 -6,49 -156,431 1639582768
1 1 60 25,83 -6,56 -156,449 1639582768
1 1 60 25,65 -6,74 -156,486 1639582769
1 1 60 25,58 -6,99 -156,443 1639582769
1 1 60 25,65 -7,24 -156,486 1639582770
1 1 60 25,83 -7,42 -156,480 1639582770
1 1 60 26,08 -7,49 -156,468 1639582771
1 1 60 26,33 -7,42 -156,474 1639582771
1 1 60 26,51 -7,24 -156,529 1639582771
