1 1 1 4,24 4,24 -156,486 1639583830
1 1 1 4,74 4,24 -156,456 1639583830
1 1 1 4,68 4,49 -156,456 1639583831
1 1 1 4,49 4,68 -156,431 1639583831
1 1 1 4,24 4,74 -156,523 1639583832
1 1 1 3,99 4,68 -156,443 1639583832
1 1 1 3,81 4,49 -156,395 1639583832
1 1 1 3,74 4,24 -156,437 1639583833
1 1 1 3,81 3,99 -156,474 1639583833
1 1 1 3,99 3,81 -156,474 1639583834
1 1 1 4,24 3,74 -156,468 1639583834
1 1 1 4,49 3,81 -156,468 1639583835
1 1 1 4,68 3,99 -156,468 1639583835
1 1 2 3,36 12,56 -156,559 1639583836
1 1 2 3,86 12,56 -156,413 1639583836
1 1 2 3,80 12,81 -156,449 1639583837
1 1 2 3,61 12,99 -156,462 1639583837
1 1 2 3,36 13,06 -156,498 1639583837
1 1 2 3,11 12,99 -156,456 1639583838
1 1 2 2,93 12,81 -156,468 1639583838
1 1 2 2,86 12,56 -156,480 1639583839
1 1 2 2,93 12,31 -156,456 1639583839
1 1 2 3,11 12,12 -156,657 1639583840
1 1 2 3,36 12,06 -156,492 1639583840
1 1 2 3,61 12,12 -156,480 1639583841
1 1 2 3,80 12,31 -156,395 1639583841
1 1 3 9,19 9,19 -156,480 1639583842
1 1 3 9,69 9,19 -156,529 1639583842
1 1 3 9,63 9,44 -156,529 1639583842
1 1 3 9,44 9,63 -156,535 1639583843
1 1 3 9,19 9,69 -156,474 1639583844
1 1 3 8,94 9,63 -156,498 1639583845
1 1 3 8,76 9,44 -156,474 1639583845
1 1 3 8,69 9,19 -156,480 1639583845
1 1 3 8,76 8,94 -156,529 1639583846
1 1 3 8,94 8,76 -156,498 1639583846
1 1 3 9,19 8,69 -156,498 1639583847
1 1 3 9,44 8,76 -156,468 1639583847
1 1 3 9,63 8,94 -156,559 1639583848
1 1 4 12,56 3,36 -156,480 1639583849
1 1 4 13,06 3,36 -156,492 1639583849
1 1 4 12,99 3,61 -156,462 1639583850
1 1 4 12,81 3,80 -156,437 1639583850
1 1 4 12,56 3,86 -156,449 1639583851
1 1 4 12,31 3,80 -156,456 1639583851
1 1 4 12,12 3,61 -156,449 1639583851
1 1 4 12,06 3,36 -156,511 1639583852
1 1 4 12,12 3,11 -156,523 1639583853
1 1 4 12,31 2,93 -156,498 1639583853
1 1 4 12,56 2,86 -156,486 1639583853
1 1 4 12,81 2,93 -156,468 1639583854
1 1 4 12,99 3,11 -156,486 1639583854
1 1 5 19,32 5,18 -156,462 1639583855
1 1 5 19,82 5,18 -156,486 1639583856
1 1 5 19,75 5,43 -156,498 1639583856
1 1 5 19,57 5,61 -156,437 1639583856
1 1 5 19,32 5,68 -156,474 1639583857
1 1 5 19,07 5,61 -156,529 1639583858
1 1 5 18,89 5,43 -156,474 1639583858
1 1 5 18,82 5,18 -156,498 1639583858
1 1 5 18,89 4,93 -156,498 1639583859
1 1 5 19,07 4,74 -156,559 1639583859
1 1 5 19,32 4,68 -156,443 1639583860
1 1 5 19,57 4,74 -156,120 1639583861
1 1 5 19,75 4,93 -156,437 1639583861
1 1 6 17,32 10,00 -156,498 1639583862
1 1 6 17,82 10,00 -156,535 1639583862
1 1 6 17,75 10,25 -156,486 1639583863
1 1 6 17,57 10,43 -156,468 1639583863
1 1 6 17,32 10,50 -156,523 1639583864
1 1 6 17,07 10,43 -156,511 1639583864
1 1 6 16,89 10,25 -156,437 1639583865
1 1 6 16,82 10,00 -156,529 1639583865
1 1 6 16,89 9,75 -156,486 1639583866
1 1 6 17,07 9,57 -156,523 1639583866
1 1 6 17,32 9,50 -156,474 1639583867
1 1 6 17,57 9,57 -156,462 1639583867
1 1 6 17,75 9,75 -156,565 1639583868
1 1 7 14,14 14,14 -156,474 1639583869
1 1 7 14,64 14,14 -156,468 1639583869
1 1 7 14,58 14,39 -156,529 1639583869
1 1 7 14,39 14,58 -156,443 1639583870
1 1 7 14,14 14,64 -156,468 1639583870
1 1 7 13,89 14,58 -156,523 1639583871
1 1 7 13,71 14,39 -156,529 1639583871
1 1 7 13,64 14,14 -156,517 1639583872
1 1 7 13,71 13,89 -156,504 1639583872
1 1 7 13,89 13,71 -156,480 1639583873
1 1 7 14,14 13,64 -156,437 1639583873
1 1 7 14,39 13,71 -156,468 1639583874
1 1 7 14,58 13,89 -156,486 1639583874
1 1 8 10,00 17,32 -156,462 1639583875
1 1 8 10,50 17,32 -156,529 1639583875
1 1 8 10,43 17,57 -156,480 1639583876
1 1 8 10,25 17,75 -156,480 1639583876
1 1 8 10,00 17,82 -156,504 1639583877
1 1 8 9,75 17,75 -156,480 1639583877
1 1 8 9,57 17,57 -156,456 1639583878
1 1 8 9,50 17,32 -156,498 1639583878
1 1 8 9,57 17,07 -156,443 1639583879
1 1 8 9,75 16,89 -156,480 1639583879
1 1 8 10,00 16,82 -156,517 1639583880
1 1 8 10,25 16,89 -156,462 1639583880
1 1 8 10,43 17,07 -156,462 1639583881
1 1 9 5,18 19,32 -156,492 1639583881
1 1 9 5,68 19,32 -156,486 1639583882
1 1 9 5,61 19,57 -156,486 1639583882
1 1 9 5,43 19,75 -156,480 1639583883
1 1 9 5,18 19,82 -156,504 1639583884
1 1 9 4,93 19,75 -156,492 1639583884
1 1 9 4,74 19,57 -156,565 1639583884
1 1 9 4,68 19,32 -156,511 1639583885
1 1 9 4,74 19,07 -156,480 1639583885
1 1 9 4,93 18,89 -156,553 1639583886
1 1 9 5,18 18,82 -156,498 1639583886
1 1 9 5,43 18,89 -156,523 1639583887
1 1 9 5,61 19,07 -156,486 1639583887
1 1 10 -5,18 19,32 -156,492 1639583888
1 1 10 -4,68 19,32 -156,437 1639583889
1 1 10 -4,74 19,57 -156,504 1639583889
1 1 10 -4,93 19,75 -156,462 1639583890
1 1 10 -5,18 19,82 -156,486 1639583890
1 1 10 -5,43 19,75 -156,443 1639583891
1 1 10 -5,61 19,57 -156,456 1639583891
1 1 10 -5,68 19,32 -156,504 1639583892
1 1 10 -5,61 19,07 -156,492 1639583892
1 1 10 -5,43 18,89 -156,462 1639583893
1 1 10 -5,18 18,82 -156,443 1639583893
1 1 10 -4,93 18,89 -156,541 1639583894
1 1 10 -4,74 19,07 -156,449 1639583894
1 1 11 -10,00 17,32 -156,468 1639583895
1 1 11 -9,50 17,32 -156,480 1639583895
1 1 11 -9,57 17,57 -156,456 1639583895
1 1 11 -9,75 17,75 -156,449 1639583896
1 1 11 -10,00 17,82 -156,541 1639583897
1 1 11 -10,25 17,75 -156,462 1639583897
1 1 11 -10,43 17,57 -156,474 1639583898
1 1 11 -10,50 17,32 -156,486 1639583898
1 1 11 -10,43 17,07 -156,504 1639583899
1 1 11 -10,25 16,89 -156,462 1639583899
1 1 11 -10,00 16,82 -156,480 1639583900
1 1 11 -9,75 16,89 -156,486 1639583900
1 1 11 -9,57 17,07 -156,437 1639583901
1 1 12 -14,14 14,14 -156,541 1639583902
1 1 12 -13,64 14,14 -156,572 1639583902
1 1 12 -13,71 14,39 -156,462 1639583903
1 1 12 -13,89 14,58 -156,669 1639583903
1 1 12 -14,14 14,64 -156,767 1639583904
1 1 12 -14,39 14,58 -156,468 1639583904
1 1 12 -14,58 14,39 -156,498 1639583905
1 1 12 -14,64 14,14 -156,474 1639583905
1 1 12 -14,58 13,89 -156,535 1639583906
1 1 12 -14,39 13,71 -156,486 1639583906
1 1 12 -14,14 13,64 -156,449 1639583907
1 1 12 -13,89 13,71 -156,498 1639583907
1 1 12 -13,71 13,89 -156,517 1639583908
1 1 13 -17,32 10,00 -156,523 1639583908
1 1 13 -16,82 10,00 -156,437 1639583909
1 1 13 -16,89 10,25 -156,462 1639583910
1 1 13 -17,07 10,43 -156,657 1639583910
1 1 13 -17,32 10,50 -156,529 1639583910
1 1 13 -17,57 10,43 -156,437 1639583911
1 1 13 -17,75 10,25 -156,492 1639583911
1 1 13 -17,82 10,00 -156,437 1639583912
1 1 13 -17,75 9,75 -156,651 1639583912
1 1 13 -17,57 9,57 -156,498 1639583912
1 1 13 -17,32 9,50 -156,468 1639583913
1 1 13 -17,07 9,57 -156,462 1639583913
1 1 13 -16,89 9,75 -156,431 1639583913
1 1 14 -19,32 5,18 -156,492 1639583914
1 1 14 -18,82 5,18 -156,486 1639583915
1 1 14 -18,89 5,43 -156,474 1639583915
1 1 14 -19,07 5,61 -156,572 1639583915
1 1 14 -19,32 5,68 -156,462 1639583916
1 1 14 -19,57 5,61 -156,529 1639583916
1 1 14 -19,75 5,43 -156,462 1639583916
1 1 14 -19,82 5,18 -156,462 1639583917
1 1 14 -19,75 4,93 -156,480 1639583917
1 1 14 -19,57 4,74 -156,761 1639583918
1 1 14 -19,32 4,68 -156,443 1639583918
1 1 14 -19,07 4,74 -156,504 1639583918
1 1 14 -18,89 4,93 -156,492 1639583919
1 1 15 -12,56 3,36 -156,511 1639583920
1 1 15 -12,06 3,36 -156,504 1639583920
1 1 15 -12,12 3,61 -156,541 1639583921
1 1 15 -12,31 3,80 -156,492 1639583921
1 1 15 -12,56 3,86 -156,462 1639583921
1 1 15 -12,81 3,80 -156,462 1639583922
1 1 15 -12,99 3,61 -156,474 1639583922
1 1 15 -13,06 3,36 -156,474 1639583922
1 1 15 -12,99 3,11 -156,474 1639583923
1 1 15 -12,81 2,93 -156,535 1639583923
1 1 15 -12,56 2,86 -156,498 1639583924
1 1 15 -12,31 2,93 -156,443 1639583924
1 1 15 -12,12 3,11 -156,504 1639583925
1 1 16 -9,19 9,19 -156,449 1639583926
1 1 16 -8,69 9,19 -156,492 1639583927
1 1 16 -8,76 9,44 -156,462 1639583927
1 1 16 -8,94 9,63 -156,504 1639583927
1 1 16 -9,19 9,69 -156,498 1639583928
1 1 16 -9,44 9,63 -156,480 1639583929
1 1 16 -9,63 9,44 -156,462 1639583929
1 1 16 -9,69 9,19 -156,468 1639583929
1 1 16 -9,63 8,94 -156,498 1639583930
1 1 16 -9,44 8,76 -156,462 1639583930
1 1 16 -9,19 8,69 -156,480 1639583931
1 1 16 -8,94 8,76 -156,547 1639583932
1 1 16 -8,76 8,94 -156,511 1639583932
1 1 17 -3,36 12,56 -156,498 1639583933
1 1 17 -2,86 12,56 -156,486 1639583933
1 1 17 -2,93 12,81 -156,553 1639583933
1 1 17 -3,11 12,99 -156,474 1639583934
1 1 17 -3,36 13,06 -156,511 1639583934
1 1 17 -3,61 12,99 -156,462 1639583934
1 1 17 -3,80 12,81 -156,437 1639583935
1 1 17 -3,86 12,56 -156,437 1639583936
1 1 17 -3,80 12,31 -156,474 1639583936
1 1 17 -3,61 12,12 -156,486 1639583937
1 1 17 -3,36 12,06 -156,474 1639583937
1 1 17 -3,11 12,12 -156,498 1639583938
1 1 17 -2,93 12,31 -156,077 1639583938
1 1 18 -4,24 4,24 -156,517 1639583939
1 1 18 -3,74 4,24 -156,504 1639583939
1 1 18 -3,81 4,49 -156,462 1639583940
1 1 18 -3,99 4,68 -156,547 1639583940
1 1 18 -4,24 4,74 -156,456 1639583941
1 1 18 -4,49 4,68 -156,449 1639583942
1 1 18 -4,68 4,49 -156,480 1639583942
1 1 18 -4,74 4,24 -156,474 1639583942
1 1 18 -4,68 3,99 -156,529 1639583943
1 1 18 -4,49 3,81 -156,443 1639583943
1 1 18 -4,24 3,74 -156,572 1639583944
1 1 18 -3,99 3,81 -156,559 1639583944
1 1 18 -3,81 3,99 -156,425 1639583945
1 1 19 -4,24 -4,24 -156,468 1639583946
1 1 19 -3,74 -4,24 -156,523 1639583946
1 1 19 -3,81 -3,99 -156,449 1639583947
1 1 19 -3,99 -3,81 -156,535 1639583947
1 1 19 -4,24 -3,74 -156,468 1639583948
1 1 19 -4,49 -3,81 -156,529 1639583948
1 1 19 -4,68 -3,99 -156,462 1639583949
1 1 19 -4,74 -4,24 -156,523 1639583949
1 1 19 -4,68 -4,49 -156,517 1639583950
1 1 19 -4,49 -4,68 -156,523 1639583950
1 1 19 -4,24 -4,74 -156,535 1639583951
1 1 19 -3,99 -4,68 -156,480 1639583951
1 1 19 -3,81 -4,49 -156,443 1639583952
1 1 20 -3,36 -12,56 -156,474 1639583953
1 1 20 -2,86 -12,56 -156,498 1639583953
1 1 20 -2,93 -12,31 -156,474 1639583954
1 1 20 -3,11 -12,12 -156,529 1639583954
1 1 20 -3,36 -12,06 -156,504 1639583954
1 1 20 -3,61 -12,12 -156,468 1639583955
1 1 20 -3,80 -12,31 -156,480 1639583955
1 1 20 -3,86 -12,56 -156,504 1639583955
1 1 20 -3,80 -12,81 -156,102 1639583955
1 1 20 -3,61 -12,99 -156,492 1639583956
1 1 20 -3,36 -13,06 -156,492 1639583956
1 1 20 -3,11 -12,99 -156,449 1639583956
1 1 20 -2,93 -12,81 -156,492 1639583956
1 1 21 -9,19 -9,19 -156,504 1639583957
1 1 21 -8,69 -9,19 -156,492 1639583958
1 1 21 -8,76 -8,94 -156,492 1639583958
1 1 21 -8,94 -8,76 -156,449 1639583958
1 1 21 -9,19 -8,69 -156,431 1639583958
1 1 21 -9,44 -8,76 -156,480 1639583959
1 1 21 -9,63 -8,94 -156,498 1639583959
1 1 21 -9,69 -9,19 -156,504 1639583959
1 1 21 -9,63 -9,44 -156,462 1639583959
1 1 21 -9,44 -9,63 -156,474 1639583960
1 1 21 -9,19 -9,69 -156,480 1639583960
1 1 21 -8,94 -9,63 -156,468 1639583960
1 1 21 -8,76 -9,44 -156,486 1639583960
1 1 22 -12,56 -3,36 -156,498 1639583961
1 1 22 -12,06 -3,36 -156,492 1639583961
1 1 22 -12,12 -3,11 -156,468 1639583962
1 1 22 -12,31 -2,93 -156,523 1639583962
1 1 22 -12,56 -2,86 -156,468 1639583962
1 1 22 -12,81 -2,93 -156,474 1639583962
1 1 22 -12,99 -3,11 -156,474 1639583963
1 1 22 -13,06 -3,36 -156,449 1639583963
1 1 22 -12,99 -3,61 -156,523 1639583963
1 1 22 -12,81 -3,80 -156,419 1639583963
1 1 22 -12,56 -3,86 -156,462 1639583964
1 1 22 -12,31 -3,80 -156,486 1639583964
1 1 22 -12,12 -3,61 -156,541 1639583964
1 1 23 -19,32 -5,18 -156,437 1639583965
1 1 23 -18,82 -5,18 -156,498 1639583965
1 1 23 -18,89 -4,93 -156,480 1639583966
1 1 23 -19,07 -4,74 -156,480 1639583966
1 1 23 -19,32 -4,68 -156,431 1639583966
1 1 23 -19,57 -4,74 -156,449 1639583966
1 1 23 -19,75 -4,93 -156,486 1639583967
1 1 23 -19,82 -5,18 -156,486 1639583967
1 1 23 -19,75 -5,43 -156,474 1639583967
1 1 23 -19,57 -5,61 -156,492 1639583968
1 1 23 -19,32 -5,68 -156,449 1639583968
1 1 23 -19,07 -5,61 -156,425 1639583968
1 1 23 -18,89 -5,43 -156,498 1639583968
1 1 24 -17,32 -10,00 -156,498 1639583969
1 1 24 -16,82 -10,00 -156,553 1639583969
1 1 24 -16,89 -9,75 -156,572 1639583970
1 1 24 -17,07 -9,57 -156,468 1639583970
1 1 24 -17,32 -9,50 -156,474 1639583970
1 1 24 -17,57 -9,57 -156,462 1639583971
1 1 24 -17,75 -9,75 -156,437 1639583971
1 1 24 -17,82 -10,00 -156,443 1639583971
1 1 24 -17,75 -10,25 -156,761 1639583971
1 1 24 -17,57 -10,43 -156,480 1639583972
1 1 24 -17,32 -10,50 -156,480 1639583972
1 1 24 -17,07 -10,43 -156,529 1639583972
1 1 24 -16,89 -10,25 -156,480 1639583972
1 1 25 -14,14 -14,14 -156,486 1639583973
1 1 25 -13,64 -14,14 -156,498 1639583973
1 1 25 -13,71 -13,89 -156,529 1639583974
1 1 25 -13,89 -13,71 -156,559 1639583974
1 1 25 -14,14 -13,64 -156,456 1639583974
1 1 25 -14,39 -13,71 -156,523 1639583974
1 1 25 -14,58 -13,89 -156,462 1639583975
1 1 25 -14,64 -14,14 -156,498 1639583975
1 1 25 -14,58 -14,39 -156,517 1639583975
1 1 25 -14,39 -14,58 -156,498 1639583975
1 1 25 -14,14 -14,64 -156,523 1639583976
1 1 25 -13,89 -14,58 -156,486 1639583976
1 1 25 -13,71 -14,39 -156,565 1639583976
1 1 26 -10,00 -17,32 -156,401 1639583977
1 1 26 -9,50 -17,32 -156,498 1639583977
1 1 26 -9,57 -17,07 -156,529 1639583977
1 1 26 -9,75 -16,89 -156,523 1639583978
1 1 26 -10,00 -16,82 -156,492 1639583978
1 1 26 -10,25 -16,89 -156,456 1639583978
1 1 26 -10,43 -17,07 -156,517 1639583979
1 1 26 -10,50 -17,32 -156,504 1639583979
1 1 26 -10,43 -17,57 -156,504 1639583979
1 1 26 -10,25 -17,75 -156,547 1639583979
1 1 26 -10,00 -17,82 -156,511 1639583979
1 1 26 -9,75 -17,75 -156,517 1639583980
1 1 26 -9,57 -17,57 -156,486 1639583980
1 1 27 -5,18 -19,32 -156,462 1639583981
1 1 27 -4,68 -19,32 -156,462 1639583981
1 1 27 -4,74 -19,07 -156,468 1639583981
1 1 27 -4,93 -18,89 -156,480 1639583982
1 1 27 -5,18 -18,82 -156,529 1639583982
1 1 27 -5,43 -18,89 -156,480 1639583982
1 1 27 -5,61 -19,07 -156,553 1639583982
1 1 27 -5,68 -19,32 -156,523 1639583983
1 1 27 -5,61 -19,57 -156,449 1639583983
1 1 27 -5,43 -19,75 -156,498 1639583983
1 1 27 -5,18 -19,82 -156,486 1639583983
1 1 27 -4,93 -19,75 -156,511 1639583984
1 1 27 -4,74 -19,57 -156,456 1639583984
1 1 28 5,18 -19,32 -156,523 1639583985
1 1 28 5,68 -19,32 -156,468 1639583986
1 1 28 5,61 -19,07 -156,474 1639583986
1 1 28 5,43 -18,89 -156,498 1639583986
1 1 28 5,18 -18,82 -156,468 1639583986
1 1 28 4,93 -18,89 -156,559 1639583986
1 1 28 4,74 -19,07 -156,474 1639583987
1 1 28 4,68 -19,32 -156,498 1639583987
1 1 28 4,74 -19,57 -156,572 1639583987
1 1 28 4,93 -19,75 -156,486 1639583987
1 1 28 5,18 -19,82 -156,462 1639583988
1 1 28 5,43 -19,75 -156,437 1639583988
1 1 28 5,61 -19,57 -156,498 1639583988
1 1 29 10,00 -17,32 -156,498 1639583989
1 1 29 10,50 -17,32 -156,462 1639583989
1 1 29 10,43 -17,07 -156,559 1639583990
1 1 29 10,25 -16,89 -156,498 1639583990
1 1 29 10,00 -16,82 -156,437 1639583990
1 1 29 9,75 -16,89 -156,443 1639583990
1 1 29 9,57 -17,07 -156,443 1639583991
1 1 29 9,50 -17,32 -156,462 1639583991
1 1 29 9,57 -17,57 -156,492 1639583991
1 1 29 9,75 -17,75 -156,456 1639583991
1 1 29 10,00 -17,82 -156,523 1639583992
1 1 29 10,25 -17,75 -156,486 1639583992
1 1 29 10,43 -17,57 -156,498 1639583992
1 1 30 14,14 -14,14 -156,437 1639583993
1 1 30 14,64 -14,14 -156,523 1639583993
1 1 30 14,58 -13,89 -156,492 1639583994
1 1 30 14,39 -13,71 -156,102 1639583994
1 1 30 14,14 -13,64 -156,492 1639583994
1 1 30 13,89 -13,71 -156,419 1639583994
1 1 30 13,71 -13,89 -156,529 1639583995
1 1 30 13,64 -14,14 -156,523 1639583995
1 1 30 13,71 -14,39 -156,462 1639583995
1 1 30 13,89 -14,58 -156,468 1639583995
1 1 30 14,14 -14,64 -156,474 1639583996
1 1 30 14,39 -14,58 -156,523 1639583996
1 1 30 14,58 -14,39 -156,553 1639583996
1 1 31 17,32 -10,00 -156,474 1639583997
1 1 31 17,82 -10,00 -156,462 1639583997
1 1 31 17,75 -9,75 -156,480 1639583998
1 1 31 17,57 -9,57 -156,511 1639583998
1 1 31 17,32 -9,50 -156,511 1639583998
1 1 31 17,07 -9,57 -156,517 1639583998
1 1 31 16,89 -9,75 -156,498 1639583999
1 1 31 16,82 -10,00 -156,462 1639583999
1 1 31 16,89 -10,25 -156,449 1639583999
1 1 31 17,07 -10,43 -156,504 1639583999
1 1 31 17,32 -10,50 -156,462 1639584000
1 1 31 17,57 -10,43 -156,468 1639584000
1 1 31 17,75 -10,25 -156,553 1639584000
1 1 32 19,32 -5,18 -156,504 1639584001
1 1 32 19,82 -5,18 -156,553 1639584001
1 1 32 19,75 -4,93 -156,480 1639584002
1 1 32 19,57 -4,74 -156,480 1639584002
1 1 32 19,32 -4,68 -156,511 1639584002
1 1 32 19,07 -4,74 -156,468 1639584002
1 1 32 18,89 -4,93 -156,492 1639584003
1 1 32 18,82 -5,18 -156,468 1639584003
1 1 32 18,89 -5,43 -156,498 1639584003
1 1 32 19,07 -5,61 -156,498 1639584003
1 1 32 19,32 -5,68 -156,535 1639584004
1 1 32 19,57 -5,61 -156,498 1639584004
1 1 32 19,75 -5,43 -156,529 1639584004
1 1 33 12,56 -3,36 -156,468 1639584005
1 1 33 13,06 -3,36 -156,498 1639584005
1 1 33 12,99 -3,11 -156,492 1639584006
1 1 33 12,81 -2,93 -156,504 1639584006
1 1 33 12,56 -2,86 -156,462 1639584006
1 1 33 12,31 -2,93 -156,498 1639584006
1 1 33 12,12 -3,11 -156,468 1639584007
1 1 33 12,06 -3,36 -156,413 1639584007
1 1 33 12,12 -3,61 -156,480 1639584007
1 1 33 12,31 -3,80 -156,468 1639584007
1 1 33 12,56 -3,86 -156,492 1639584007
1 1 33 12,81 -3,80 -156,529 1639584008
1 1 33 12,99 -3,61 -156,529 1639584008
1 1 34 9,19 -9,19 -156,498 1639584009
1 1 34 9,69 -9,19 -156,523 1639584009
1 1 34 9,63 -8,94 -156,535 1639584009
1 1 34 9,44 -8,76 -156,504 1639584010
1 1 34 9,19 -8,69 -156,468 1639584010
1 1 34 8,94 -8,76 -156,498 1639584010
1 1 34 8,76 -8,94 -156,517 1639584010
1 1 34 8,69 -9,19 -156,529 1639584011
1 1 34 8,76 -9,44 -156,498 1639584011
1 1 34 8,94 -9,63 -156,474 1639584011
1 1 34 9,19 -9,69 -156,486 1639584011
1 1 34 9,44 -9,63 -156,498 1639584012
1 1 34 9,63 -9,44 -156,523 1639584012
1 1 35 3,36 -12,56 -156,468 1639584013
1 1 35 3,86 -12,56 -156,462 1639584013
1 1 35 3,80 -12,31 -156,474 1639584013
1 1 35 3,61 -12,12 -156,486 1639584013
1 1 35 3,36 -12,06 -156,407 1639584014
1 1 35 3,11 -12,12 -156,443 1639584014
1 1 35 2,93 -12,31 -156,480 1639584014
1 1 35 2,86 -12,56 -156,443 1639584015
1 1 35 2,93 -12,81 -156,401 1639584015
1 1 35 3,11 -12,99 -156,639 1639584015
1 1 35 3,36 -13,06 -156,474 1639584015
1 1 35 3,61 -12,99 -156,474 1639584016
1 1 35 3,80 -12,81 -156,480 1639584016
1 1 36 4,24 -4,24 -156,529 1639584017
1 1 36 4,74 -4,24 -156,535 1639584017
1 1 36 4,68 -3,99 -156,559 1639584017
1 1 36 4,49 -3,81 -156,565 1639584018
1 1 36 4,24 -3,74 -156,431 1639584018
1 1 36 3,99 -3,81 -156,517 1639584018
1 1 36 3,81 -3,99 -156,492 1639584018
1 1 36 3,74 -4,24 -156,474 1639584019
1 1 36 3,81 -4,49 -156,413 1639584019
1 1 36 3,99 -4,68 -156,492 1639584019
1 1 36 4,24 -4,74 -156,480 1639584019
1 1 36 4,49 -4,68 -156,456 1639584020
1 1 36 4,68 -4,49 -156,492 1639584020
1 1 37 27,00 0,00 -156,480 1639584021
1 1 37 27,50 0,00 -156,462 1639584022
1 1 37 27,43 0,25 -156,425 1639584022
1 1 37 27,25 0,43 -156,474 1639584022
1 1 37 27,00 0,50 -156,498 1639584023
1 1 37 26,75 0,43 -156,504 1639584023
1 1 37 26,57 0,25 -156,474 1639584023
1 1 37 26,50 0,00 -156,443 1639584023
1 1 37 26,57 -0,25 -156,541 1639584023
1 1 37 26,75 -0,43 -156,462 1639584024
1 1 37 27,00 -0,50 -156,449 1639584024
1 1 37 27,25 -0,43 -156,468 1639584025
1 1 37 27,43 -0,25 -156,517 1639584025
1 1 38 26,08 6,99 -156,449 1639584026
1 1 38 26,58 6,99 -156,517 1639584026
1 1 38 26,51 7,24 -156,541 1639584026
1 1 38 26,33 7,42 -156,468 1639584027
1 1 38 26,08 7,49 -156,462 1639584027
1 1 38 25,83 7,42 -156,443 1639584027
1 1 38 25,65 7,24 -156,492 1639584027
1 1 38 25,58 6,99 -156,437 1639584028
1 1 38 25,65 6,74 -156,413 1639584028
1 1 38 25,83 6,56 -156,492 1639584028
1 1 38 26,08 6,49 -156,443 1639584028
1 1 38 26,33 6,56 -156,437 1639584028
1 1 38 26,51 6,74 -156,480 1639584029
1 1 39 23,38 13,50 -156,437 1639584030
1 1 39 23,88 13,50 -156,541 1639584030
1 1 39 23,82 13,75 -156,523 1639584030
1 1 39 23,63 13,93 -156,523 1639584031
1 1 39 23,38 14,00 -156,529 1639584031
1 1 39 23,13 13,93 -156,541 1639584031
1 1 39 22,95 13,75 -156,419 1639584031
1 1 39 22,88 13,50 -156,443 1639584031
1 1 39 22,95 13,25 -156,419 1639584032
1 1 39 23,13 13,07 -156,468 1639584032
1 1 39 23,38 13,00 -156,437 1639584032
1 1 39 23,63 13,07 -156,541 1639584032
1 1 39 23,82 13,25 -156,492 1639584033
1 1 40 19,09 19,09 -156,492 1639584033
1 1 40 19,59 19,09 -156,480 1639584034
1 1 40 19,52 19,34 -156,504 1639584034
1 1 40 19,34 19,52 -156,523 1639584034
1 1 40 19,09 19,59 -156,492 1639584035
1 1 40 18,84 19,52 -156,498 1639584035
1 1 40 18,66 19,34 -156,523 1639584035
1 1 40 18,59 19,09 -156,498 1639584035
1 1 40 18,66 18,84 -156,474 1639584036
1 1 40 18,84 18,66 -156,498 1639584036
1 1 40 19,09 18,59 -156,462 1639584036
1 1 40 19,34 18,66 -156,462 1639584036
1 1 40 19,52 18,84 -156,523 1639584037
1 1 41 13,50 23,38 -156,498 1639584037
1 1 41 14,00 23,38 -156,474 1639584038
1 1 41 13,93 23,63 -156,523 1639584038
1 1 41 13,75 23,82 -156,498 1639584038
1 1 41 13,50 23,88 -156,492 1639584039
1 1 41 13,25 23,82 -156,492 1639584039
1 1 41 13,07 23,63 -156,456 1639584039
1 1 41 13,00 23,38 -156,492 1639584039
1 1 41 13,07 23,13 -156,498 1639584039
1 1 41 13,25 22,95 -156,474 1639584040
1 1 41 13,50 22,88 -156,486 1639584040
1 1 41 13,75 22,95 -156,480 1639584040
1 1 41 13,93 23,13 -156,517 1639584040
1 1 42 6,99 26,08 -156,443 1639584041
1 1 42 7,49 26,08 -156,504 1639584042
1 1 42 7,42 26,33 -156,437 1639584042
1 1 42 7,24 26,51 -156,511 1639584042
1 1 42 6,99 26,58 -156,517 1639584043
1 1 42 6,74 26,51 -156,449 1639584043
1 1 42 6,56 26,33 -156,468 1639584043
1 1 42 6,49 26,08 -156,517 1639584043
1 1 42 6,56 25,83 -156,468 1639584043
1 1 42 6,74 25,65 -156,523 1639584044
1 1 42 6,99 25,58 -156,511 1639584044
1 1 42 7,24 25,65 -156,468 1639584044
1 1 42 7,42 25,83 -156,456 1639584045
1 1 43 0,00 27,00 -156,480 1639584046
1 1 43 0,50 27,00 -156,511 1639584046
1 1 43 0,43 27,25 -156,529 1639584046
1 1 43 0,25 27,43 -156,565 1639584046
1 1 43 0,00 27,50 -156,486 1639584047
1 1 43 -0,25 27,43 -156,498 1639584047
1 1 43 -0,43 27,25 -156,468 1639584047
1 1 43 -0,50 27,00 -156,572 1639584047
1 1 43 -0,43 26,75 -156,498 1639584048
1 1 43 -0,25 26,57 -156,462 1639584048
1 1 43 0,00 26,50 -156,523 1639584048
1 1 43 0,25 26,57 -156,517 1639584048
1 1 43 0,43 26,75 -156,517 1639584049
1 1 44 -6,99 26,08 -156,474 1639584049
1 1 44 -6,49 26,08 -156,163 1639584050
1 1 44 -6,56 26,33 -156,504 1639584050
1 1 44 -6,74 26,51 -156,529 1639584050
1 1 44 -6,99 26,58 -156,474 1639584051
1 1 44 -7,24 26,51 -156,559 1639584051
1 1 44 -7,42 26,33 -156,480 1639584051
1 1 44 -7,49 26,08 -156,498 1639584051
1 1 44 -7,42 25,83 -156,449 1639584052
1 1 44 -7,24 25,65 -156,504 1639584052
1 1 44 -6,99 25,58 -156,498 1639584052
1 1 44 -6,74 25,65 -156,480 1639584052
1 1 44 -6,56 25,83 -156,511 1639584052
1 1 45 -13,50 23,38 -156,474 1639584053
1 1 45 -13,00 23,38 -156,462 1639584054
1 1 45 -13,07 23,63 -156,529 1639584054
1 1 45 -13,25 23,82 -156,547 1639584054
1 1 45 -13,50 23,88 -156,523 1639584055
1 1 45 -13,75 23,82 -156,492 1639584055
1 1 45 -13,93 23,63 -156,480 1639584055
1 1 45 -14,00 23,38 -156,517 1639584055
1 1 45 -13,93 23,13 -156,480 1639584056
1 1 45 -13,75 22,95 -156,480 1639584056
1 1 45 -13,50 22,88 -156,486 1639584056
1 1 45 -13,25 22,95 -156,462 1639584056
1 1 45 -13,07 23,13 -156,486 1639584057
1 1 46 -19,09 19,09 -156,480 1639584057
1 1 46 -18,59 19,09 -156,498 1639584058
1 1 46 -18,66 19,34 -156,553 1639584058
1 1 46 -18,84 19,52 -156,529 1639584058
1 1 46 -19,09 19,59 -156,553 1639584059
1 1 46 -19,34 19,52 -156,547 1639584059
1 1 46 -19,52 19,34 -156,492 1639584059
1 1 46 -19,59 19,09 -156,480 1639584059
1 1 46 -19,52 18,84 -156,437 1639584059
1 1 46 -19,34 18,66 -156,486 1639584060
1 1 46 -19,09 18,59 -156,468 1639584060
1 1 46 -18,84 18,66 -156,523 1639584060
1 1 46 -18,66 18,84 -156,486 1639584060
1 1 47 -23,38 13,50 -156,498 1639584061
1 1 47 -22,88 13,50 -156,504 1639584062
1 1 47 -22,95 13,75 -156,535 1639584062
1 1 47 -23,13 13,93 -156,486 1639584062
1 1 47 -23,38 14,00 -156,535 1639584062
1 1 47 -23,63 13,93 -156,443 1639584063
1 1 47 -23,82 13,75 -156,474 1639584063
1 1 47 -23,88 13,50 -156,498 1639584063
1 1 47 -23,82 13,25 -156,492 1639584063
1 1 47 -23,63 13,07 -156,498 1639584064
1 1 47 -23,38 13,00 -156,480 1639584064
1 1 47 -23,13 13,07 -156,486 1639584064
1 1 47 -22,95 13,25 -156,468 1639584064
1 1 48 -26,08 6,99 -156,559 1639584065
1 1 48 -25,58 6,99 -156,498 1639584065
1 1 48 -25,65 7,24 -156,559 1639584066
1 1 48 -25,83 7,42 -156,523 1639584066
1 1 48 -26,08 7,49 -156,480 1639584066
1 1 48 -26,33 7,42 -156,553 1639584066
1 1 48 -26,51 7,24 -156,504 1639584067
1 1 48 -26,58 6,99 -156,456 1639584067
1 1 48 -26,51 6,74 -156,443 1639584067
1 1 48 -26,33 6,56 -156,529 1639584067
1 1 48 -26,08 6,49 -156,486 1639584068
1 1 48 -25,83 6,56 -156,523 1639584068
1 1 48 -25,65 6,74 -156,492 1639584068
1 1 49 -27,00 0,00 -156,456 1639584069
1 1 49 -26,50 0,00 -156,437 1639584069
1 1 49 -26,57 0,25 -156,529 1639584070
1 1 49 -26,75 0,43 -156,498 1639584070
1 1 49 -27,00 0,50 -156,486 1639584070
1 1 49 -27,25 0,43 -156,382 1639584070
1 1 49 -27,43 0,25 -156,462 1639584071
1 1 49 -27,50 0,00 -156,419 1639584071
1 1 49 -27,43 -0,25 -156,437 1639584071
1 1 49 -27,25 -0,43 -156,449 1639584072
1 1 49 -27,00 -0,50 -156,504 1639584072
1 1 49 -26,75 -0,43 -156,486 1639584072
1 1 49 -26,57 -0,25 -156,456 1639584072
1 1 50 -26,08 -6,99 -156,498 1639584073
1 1 50 -25,58 -6,99 -156,584 1639584074
1 1 50 -25,65 -6,74 -156,480 1639584074
1 1 50 -25,83 -6,56 -156,443 1639584074
1 1 50 -26,08 -6,49 -156,517 1639584074
1 1 50 -26,33 -6,56 -156,492 1639584075
1 1 50 -26,51 -6,74 -156,529 1639584075
1 1 50 -26,58 -6,99 -156,498 1639584075
1 1 50 -26,51 -7,24 -156,511 1639584075
1 1 50 -26,33 -7,42 -156,511 1639584075
1 1 50 -26,08 -7,49 -156,504 1639584076
1 1 50 -25,83 -7,42 -156,535 1639584076
1 1 50 -25,65 -7,24 -156,462 1639584076
1 1 51 -23,38 -13,50 -156,523 1639584077
1 1 51 -22,88 -13,50 -156,517 1639584077
1 1 51 -22,95 -13,25 -156,486 1639584078
1 1 51 -23,13 -13,07 -156,523 1639584078
1 1 51 -23,38 -13,00 -156,572 1639584078
1 1 51 -23,63 -13,07 -156,480 1639584078
1 1 51 -23,82 -13,25 -156,559 1639584079
1 1 51 -23,88 -13,50 -156,553 1639584079
1 1 51 -23,82 -13,75 -156,437 1639584079
1 1 51 -23,63 -13,93 -156,523 1639584079
1 1 51 -23,38 -14,00 -156,541 1639584080
1 1 51 -23,13 -13,93 -156,492 1639584080
1 1 51 -22,95 -13,75 -156,498 1639584080
1 1 52 -19,09 -19,09 -156,511 1639584081
1 1 52 -18,59 -19,09 -156,529 1639584081
1 1 52 -18,66 -18,84 -156,511 1639584082
1 1 52 -18,84 -18,66 -156,529 1639584082
1 1 52 -19,09 -18,59 -156,535 1639584082
1 1 52 -19,34 -18,66 -156,492 1639584082
1 1 52 -19,52 -18,84 -156,449 1639584082
1 1 52 -19,59 -19,09 -156,529 1639584083
1 1 52 -19,52 -19,34 -156,498 1639584083
1 1 52 -19,34 -19,52 -156,517 1639584083
1 1 52 -19,09 -19,59 -156,468 1639584083
1 1 52 -18,84 -19,52 -156,480 1639584084
1 1 52 -18,66 -19,34 -156,523 1639584084
1 1 53 -13,50 -23,38 -156,486 1639584085
1 1 53 -13,00 -23,38 -156,535 1639584085
1 1 53 -13,07 -23,13 -156,565 1639584085
1 1 53 -13,25 -22,95 -156,547 1639584086
1 1 53 -13,50 -22,88 -156,480 1639584086
1 1 53 -13,75 -22,95 -156,504 1639584086
1 1 53 -13,93 -23,13 -156,498 1639584086
1 1 53 -14,00 -23,38 -156,498 1639584086
1 1 53 -13,93 -23,63 -156,498 1639584087
1 1 53 -13,75 -23,82 -156,462 1639584087
1 1 53 -13,50 -23,88 -156,511 1639584087
1 1 53 -13,25 -23,82 -156,462 1639584087
1 1 53 -13,07 -23,63 -156,486 1639584088
1 1 54 -6,99 -26,08 -156,529 1639584088
1 1 54 -6,49 -26,08 -156,456 1639584089
1 1 54 -6,56 -25,83 -156,529 1639584089
1 1 54 -6,74 -25,65 -156,498 1639584090
1 1 54 -6,99 -25,58 -156,456 1639584090
1 1 54 -7,24 -25,65 -156,504 1639584090
1 1 54 -7,42 -25,83 -156,565 1639584090
1 1 54 -7,49 -26,08 -156,480 1639584090
1 1 54 -7,42 -26,33 -156,529 1639584091
1 1 54 -7,24 -26,51 -156,480 1639584091
1 1 54 -6,99 -26,58 -156,523 1639584091
1 1 54 -6,74 -26,51 -156,547 1639584091
1 1 54 -6,56 -26,33 -156,547 1639584092
1 1 55 -0,00 -27,00 -156,486 1639584092
1 1 55 0,50 -27,00 -156,437 1639584093
1 1 55 0,43 -26,75 -156,462 1639584093
1 1 55 0,25 -26,57 -156,480 1639584093
1 1 55 -0,00 -26,50 -156,498 1639584094
1 1 55 -0,25 -26,57 -156,498 1639584094
1 1 55 -0,43 -26,75 -156,578 1639584094
1 1 55 -0,50 -27,00 -156,486 1639584094
1 1 55 -0,43 -27,25 -156,474 1639584094
1 1 55 -0,25 -27,43 -156,511 1639584095
1 1 55 -0,00 -27,50 -156,511 1639584095
1 1 55 0,25 -27,43 -156,486 1639584095
1 1 55 0,43 -27,25 -156,498 1639584095
1 1 56 6,99 -26,08 -156,468 1639584096
1 1 56 7,49 -26,08 -156,535 1639584097
1 1 56 7,42 -25,83 -156,517 1639584097
1 1 56 7,24 -25,65 -156,565 1639584097
1 1 56 6,99 -25,58 -156,504 1639584097
1 1 56 6,74 -25,65 -156,498 1639584098
1 1 56 6,56 -25,83 -156,565 1639584098
1 1 56 6,49 -26,08 -156,498 1639584098
1 1 56 6,56 -26,33 -156,535 1639584098
1 1 56 6,74 -26,51 -156,523 1639584099
1 1 56 6,99 -26,58 -156,523 1639584099
1 1 56 7,24 -26,51 -156,468 1639584099
1 1 56 7,42 -26,33 -156,517 1639584099
1 1 57 13,50 -23,38 -156,462 1639584100
1 1 57 14,00 -23,38 -156,523 1639584101
1 1 57 13,93 -23,13 -156,492 1639584101
1 1 57 13,75 -22,95 -156,462 1639584101
1 1 57 13,50 -22,88 -156,474 1639584101
1 1 57 13,25 -22,95 -156,492 1639584101
1 1 57 13,07 -23,13 -156,462 1639584102
1 1 57 13,00 -23,38 -156,474 1639584102
1 1 57 13,07 -23,63 -156,565 1639584102
1 1 57 13,25 -23,82 -156,517 1639584102
1 1 57 13,50 -23,88 -156,474 1639584103
1 1 57 13,75 -23,82 -156,456 1639584103
1 1 57 13,93 -23,63 -156,504 1639584103
1 1 58 19,09 -19,09 -156,456 1639584104
1 1 58 19,59 -19,09 -156,486 1639584104
1 1 58 19,52 -18,84 -156,498 1639584105
1 1 58 19,34 -18,66 -156,504 1639584105
1 1 58 19,09 -18,59 -156,529 1639584105
1 1 58 18,84 -18,66 -156,462 1639584105
1 1 58 18,66 -18,84 -156,480 1639584106
1 1 58 18,59 -19,09 -156,498 1639584106
1 1 58 18,66 -19,34 -156,462 1639584106
1 1 58 18,84 -19,52 -156,529 1639584106
1 1 58 19,09 -19,59 -156,486 1639584107
1 1 58 19,34 -19,52 -156,498 1639584107
1 1 58 19,52 -19,34 -156,443 1639584107
1 1 59 23,38 -13,50 -156,468 1639584108
1 1 59 23,88 -13,50 -156,486 1639584108
1 1 59 23,82 -13,25 -156,486 1639584109
1 1 59 23,63 -13,07 -156,474 1639584109
1 1 59 23,38 -13,00 -156,431 1639584109
1 1 59 23,13 -13,07 -156,480 1639584109
1 1 59 22,95 -13,25 -156,413 1639584109
1 1 59 22,88 -13,50 -156,431 1639584110
1 1 59 22,95 -13,75 -156,425 1639584110
1 1 59 23,13 -13,93 -156,431 1639584110
1 1 59 23,38 -14,00 -156,480 1639584110
1 1 59 23,63 -13,93 -156,462 1639584111
1 1 59 23,82 -13,75 -156,480 1639584111
1 1 60 26,08 -6,99 -156,486 1639584112
1 1 60 26,58 -6,99 -156,468 1639584112
1 1 60 26,51 -6,74 -156,535 1639584112
1 1 60 26,33 -6,56 -156,517 1639584113
1 1 60 26,08 -6,49 -156,437 1639584113
1 1 60 25,83 -6,56 -156,419 1639584113
1 1 60 25,65 -6,74 -156,529 1639584113
1 1 60 25,58 -6,99 -156,437 1639584114
1 1 60 25,65 -7,24 -156,492 1639584114
1 1 60 25,83 -7,42 -156,492 1639584115
1 1 60 26,08 -7,49 -156,492 1639584115
1 1 60 26,33 -7,42 -156,498 1639584115
1 1 60 26,51 -7,24 -156,523 1639584115
