1 1 1 4,24 4,24 -156,419 1639577298
1 1 1 4,74 4,24 -156,437 1639577299
1 1 1 4,68 4,49 -156,437 1639577299
1 1 1 4,49 4,68 -156,462 1639577299
1 1 1 4,24 4,74 -156,388 1639577300
1 1 1 3,99 4,68 -156,419 1639577301
1 1 1 3,81 4,49 -156,407 1639577301
1 1 1 3,74 4,24 -156,370 1639577301
1 1 1 3,81 3,99 -156,407 1639577302
1 1 1 3,99 3,81 -156,388 1639577302
1 1 1 4,24 3,74 -156,431 1639577303
1 1 1 4,49 3,81 -156,462 1639577303
1 1 1 4,68 3,99 -156,468 1639577304
1 1 2 3,36 12,56 -156,395 1639577305
1 1 2 3,86 12,56 -156,388 1639577305
1 1 2 3,80 12,81 -156,395 1639577305
1 1 2 3,61 12,99 -156,437 1639577306
1 1 2 3,36 13,06 -156,443 1639577306
1 1 2 3,11 12,99 -156,468 1639577306
1 1 2 2,93 12,81 -156,431 1639577307
1 1 2 2,86 12,56 -156,425 1639577307
1 1 2 2,93 12,31 -156,419 1639577307
1 1 2 3,11 12,12 -156,462 1639577308
1 1 2 3,36 12,06 -156,388 1639577308
1 1 2 3,61 12,12 -156,370 1639577309
1 1 2 3,80 12,31 -156,388 1639577309
1 1 3 9,19 9,19 -156,449 1639577310
1 1 3 9,69 9,19 -156,364 1639577310
1 1 3 9,63 9,44 -156,407 1639577311
1 1 3 9,44 9,63 -156,376 1639577311
1 1 3 9,19 9,69 -156,407 1639577311
1 1 3 8,94 9,63 -156,437 1639577312
1 1 3 8,76 9,44 -156,456 1639577312
1 1 3 8,69 9,19 -156,468 1639577312
1 1 3 8,76 8,94 -156,437 1639577313
1 1 3 8,94 8,76 -156,449 1639577313
1 1 3 9,19 8,69 -156,443 1639577314
1 1 3 9,44 8,76 -156,395 1639577315
1 1 3 9,63 8,94 -156,443 1639577315
1 1 4 12,56 3,36 -156,462 1639577316
1 1 4 13,06 3,36 -156,352 1639577317
1 1 4 12,99 3,61 -156,388 1639577317
1 1 4 12,81 3,80 -156,492 1639577318
1 1 4 12,56 3,86 -156,498 1639577318
1 1 4 12,31 3,80 -156,443 1639577319
1 1 4 12,12 3,61 -156,480 1639577319
1 1 4 12,06 3,36 -156,468 1639577320
1 1 4 12,12 3,11 -156,498 1639577320
1 1 4 12,31 2,93 -156,431 1639577320
1 1 4 12,56 2,86 -156,419 1639577321
1 1 4 12,81 2,93 -156,401 1639577321
1 1 4 12,99 3,11 -156,468 1639577322
1 1 5 19,32 5,18 -156,413 1639577323
1 1 5 19,82 5,18 -156,474 1639577323
1 1 5 19,75 5,43 -156,425 1639577324
1 1 5 19,57 5,61 -156,413 1639577324
1 1 5 19,32 5,68 -156,419 1639577325
1 1 5 19,07 5,61 -156,456 1639577326
1 1 5 18,89 5,43 -156,437 1639577326
1 1 5 18,82 5,18 -156,449 1639577326
1 1 5 18,89 4,93 -156,395 1639577327
1 1 5 19,07 4,74 -156,291 1639577327
1 1 5 19,32 4,68 -156,474 1639577328
1 1 5 19,57 4,74 -156,334 1639577328
1 1 5 19,75 4,93 -156,407 1639577329
1 1 6 17,32 10,00 -156,370 1639577329
1 1 6 17,82 10,00 -156,413 1639577330
1 1 6 17,75 10,25 -156,370 1639577331
1 1 6 17,57 10,43 -156,352 1639577331
1 1 6 17,32 10,50 -156,401 1639577332
1 1 6 17,07 10,43 -156,370 1639577332
1 1 6 16,89 10,25 -156,468 1639577332
1 1 6 16,82 10,00 -156,498 1639577333
1 1 6 16,89 9,75 -156,376 1639577334
1 1 6 17,07 9,57 -156,437 1639577334
1 1 6 17,32 9,50 -156,443 1639577334
1 1 6 17,57 9,57 -156,443 1639577335
1 1 6 17,75 9,75 -156,449 1639577335
1 1 7 14,14 14,14 -156,395 1639577336
1 1 7 14,64 14,14 -156,413 1639577337
1 1 7 14,58 14,39 -156,449 1639577337
1 1 7 14,39 14,58 -156,401 1639577338
1 1 7 14,14 14,64 -156,407 1639577338
1 1 7 13,89 14,58 -156,425 1639577339
1 1 7 13,71 14,39 -156,437 1639577339
1 1 7 13,64 14,14 -156,334 1639577339
1 1 7 13,71 13,89 -156,395 1639577340
1 1 7 13,89 13,71 -156,443 1639577340
1 1 7 14,14 13,64 -156,395 1639577341
1 1 7 14,39 13,71 -156,352 1639577341
1 1 7 14,58 13,89 -156,413 1639577342
1 1 8 10,00 17,32 -156,449 1639577343
1 1 8 10,50 17,32 -156,425 1639577343
1 1 8 10,43 17,57 -156,474 1639577343
1 1 8 10,25 17,75 -156,327 1639577344
1 1 8 10,00 17,82 -156,468 1639577344
1 1 8 9,75 17,75 -156,437 1639577345
1 1 8 9,57 17,57 -156,425 1639577345
1 1 8 9,50 17,32 -156,462 1639577346
1 1 8 9,57 17,07 -156,480 1639577346
1 1 8 9,75 16,89 -156,462 1639577347
1 1 8 10,00 16,82 -156,395 1639577347
1 1 8 10,25 16,89 -156,419 1639577348
1 1 8 10,43 17,07 -156,462 1639577348
1 1 9 5,18 19,32 -156,443 1639577349
1 1 9 5,68 19,32 -156,462 1639577350
1 1 9 5,61 19,57 -156,388 1639577350
1 1 9 5,43 19,75 -156,504 1639577350
1 1 9 5,18 19,82 -156,443 1639577351
1 1 9 4,93 19,75 -156,492 1639577352
1 1 9 4,74 19,57 -156,376 1639577352
1 1 9 4,68 19,32 -156,315 1639577352
1 1 9 4,74 19,07 -156,334 1639577353
1 1 9 4,93 18,89 -156,370 1639577353
1 1 9 5,18 18,82 -156,468 1639577354
1 1 9 5,43 18,89 -156,456 1639577354
1 1 9 5,61 19,07 -156,462 1639577355
1 1 10 -5,18 19,32 -156,407 1639577356
1 1 10 -4,68 19,32 -156,352 1639577356
1 1 10 -4,74 19,57 -156,413 1639577356
1 1 10 -4,93 19,75 -156,413 1639577357
1 1 10 -5,18 19,82 -156,504 1639577357
1 1 10 -5,43 19,75 -156,401 1639577357
1 1 10 -5,61 19,57 -156,358 1639577358
1 1 10 -5,68 19,32 -156,388 1639577359
1 1 10 -5,61 19,07 -156,395 1639577359
1 1 10 -5,43 18,89 -156,358 1639577359
1 1 10 -5,18 18,82 -156,352 1639577360
1 1 10 -4,93 18,89 -156,437 1639577361
1 1 10 -4,74 19,07 -156,407 1639577361
1 1 11 -10,00 17,32 -156,370 1639577362
1 1 11 -9,50 17,32 -156,431 1639577362
1 1 11 -9,57 17,57 -156,443 1639577363
1 1 11 -9,75 17,75 -156,419 1639577363
1 1 11 -10,00 17,82 -156,407 1639577364
1 1 11 -10,25 17,75 -156,376 1639577365
1 1 11 -10,43 17,57 -156,437 1639577365
1 1 11 -10,50 17,32 -156,352 1639577365
1 1 11 -10,43 17,07 -156,401 1639577365
1 1 11 -10,25 16,89 -156,346 1639577366
1 1 11 -10,00 16,82 -156,401 1639577366
1 1 11 -9,75 16,89 -156,456 1639577366
1 1 11 -9,57 17,07 -156,486 1639577367
1 1 12 -14,14 14,14 -156,474 1639577368
1 1 12 -13,64 14,14 -156,388 1639577368
1 1 12 -13,71 14,39 -156,480 1639577369
1 1 12 -13,89 14,58 -156,419 1639577369
1 1 12 -14,14 14,64 -156,462 1639577369
1 1 12 -14,39 14,58 -156,468 1639577370
1 1 12 -14,58 14,39 -156,431 1639577370
1 1 12 -14,64 14,14 -156,462 1639577370
1 1 12 -14,58 13,89 -156,419 1639577371
1 1 12 -14,39 13,71 -156,462 1639577372
1 1 12 -14,14 13,64 -156,468 1639577372
1 1 12 -13,89 13,71 -156,327 1639577373
1 1 12 -13,71 13,89 -156,437 1639577373
1 1 13 -17,32 10,00 -156,382 1639577374
1 1 13 -16,82 10,00 -156,437 1639577374
1 1 13 -16,89 10,25 -156,388 1639577375
1 1 13 -17,07 10,43 -156,346 1639577375
1 1 13 -17,32 10,50 -156,382 1639577376
1 1 13 -17,57 10,43 -156,443 1639577377
1 1 13 -17,75 10,25 -156,376 1639577377
1 1 13 -17,82 10,00 -156,462 1639577377
1 1 13 -17,75 9,75 -156,358 1639577378
1 1 13 -17,57 9,57 -156,352 1639577378
1 1 13 -17,32 9,50 -156,407 1639577379
1 1 13 -17,07 9,57 -156,443 1639577379
1 1 13 -16,89 9,75 -156,449 1639577380
1 1 14 -19,32 5,18 -156,401 1639577380
1 1 14 -18,82 5,18 -156,407 1639577381
1 1 14 -18,89 5,43 -156,370 1639577382
1 1 14 -19,07 5,61 -156,437 1639577382
1 1 14 -19,32 5,68 -156,334 1639577383
1 1 14 -19,57 5,61 -156,431 1639577383
1 1 14 -19,75 5,43 -156,352 1639577383
1 1 14 -19,82 5,18 -156,346 1639577384
1 1 14 -19,75 4,93 -156,437 1639577385
1 1 14 -19,57 4,74 -156,358 1639577385
1 1 14 -19,32 4,68 -156,364 1639577385
1 1 14 -19,07 4,74 -156,395 1639577385
1 1 14 -18,89 4,93 -156,370 1639577386
1 1 15 -12,56 3,36 -156,462 1639577387
1 1 15 -12,06 3,36 -156,401 1639577388
1 1 15 -12,12 3,61 -156,346 1639577388
1 1 15 -12,31 3,80 -156,468 1639577388
1 1 15 -12,56 3,86 -156,327 1639577389
1 1 15 -12,81 3,80 -156,364 1639577389
1 1 15 -12,99 3,61 -156,449 1639577390
1 1 15 -13,06 3,36 -156,413 1639577390
1 1 15 -12,99 3,11 -156,413 1639577391
1 1 15 -12,81 2,93 -156,419 1639577391
1 1 15 -12,56 2,86 -156,407 1639577391
1 1 15 -12,31 2,93 -156,401 1639577392
1 1 15 -12,12 3,11 -156,468 1639577392
1 1 16 -9,19 9,19 -156,382 1639577393
1 1 16 -8,69 9,19 -156,449 1639577393
1 1 16 -8,76 9,44 -156,449 1639577394
1 1 16 -8,94 9,63 -156,456 1639577394
1 1 16 -9,19 9,69 -156,413 1639577395
1 1 16 -9,44 9,63 -156,407 1639577395
1 1 16 -9,63 9,44 -156,492 1639577395
1 1 16 -9,69 9,19 -156,431 1639577396
1 1 16 -9,63 8,94 -156,462 1639577396
1 1 16 -9,44 8,76 -156,413 1639577397
1 1 16 -9,19 8,69 -156,431 1639577397
1 1 16 -8,94 8,76 -156,413 1639577398
1 1 16 -8,76 8,94 -156,492 1639577398
1 1 17 -3,36 12,56 -156,413 1639577399
1 1 17 -2,86 12,56 -156,401 1639577400
1 1 17 -2,93 12,81 -156,431 1639577400
1 1 17 -3,11 12,99 -156,334 1639577401
1 1 17 -3,36 13,06 -156,425 1639577401
1 1 17 -3,61 12,99 -156,370 1639577402
1 1 17 -3,80 12,81 -156,370 1639577402
1 1 17 -3,86 12,56 -156,425 1639577402
1 1 17 -3,80 12,31 -156,352 1639577403
1 1 17 -3,61 12,12 -156,401 1639577403
1 1 17 -3,36 12,06 -156,443 1639577404
1 1 17 -3,11 12,12 -156,370 1639577404
1 1 17 -2,93 12,31 -156,358 1639577405
1 1 18 -4,24 4,24 -156,480 1639577406
1 1 18 -3,74 4,24 -156,468 1639577406
1 1 18 -3,81 4,49 -156,431 1639577407
1 1 18 -3,99 4,68 -156,437 1639577407
1 1 18 -4,24 4,74 -156,413 1639577408
1 1 18 -4,49 4,68 -156,370 1639577408
1 1 18 -4,68 4,49 -156,327 1639577408
1 1 18 -4,74 4,24 -156,449 1639577409
1 1 18 -4,68 3,99 -156,395 1639577410
1 1 18 -4,49 3,81 -156,413 1639577410
1 1 18 -4,24 3,74 -156,492 1639577410
1 1 18 -3,99 3,81 -156,437 1639577411
1 1 18 -3,81 3,99 -156,437 1639577411
1 1 19 -4,24 -4,24 -156,401 1639577412
1 1 19 -3,74 -4,24 -156,437 1639577412
1 1 19 -3,81 -3,99 -156,431 1639577413
1 1 19 -3,99 -3,81 -156,456 1639577413
1 1 19 -4,24 -3,74 -156,456 1639577413
1 1 19 -4,49 -3,81 -156,413 1639577414
1 1 19 -4,68 -3,99 -156,492 1639577414
1 1 19 -4,74 -4,24 -156,419 1639577414
1 1 19 -4,68 -4,49 -156,401 1639577415
1 1 19 -4,49 -4,68 -156,395 1639577415
1 1 19 -4,24 -4,74 -156,413 1639577416
1 1 19 -3,99 -4,68 -156,437 1639577416
1 1 19 -3,81 -4,49 -156,413 1639577417
1 1 20 -3,36 -12,56 -156,437 1639577418
1 1 20 -2,86 -12,56 -156,370 1639577418
1 1 20 -2,93 -12,31 -156,437 1639577418
1 1 20 -3,11 -12,12 -156,431 1639577419
1 1 20 -3,36 -12,06 -156,388 1639577419
1 1 20 -3,61 -12,12 -156,437 1639577419
1 1 20 -3,80 -12,31 -156,370 1639577420
1 1 20 -3,86 -12,56 -156,388 1639577420
1 1 20 -3,80 -12,81 -156,413 1639577421
1 1 20 -3,61 -12,99 -156,321 1639577421
1 1 20 -3,36 -13,06 -156,474 1639577422
1 1 20 -3,11 -12,99 -156,340 1639577422
1 1 20 -2,93 -12,81 -156,437 1639577422
1 1 21 -9,19 -9,19 -156,388 1639577423
1 1 21 -8,69 -9,19 -156,407 1639577424
1 1 21 -8,76 -8,94 -156,474 1639577424
1 1 21 -8,94 -8,76 -156,321 1639577425
1 1 21 -9,19 -8,69 -156,413 1639577425
1 1 21 -9,44 -8,76 -156,407 1639577425
1 1 21 -9,63 -8,94 -156,352 1639577426
1 1 21 -9,69 -9,19 -156,407 1639577426
1 1 21 -9,63 -9,44 -156,352 1639577426
1 1 21 -9,44 -9,63 -156,443 1639577427
1 1 21 -9,19 -9,69 -156,358 1639577428
1 1 21 -8,94 -9,63 -156,388 1639577428
1 1 21 -8,76 -9,44 -156,419 1639577428
1 1 22 -12,56 -3,36 -156,401 1639577429
1 1 22 -12,06 -3,36 -156,358 1639577430
1 1 22 -12,12 -3,11 -156,327 1639577431
1 1 22 -12,31 -2,93 -156,468 1639577431
1 1 22 -12,56 -2,86 -156,407 1639577432
1 1 22 -12,81 -2,93 -156,370 1639577432
1 1 22 -12,99 -3,11 -156,419 1639577432
1 1 22 -13,06 -3,36 -156,315 1639577433
1 1 22 -12,99 -3,61 -156,297 1639577433
1 1 22 -12,81 -3,80 -156,633 1639577434
1 1 22 -12,56 -3,86 -156,462 1639577435
1 1 22 -12,31 -3,80 -156,431 1639577435
1 1 22 -12,12 -3,61 -156,407 1639577435
1 1 23 -19,32 -5,18 -156,413 1639577436
1 1 23 -18,82 -5,18 -156,425 1639577437
1 1 23 -18,89 -4,93 -156,419 1639577437
1 1 23 -19,07 -4,74 -156,382 1639577437
1 1 23 -19,32 -4,68 -156,437 1639577438
1 1 23 -19,57 -4,74 -156,449 1639577438
1 1 23 -19,75 -4,93 -156,401 1639577438
1 1 23 -19,82 -5,18 -156,352 1639577439
1 1 23 -19,75 -5,43 -156,382 1639577439
1 1 23 -19,57 -5,61 -156,474 1639577439
1 1 23 -19,32 -5,68 -156,382 1639577440
1 1 23 -19,07 -5,61 -156,425 1639577440
1 1 23 -18,89 -5,43 -156,437 1639577441
1 1 24 -17,32 -10,00 -156,413 1639577442
1 1 24 -16,82 -10,00 -156,407 1639577442
1 1 24 -16,89 -9,75 -156,388 1639577443
1 1 24 -17,07 -9,57 -156,437 1639577443
1 1 24 -17,32 -9,50 -156,462 1639577444
1 1 24 -17,57 -9,57 -156,401 1639577444
1 1 24 -17,75 -9,75 -156,388 1639577445
1 1 24 -17,82 -10,00 -156,419 1639577445
1 1 24 -17,75 -10,25 -156,462 1639577446
1 1 24 -17,57 -10,43 -156,413 1639577446
1 1 24 -17,32 -10,50 -156,437 1639577446
1 1 24 -17,07 -10,43 -156,504 1639577447
1 1 24 -16,89 -10,25 -156,401 1639577447
1 1 25 -14,14 -14,14 -156,443 1639577448
1 1 25 -13,64 -14,14 -156,474 1639577448
1 1 25 -13,71 -13,89 -156,474 1639577449
1 1 25 -13,89 -13,71 -156,401 1639577449
1 1 25 -14,14 -13,64 -156,407 1639577449
1 1 25 -14,39 -13,71 -156,407 1639577450
1 1 25 -14,58 -13,89 -156,443 1639577450
1 1 25 -14,64 -14,14 -156,297 1639577451
1 1 25 -14,58 -14,39 -156,358 1639577451
1 1 25 -14,39 -14,58 -156,431 1639577451
1 1 25 -14,14 -14,64 -156,462 1639577452
1 1 25 -13,89 -14,58 -156,492 1639577452
1 1 25 -13,71 -14,39 -156,443 1639577453
1 1 26 -10,00 -17,32 -156,376 1639577454
1 1 26 -9,50 -17,32 -156,437 1639577454
1 1 26 -9,57 -17,07 -156,419 1639577455
1 1 26 -9,75 -16,89 -156,474 1639577455
1 1 26 -10,00 -16,82 -156,358 1639577456
1 1 26 -10,25 -16,89 -156,462 1639577457
1 1 26 -10,43 -17,07 -156,370 1639577457
1 1 26 -10,50 -17,32 -156,449 1639577457
1 1 26 -10,43 -17,57 -156,358 1639577458
1 1 26 -10,25 -17,75 -156,443 1639577458
1 1 26 -10,00 -17,82 -156,388 1639577459
1 1 26 -9,75 -17,75 -156,437 1639577459
1 1 26 -9,57 -17,57 -156,419 1639577460
1 1 27 -5,18 -19,32 -156,468 1639577460
1 1 27 -4,68 -19,32 -156,407 1639577461
1 1 27 -4,74 -19,07 -156,388 1639577461
1 1 27 -4,93 -18,89 -156,449 1639577461
1 1 27 -5,18 -18,82 -156,480 1639577462
1 1 27 -5,43 -18,89 -156,492 1639577462
1 1 27 -5,61 -19,07 -156,443 1639577463
1 1 27 -5,68 -19,32 -156,388 1639577463
1 1 27 -5,61 -19,57 -156,462 1639577464
1 1 27 -5,43 -19,75 -156,480 1639577464
1 1 27 -5,18 -19,82 -156,437 1639577465
1 1 27 -4,93 -19,75 -156,437 1639577465
1 1 27 -4,74 -19,57 -156,334 1639577465
1 1 28 5,18 -19,32 -156,395 1639577467
1 1 28 5,68 -19,32 -156,437 1639577467
1 1 28 5,61 -19,07 -156,413 1639577468
1 1 28 5,43 -18,89 -156,449 1639577468
1 1 28 5,18 -18,82 -156,425 1639577469
1 1 28 4,93 -18,89 -156,419 1639577469
1 1 28 4,74 -19,07 -156,462 1639577470
1 1 28 4,68 -19,32 -156,468 1639577470
1 1 28 4,74 -19,57 -156,437 1639577471
1 1 28 4,93 -19,75 -156,419 1639577471
1 1 28 5,18 -19,82 -156,437 1639577472
1 1 28 5,43 -19,75 -156,437 1639577472
1 1 28 5,61 -19,57 -156,468 1639577472
1 1 29 10,00 -17,32 -156,480 1639577473
1 1 29 10,50 -17,32 -156,511 1639577474
1 1 29 10,43 -17,07 -156,523 1639577474
1 1 29 10,25 -16,89 -156,364 1639577475
1 1 29 10,00 -16,82 -156,395 1639577475
1 1 29 9,75 -16,89 -156,395 1639577476
1 1 29 9,57 -17,07 -156,456 1639577476
1 1 29 9,50 -17,32 -156,437 1639577477
1 1 29 9,57 -17,57 -156,456 1639577477
1 1 29 9,75 -17,75 -156,413 1639577477
1 1 29 10,00 -17,82 -156,437 1639577478
1 1 29 10,25 -17,75 -156,437 1639577479
1 1 29 10,43 -17,57 -156,358 1639577479
1 1 30 14,14 -14,14 -156,437 1639577480
1 1 30 14,64 -14,14 -156,407 1639577480
1 1 30 14,58 -13,89 -156,468 1639577481
1 1 30 14,39 -13,71 -156,437 1639577481
1 1 30 14,14 -13,64 -156,443 1639577482
1 1 30 13,89 -13,71 -156,437 1639577482
1 1 30 13,71 -13,89 -156,425 1639577482
1 1 30 13,64 -14,14 -156,437 1639577483
1 1 30 13,71 -14,39 -156,443 1639577484
1 1 30 13,89 -14,58 -156,346 1639577484
1 1 30 14,14 -14,64 -156,358 1639577484
1 1 30 14,39 -14,58 -156,401 1639577485
1 1 30 14,58 -14,39 -156,413 1639577485
1 1 31 17,32 -10,00 -156,413 1639577486
1 1 31 17,82 -10,00 -156,498 1639577487
1 1 31 17,75 -9,75 -156,456 1639577487
1 1 31 17,57 -9,57 -156,401 1639577487
1 1 31 17,32 -9,50 -156,474 1639577488
1 1 31 17,07 -9,57 -156,376 1639577488
1 1 31 16,89 -9,75 -156,425 1639577489
1 1 31 16,82 -10,00 -156,443 1639577489
1 1 31 16,89 -10,25 -156,462 1639577490
1 1 31 17,07 -10,43 -156,468 1639577490
1 1 31 17,32 -10,50 -156,407 1639577491
1 1 31 17,57 -10,43 -156,346 1639577492
1 1 31 17,75 -10,25 -156,443 1639577492
1 1 32 19,32 -5,18 -156,260 1639577493
1 1 32 19,82 -5,18 -156,407 1639577493
1 1 32 19,75 -4,93 -156,486 1639577493
1 1 32 19,57 -4,74 -156,437 1639577494
1 1 32 19,32 -4,68 -156,443 1639577494
1 1 32 19,07 -4,74 -156,407 1639577494
1 1 32 18,89 -4,93 -156,456 1639577495
1 1 32 18,82 -5,18 -156,468 1639577495
1 1 32 18,89 -5,43 -156,376 1639577495
1 1 32 19,07 -5,61 -156,407 1639577496
1 1 32 19,32 -5,68 -156,443 1639577496
1 1 32 19,57 -5,61 -156,437 1639577497
1 1 32 19,75 -5,43 -156,364 1639577497
1 1 33 12,56 -3,36 -156,437 1639577498
1 1 33 13,06 -3,36 -156,388 1639577499
1 1 33 12,99 -3,11 -156,364 1639577499
1 1 33 12,81 -2,93 -156,462 1639577499
1 1 33 12,56 -2,86 -156,425 1639577500
1 1 33 12,31 -2,93 -156,388 1639577500
1 1 33 12,12 -3,11 -156,437 1639577501
1 1 33 12,06 -3,36 -156,437 1639577502
1 1 33 12,12 -3,61 -156,388 1639577502
1 1 33 12,31 -3,80 -156,419 1639577502
1 1 33 12,56 -3,86 -156,437 1639577503
1 1 33 12,81 -3,80 -156,437 1639577503
1 1 33 12,99 -3,61 -156,474 1639577504
1 1 34 9,19 -9,19 -156,395 1639577505
1 1 34 9,69 -9,19 -156,437 1639577505
1 1 34 9,63 -8,94 -156,462 1639577506
1 1 34 9,44 -8,76 -156,419 1639577506
1 1 34 9,19 -8,69 -156,413 1639577507
1 1 34 8,94 -8,76 -156,449 1639577507
1 1 34 8,76 -8,94 -156,462 1639577508
1 1 34 8,69 -9,19 -156,419 1639577508
1 1 34 8,76 -9,44 -156,437 1639577509
1 1 34 8,94 -9,63 -156,443 1639577509
1 1 34 9,19 -9,69 -156,419 1639577510
1 1 34 9,44 -9,63 -156,486 1639577510
1 1 34 9,63 -9,44 -156,425 1639577510
1 1 35 3,36 -12,56 -156,401 1639577511
1 1 35 3,86 -12,56 -156,340 1639577512
1 1 35 3,80 -12,31 -156,327 1639577512
1 1 35 3,61 -12,12 -156,517 1639577513
1 1 35 3,36 -12,06 -156,346 1639577513
1 1 35 3,11 -12,12 -156,382 1639577514
1 1 35 2,93 -12,31 -156,456 1639577514
1 1 35 2,86 -12,56 -156,425 1639577515
1 1 35 2,93 -12,81 -156,449 1639577515
1 1 35 3,11 -12,99 -156,437 1639577515
1 1 35 3,36 -13,06 -156,352 1639577516
1 1 35 3,61 -12,99 -156,449 1639577516
1 1 35 3,80 -12,81 -156,480 1639577517
1 1 36 4,24 -4,24 -156,437 1639577518
1 1 36 4,74 -4,24 -156,407 1639577518
1 1 36 4,68 -3,99 -156,407 1639577518
1 1 36 4,49 -3,81 -156,358 1639577519
1 1 36 4,24 -3,74 -156,456 1639577519
1 1 36 3,99 -3,81 -156,437 1639577519
1 1 36 3,81 -3,99 -156,334 1639577520
1 1 36 3,74 -4,24 -156,370 1639577521
1 1 36 3,81 -4,49 -156,364 1639577521
1 1 36 3,99 -4,68 -156,474 1639577521
1 1 36 4,24 -4,74 -156,364 1639577522
1 1 36 4,49 -4,68 -156,407 1639577523
1 1 36 4,68 -4,49 -156,437 1639577523
1 1 37 27,00 0,00 -156,498 1639577525
1 1 37 27,50 0,00 -156,437 1639577525
1 1 37 27,43 0,25 -156,407 1639577525
1 1 37 27,25 0,43 -156,474 1639577526
1 1 37 27,00 0,50 -156,468 1639577526
1 1 37 26,75 0,43 -156,285 1639577527
1 1 37 26,57 0,25 -156,462 1639577527
1 1 37 26,50 0,00 -156,437 1639577528
1 1 37 26,57 -0,25 -156,443 1639577528
1 1 37 26,75 -0,43 -156,297 1639577529
1 1 37 27,00 -0,50 -156,401 1639577529
1 1 37 27,25 -0,43 -156,388 1639577530
1 1 37 27,43 -0,25 -156,492 1639577530
1 1 38 26,08 6,99 -156,407 1639577531
1 1 38 26,58 6,99 -156,370 1639577532
1 1 38 26,51 7,24 -156,407 1639577532
1 1 38 26,33 7,42 -156,419 1639577532
1 1 38 26,08 7,49 -156,437 1639577533
1 1 38 25,83 7,42 -156,364 1639577534
1 1 38 25,65 7,24 -156,449 1639577534
1 1 38 25,58 6,99 -156,456 1639577534
1 1 38 25,65 6,74 -156,443 1639577535
1 1 38 25,83 6,56 -156,321 1639577535
1 1 38 26,08 6,49 -156,492 1639577536
1 1 38 26,33 6,56 -156,388 1639577536
1 1 38 26,51 6,74 -156,437 1639577537
1 1 39 23,38 13,50 -156,462 1639577538
1 1 39 23,88 13,50 -156,425 1639577538
1 1 39 23,82 13,75 -156,419 1639577539
1 1 39 23,63 13,93 -156,431 1639577539
1 1 39 23,38 14,00 -156,443 1639577540
1 1 39 23,13 13,93 -156,419 1639577540
1 1 39 22,95 13,75 -156,437 1639577541
1 1 39 22,88 13,50 -156,492 1639577542
1 1 39 22,95 13,25 -156,456 1639577542
1 1 39 23,13 13,07 -156,370 1639577542
1 1 39 23,38 13,00 -156,523 1639577543
1 1 39 23,63 13,07 -156,364 1639577544
1 1 39 23,82 13,25 -156,352 1639577544
1 1 40 19,09 19,09 -156,413 1639577545
1 1 40 19,59 19,09 -156,437 1639577545
1 1 40 19,52 19,34 -156,449 1639577545
1 1 40 19,34 19,52 -156,462 1639577546
1 1 40 19,09 19,59 -156,437 1639577547
1 1 40 18,84 19,52 -156,425 1639577547
1 1 40 18,66 19,34 -156,468 1639577547
1 1 40 18,59 19,09 -156,449 1639577548
1 1 40 18,66 18,84 -156,425 1639577548
1 1 40 18,84 18,66 -156,364 1639577549
1 1 40 19,09 18,59 -156,388 1639577549
1 1 40 19,34 18,66 -156,395 1639577550
1 1 40 19,52 18,84 -156,388 1639577550
1 1 41 13,50 23,38 -156,443 1639577551
1 1 41 14,00 23,38 -156,358 1639577552
1 1 41 13,93 23,63 -156,425 1639577552
1 1 41 13,75 23,82 -156,364 1639577552
1 1 41 13,50 23,88 -156,352 1639577553
1 1 41 13,25 23,82 -156,407 1639577554
1 1 41 13,07 23,63 -156,388 1639577554
1 1 41 13,00 23,38 -156,413 1639577554
1 1 41 13,07 23,13 -156,437 1639577555
1 1 41 13,25 22,95 -156,462 1639577555
1 1 41 13,50 22,88 -156,443 1639577556
1 1 41 13,75 22,95 -156,419 1639577557
1 1 41 13,93 23,13 -156,449 1639577557
1 1 42 6,99 26,08 -156,443 1639577558
1 1 42 7,49 26,08 -156,376 1639577558
1 1 42 7,42 26,33 -156,419 1639577559
1 1 42 7,24 26,51 -156,358 1639577559
1 1 42 6,99 26,58 -156,382 1639577560
1 1 42 6,74 26,51 -156,474 1639577561
1 1 42 6,56 26,33 -156,334 1639577561
1 1 42 6,49 26,08 -156,437 1639577561
1 1 42 6,56 25,83 -156,346 1639577562
1 1 42 6,74 25,65 -156,437 1639577562
1 1 42 6,99 25,58 -156,413 1639577563
1 1 42 7,24 25,65 -156,407 1639577563
1 1 42 7,42 25,83 -156,413 1639577564
1 1 43 0,00 27,00 -156,401 1639577565
1 1 43 0,50 27,00 -156,388 1639577565
1 1 43 0,43 27,25 -156,346 1639577566
1 1 43 0,25 27,43 -156,437 1639577566
1 1 43 0,00 27,50 -156,437 1639577567
1 1 43 -0,25 27,43 -156,388 1639577567
1 1 43 -0,43 27,25 -156,376 1639577568
1 1 43 -0,50 27,00 -156,370 1639577568
1 1 43 -0,43 26,75 -156,340 1639577569
1 1 43 -0,25 26,57 -156,437 1639577569
1 1 43 0,00 26,50 -156,462 1639577570
1 1 43 0,25 26,57 -156,395 1639577570
1 1 43 0,43 26,75 -156,413 1639577571
1 1 44 -6,99 26,08 -156,407 1639577572
1 1 44 -6,49 26,08 -156,407 1639577572
1 1 44 -6,56 26,33 -156,498 1639577572
1 1 44 -6,74 26,51 -156,437 1639577573
1 1 44 -6,99 26,58 -156,443 1639577573
1 1 44 -7,24 26,51 -156,449 1639577574
1 1 44 -7,42 26,33 -156,419 1639577574
1 1 44 -7,49 26,08 -156,462 1639577575
1 1 44 -7,42 25,83 -156,407 1639577576
1 1 44 -7,24 25,65 -156,407 1639577576
1 1 44 -6,99 25,58 -156,407 1639577576
1 1 44 -6,74 25,65 -156,395 1639577577
1 1 44 -6,56 25,83 -156,486 1639577577
1 1 45 -13,50 23,38 -156,401 1639577578
1 1 45 -13,00 23,38 -156,443 1639577579
1 1 45 -13,07 23,63 -156,431 1639577579
1 1 45 -13,25 23,82 -156,407 1639577580
1 1 45 -13,50 23,88 -156,437 1639577580
1 1 45 -13,75 23,82 -156,468 1639577581
1 1 45 -13,93 23,63 -156,382 1639577581
1 1 45 -14,00 23,38 -156,456 1639577582
1 1 45 -13,93 23,13 -156,431 1639577582
1 1 45 -13,75 22,95 -156,456 1639577583
1 1 45 -13,50 22,88 -156,462 1639577583
1 1 45 -13,25 22,95 -156,437 1639577584
1 1 45 -13,07 23,13 -156,395 1639577584
1 1 46 -19,09 19,09 -156,346 1639577585
1 1 46 -18,59 19,09 -156,443 1639577585
1 1 46 -18,66 19,34 -156,376 1639577586
1 1 46 -18,84 19,52 -156,443 1639577586
1 1 46 -19,09 19,59 -156,382 1639577587
1 1 46 -19,34 19,52 -156,437 1639577587
1 1 46 -19,52 19,34 -156,443 1639577588
1 1 46 -19,59 19,09 -156,443 1639577588
1 1 46 -19,52 18,84 -156,419 1639577589
1 1 46 -19,34 18,66 -156,462 1639577589
1 1 46 -19,09 18,59 -156,370 1639577590
1 1 46 -18,84 18,66 -156,419 1639577590
1 1 46 -18,66 18,84 -156,358 1639577591
1 1 47 -23,38 13,50 -156,370 1639577591
1 1 47 -22,88 13,50 -156,388 1639577592
1 1 47 -22,95 13,75 -156,346 1639577593
1 1 47 -23,13 13,93 -156,382 1639577593
1 1 47 -23,38 14,00 -156,401 1639577593
1 1 47 -23,63 13,93 -156,358 1639577594
1 1 47 -23,82 13,75 -156,358 1639577594
1 1 47 -23,88 13,50 -156,443 1639577595
1 1 47 -23,82 13,25 -156,449 1639577595
1 1 47 -23,63 13,07 -156,425 1639577596
1 1 47 -23,38 13,00 -156,443 1639577596
1 1 47 -23,13 13,07 -156,456 1639577596
1 1 47 -22,95 13,25 -156,401 1639577597
1 1 48 -26,08 6,99 -156,486 1639577598
1 1 48 -25,58 6,99 -156,413 1639577598
1 1 48 -25,65 7,24 -156,401 1639577598
1 1 48 -25,83 7,42 -156,449 1639577599
1 1 48 -26,08 7,49 -156,468 1639577600
1 1 48 -26,33 7,42 -156,419 1639577600
1 1 48 -26,51 7,24 -156,327 1639577601
1 1 48 -26,58 6,99 -156,334 1639577601
1 1 48 -26,51 6,74 -156,437 1639577602
1 1 48 -26,33 6,56 -156,468 1639577602
1 1 48 -26,08 6,49 -156,395 1639577603
1 1 48 -25,83 6,56 -156,382 1639577603
1 1 48 -25,65 6,74 -156,388 1639577603
1 1 49 -27,00 0,00 -156,437 1639577604
1 1 49 -26,50 0,00 -156,315 1639577605
1 1 49 -26,57 0,25 -156,352 1639577605
1 1 49 -26,75 0,43 -156,449 1639577606
1 1 49 -27,00 0,50 -156,480 1639577607
1 1 49 -27,25 0,43 -156,431 1639577607
1 1 49 -27,43 0,25 -156,443 1639577607
1 1 49 -27,50 0,00 -156,492 1639577608
1 1 49 -27,43 -0,25 -156,419 1639577609
1 1 49 -27,25 -0,43 -156,480 1639577609
1 1 49 -27,00 -0,50 -156,437 1639577609
1 1 49 -26,75 -0,43 -156,437 1639577610
1 1 49 -26,57 -0,25 -156,327 1639577610
1 1 50 -26,08 -6,99 -156,443 1639577611
1 1 50 -25,58 -6,99 -156,474 1639577612
1 1 50 -25,65 -6,74 -156,431 1639577613
1 1 50 -25,83 -6,56 -156,407 1639577613
1 1 50 -26,08 -6,49 -156,437 1639577613
1 1 50 -26,33 -6,56 -156,413 1639577614
1 1 50 -26,51 -6,74 -156,370 1639577614
1 1 50 -26,58 -6,99 -156,388 1639577615
1 1 50 -26,51 -7,24 -156,382 1639577615
1 1 50 -26,33 -7,42 -156,370 1639577616
1 1 50 -26,08 -7,49 -156,431 1639577616
1 1 50 -25,83 -7,42 -156,370 1639577617
1 1 50 -25,65 -7,24 -156,443 1639577617
1 1 51 -23,38 -13,50 -156,443 1639577618
1 1 51 -22,88 -13,50 -156,468 1639577618
1 1 51 -22,95 -13,25 -156,504 1639577619
1 1 51 -23,13 -13,07 -156,401 1639577619
1 1 51 -23,38 -13,00 -156,419 1639577619
1 1 51 -23,63 -13,07 -156,443 1639577620
1 1 51 -23,82 -13,25 -156,401 1639577620
1 1 51 -23,88 -13,50 -156,364 1639577620
1 1 51 -23,82 -13,75 -156,327 1639577621
1 1 51 -23,63 -13,93 -156,498 1639577621
1 1 51 -23,38 -14,00 -156,443 1639577622
1 1 51 -23,13 -13,93 -156,358 1639577622
1 1 51 -22,95 -13,75 -156,480 1639577622
1 1 52 -19,09 -19,09 -156,443 1639577623
1 1 52 -18,59 -19,09 -156,437 1639577624
1 1 52 -18,66 -18,84 -156,437 1639577624
1 1 52 -18,84 -18,66 -156,449 1639577625
1 1 52 -19,09 -18,59 -156,407 1639577625
1 1 52 -19,34 -18,66 -156,382 1639577626
1 1 52 -19,52 -18,84 -156,364 1639577626
1 1 52 -19,59 -19,09 -156,382 1639577627
1 1 52 -19,52 -19,34 -156,437 1639577627
1 1 52 -19,34 -19,52 -156,437 1639577628
1 1 52 -19,09 -19,59 -156,431 1639577628
1 1 52 -18,84 -19,52 -156,437 1639577629
1 1 52 -18,66 -19,34 -156,443 1639577629
1 1 53 -13,50 -23,38 -156,382 1639577630
1 1 53 -13,00 -23,38 -156,370 1639577630
1 1 53 -13,07 -23,13 -156,443 1639577631
1 1 53 -13,25 -22,95 -156,468 1639577631
1 1 53 -13,50 -22,88 -156,486 1639577631
1 1 53 -13,75 -22,95 -156,456 1639577632
1 1 53 -13,93 -23,13 -156,358 1639577632
1 1 53 -14,00 -23,38 -156,413 1639577633
1 1 53 -13,93 -23,63 -156,407 1639577633
1 1 53 -13,75 -23,82 -156,431 1639577634
1 1 53 -13,50 -23,88 -156,401 1639577634
1 1 53 -13,25 -23,82 -156,443 1639577635
1 1 53 -13,07 -23,63 -156,456 1639577635
1 1 54 -6,99 -26,08 -156,462 1639577636
1 1 54 -6,49 -26,08 -156,401 1639577636
1 1 54 -6,56 -25,83 -156,401 1639577637
1 1 54 -6,74 -25,65 -156,462 1639577637
1 1 54 -6,99 -25,58 -156,376 1639577637
1 1 54 -7,24 -25,65 -156,437 1639577638
1 1 54 -7,42 -25,83 -156,419 1639577638
1 1 54 -7,49 -26,08 -156,352 1639577638
1 1 54 -7,42 -26,33 -156,364 1639577639
1 1 54 -7,24 -26,51 -156,437 1639577639
1 1 54 -6,99 -26,58 -156,413 1639577640
1 1 54 -6,74 -26,51 -156,468 1639577640
1 1 54 -6,56 -26,33 -156,443 1639577640
1 1 55 -0,00 -27,00 -156,395 1639577641
1 1 55 0,50 -27,00 -156,401 1639577642
1 1 55 0,43 -26,75 -156,437 1639577642
1 1 55 0,25 -26,57 -156,486 1639577642
1 1 55 -0,00 -26,50 -156,407 1639577643
1 1 55 -0,25 -26,57 -156,498 1639577643
1 1 55 -0,43 -26,75 -156,437 1639577644
1 1 55 -0,50 -27,00 -156,419 1639577644
1 1 55 -0,43 -27,25 -156,358 1639577645
1 1 55 -0,25 -27,43 -156,437 1639577645
1 1 55 -0,00 -27,50 -156,382 1639577645
1 1 55 0,25 -27,43 -156,407 1639577646
1 1 55 0,43 -27,25 -156,498 1639577646
1 1 56 6,99 -26,08 -156,456 1639577647
1 1 56 7,49 -26,08 -156,511 1639577647
1 1 56 7,42 -25,83 -156,480 1639577648
1 1 56 7,24 -25,65 -156,474 1639577649
1 1 56 6,99 -25,58 -156,401 1639577649
1 1 56 6,74 -25,65 -156,413 1639577650
1 1 56 6,56 -25,83 -156,462 1639577650
1 1 56 6,49 -26,08 -156,517 1639577650
1 1 56 6,56 -26,33 -156,407 1639577651
1 1 56 6,74 -26,51 -156,376 1639577651
1 1 56 6,99 -26,58 -156,462 1639577652
1 1 56 7,24 -26,51 -156,388 1639577653
1 1 56 7,42 -26,33 -156,407 1639577653
1 1 57 13,50 -23,38 -156,468 1639577654
1 1 57 14,00 -23,38 -156,407 1639577654
1 1 57 13,93 -23,13 -156,376 1639577654
1 1 57 13,75 -22,95 -156,437 1639577655
1 1 57 13,50 -22,88 -156,474 1639577656
1 1 57 13,25 -22,95 -156,334 1639577656
1 1 57 13,07 -23,13 -156,456 1639577657
1 1 57 13,00 -23,38 -156,462 1639577657
1 1 57 13,07 -23,63 -156,553 1639577658
1 1 57 13,25 -23,82 -156,425 1639577658
1 1 57 13,50 -23,88 -156,437 1639577659
1 1 57 13,75 -23,82 -156,419 1639577659
1 1 57 13,93 -23,63 -156,437 1639577659
1 1 58 19,09 -19,09 -156,480 1639577660
1 1 58 19,59 -19,09 -156,456 1639577661
1 1 58 19,52 -18,84 -156,413 1639577662
1 1 58 19,34 -18,66 -156,437 1639577662
1 1 58 19,09 -18,59 -156,419 1639577662
1 1 58 18,84 -18,66 -156,358 1639577663
1 1 58 18,66 -18,84 -156,517 1639577663
1 1 58 18,59 -19,09 -156,480 1639577664
1 1 58 18,66 -19,34 -156,462 1639577664
1 1 58 18,84 -19,52 -156,431 1639577665
1 1 58 19,09 -19,59 -156,437 1639577665
1 1 58 19,34 -19,52 -156,395 1639577666
1 1 58 19,52 -19,34 -156,480 1639577666
1 1 59 23,38 -13,50 -156,443 1639577667
1 1 59 23,88 -13,50 -156,370 1639577667
1 1 59 23,82 -13,25 -156,376 1639577668
1 1 59 23,63 -13,07 -156,504 1639577668
1 1 59 23,38 -13,00 -156,462 1639577669
1 1 59 23,13 -13,07 -156,492 1639577669
1 1 59 22,95 -13,25 -156,401 1639577670
1 1 59 22,88 -13,50 -156,370 1639577670
1 1 59 22,95 -13,75 -156,407 1639577671
1 1 59 23,13 -13,93 -156,474 1639577671
1 1 59 23,38 -14,00 -156,437 1639577672
1 1 59 23,63 -13,93 -156,388 1639577672
1 1 59 23,82 -13,75 -156,315 1639577673
1 1 60 26,08 -6,99 -156,413 1639577674
1 1 60 26,58 -6,99 -156,449 1639577674
1 1 60 26,51 -6,74 -156,388 1639577674
1 1 60 26,33 -6,56 -156,376 1639577675
1 1 60 26,08 -6,49 -156,425 1639577676
1 1 60 25,83 -6,56 -156,468 1639577676
1 1 60 25,65 -6,74 -156,437 1639577676
1 1 60 25,58 -6,99 -156,352 1639577677
1 1 60 25,65 -7,24 -156,437 1639577678
1 1 60 25,83 -7,42 -156,437 1639577678
1 1 60 26,08 -7,49 -156,419 1639577678
1 1 60 26,33 -7,42 -156,370 1639577679
1 1 60 26,51 -7,24 -156,309 1639577679
