1 1 1 4,24 4,24 -156,413 1639578450
1 1 1 4,74 4,24 -156,431 1639578450
1 1 1 4,68 4,49 -156,425 1639578451
1 1 1 4,49 4,68 -156,462 1639578451
1 1 1 4,24 4,74 -156,382 1639578451
1 1 1 3,99 4,68 -156,413 1639578452
1 1 1 3,81 4,49 -156,401 1639578452
1 1 1 3,74 4,24 -156,352 1639578452
1 1 1 3,81 3,99 -156,401 1639578453
1 1 1 3,99 3,81 -156,382 1639578453
1 1 1 4,24 3,74 -156,431 1639578454
1 1 1 4,49 3,81 -156,462 1639578455
1 1 1 4,68 3,99 -156,468 1639578455
1 1 2 3,36 12,56 -156,388 1639578456
1 1 2 3,86 12,56 -156,376 1639578456
1 1 2 3,80 12,81 -156,388 1639578457
1 1 2 3,61 12,99 -156,437 1639578457
1 1 2 3,36 13,06 -156,443 1639578458
1 1 2 3,11 12,99 -156,462 1639578458
1 1 2 2,93 12,81 -156,425 1639578459
1 1 2 2,86 12,56 -156,437 1639578459
1 1 2 2,93 12,31 -156,431 1639578460
1 1 2 3,11 12,12 -156,462 1639578460
1 1 2 3,36 12,06 -156,376 1639578461
1 1 2 3,61 12,12 -156,364 1639578461
1 1 2 3,80 12,31 -156,388 1639578461
1 1 3 9,19 9,19 -156,443 1639578462
1 1 3 9,69 9,19 -156,364 1639578463
1 1 3 9,63 9,44 -156,401 1639578463
1 1 3 9,44 9,63 -156,370 1639578463
1 1 3 9,19 9,69 -156,407 1639578464
1 1 3 8,94 9,63 -156,443 1639578464
1 1 3 8,76 9,44 -156,456 1639578465
1 1 3 8,69 9,19 -156,480 1639578465
1 1 3 8,76 8,94 -156,449 1639578466
1 1 3 8,94 8,76 -156,443 1639578466
1 1 3 9,19 8,69 -156,437 1639578467
1 1 3 9,44 8,76 -156,395 1639578467
1 1 3 9,63 8,94 -156,437 1639578468
1 1 4 12,56 3,36 -156,456 1639578469
1 1 4 13,06 3,36 -156,346 1639578469
1 1 4 12,99 3,61 -156,401 1639578469
1 1 4 12,81 3,80 -156,486 1639578470
1 1 4 12,56 3,86 -156,492 1639578470
1 1 4 12,31 3,80 -156,437 1639578471
1 1 4 12,12 3,61 -156,480 1639578471
1 1 4 12,06 3,36 -156,468 1639578472
1 1 4 12,12 3,11 -156,498 1639578473
1 1 4 12,31 2,93 -156,437 1639578473
1 1 4 12,56 2,86 -156,413 1639578473
1 1 4 12,81 2,93 -156,395 1639578474
1 1 4 12,99 3,11 -156,462 1639578474
1 1 5 19,32 5,18 -156,413 1639578475
1 1 5 19,82 5,18 -156,468 1639578475
1 1 5 19,75 5,43 -156,437 1639578476
1 1 5 19,57 5,61 -156,407 1639578476
1 1 5 19,32 5,68 -156,419 1639578476
1 1 5 19,07 5,61 -156,443 1639578477
1 1 5 18,89 5,43 -156,437 1639578477
1 1 5 18,82 5,18 -156,443 1639578478
1 1 5 18,89 4,93 -156,395 1639578478
1 1 5 19,07 4,74 -156,285 1639578479
1 1 5 19,32 4,68 -156,468 1639578480
1 1 5 19,57 4,74 -156,327 1639578481
1 1 5 19,75 4,93 -156,407 1639578481
1 1 6 17,32 10,00 -156,370 1639578482
1 1 6 17,82 10,00 -156,413 1639578482
1 1 6 17,75 10,25 -156,370 1639578483
1 1 6 17,57 10,43 -156,346 1639578483
1 1 6 17,32 10,50 -156,401 1639578484
1 1 6 17,07 10,43 -156,364 1639578484
1 1 6 16,89 10,25 -156,468 1639578484
1 1 6 16,82 10,00 -156,498 1639578485
1 1 6 16,89 9,75 -156,376 1639578486
1 1 6 17,07 9,57 -156,431 1639578486
1 1 6 17,32 9,50 -156,437 1639578486
1 1 6 17,57 9,57 -156,443 1639578487
1 1 6 17,75 9,75 -156,443 1639578487
1 1 7 14,14 14,14 -156,382 1639578488
1 1 7 14,64 14,14 -156,413 1639578488
1 1 7 14,58 14,39 -156,456 1639578489
1 1 7 14,39 14,58 -156,401 1639578489
1 1 7 14,14 14,64 -156,401 1639578490
1 1 7 13,89 14,58 -156,425 1639578491
1 1 7 13,71 14,39 -156,437 1639578491
1 1 7 13,64 14,14 -156,327 1639578491
1 1 7 13,71 13,89 -156,388 1639578492
1 1 7 13,89 13,71 -156,437 1639578492
1 1 7 14,14 13,64 -156,388 1639578493
1 1 7 14,39 13,71 -156,352 1639578493
1 1 7 14,58 13,89 -156,407 1639578494
1 1 8 10,00 17,32 -156,443 1639578494
1 1 8 10,50 17,32 -156,431 1639578495
1 1 8 10,43 17,57 -156,468 1639578496
1 1 8 10,25 17,75 -156,327 1639578496
1 1 8 10,00 17,82 -156,468 1639578497
1 1 8 9,75 17,75 -156,431 1639578497
1 1 8 9,57 17,57 -156,419 1639578497
1 1 8 9,50 17,32 -156,456 1639578498
1 1 8 9,57 17,07 -156,474 1639578499
1 1 8 9,75 16,89 -156,462 1639578499
1 1 8 10,00 16,82 -156,388 1639578499
1 1 8 10,25 16,89 -156,413 1639578500
1 1 8 10,43 17,07 -156,456 1639578500
1 1 9 5,18 19,32 -156,449 1639578501
1 1 9 5,68 19,32 -156,462 1639578502
1 1 9 5,61 19,57 -156,382 1639578502
1 1 9 5,43 19,75 -156,498 1639578502
1 1 9 5,18 19,82 -156,437 1639578503
1 1 9 4,93 19,75 -156,486 1639578504
1 1 9 4,74 19,57 -156,376 1639578504
1 1 9 4,68 19,32 -156,321 1639578505
1 1 9 4,74 19,07 -156,334 1639578505
1 1 9 4,93 18,89 -156,376 1639578506
1 1 9 5,18 18,82 -156,468 1639578506
1 1 9 5,43 18,89 -156,449 1639578507
1 1 9 5,61 19,07 -156,462 1639578507
1 1 10 -5,18 19,32 -156,407 1639578508
1 1 10 -4,68 19,32 -156,352 1639578509
1 1 10 -4,74 19,57 -156,395 1639578509
1 1 10 -4,93 19,75 -156,413 1639578510
1 1 10 -5,18 19,82 -156,498 1639578510
1 1 10 -5,43 19,75 -156,401 1639578511
1 1 10 -5,61 19,57 -156,358 1639578511
1 1 10 -5,68 19,32 -156,382 1639578512
1 1 10 -5,61 19,07 -156,388 1639578512
1 1 10 -5,43 18,89 -156,364 1639578513
1 1 10 -5,18 18,82 -156,352 1639578513
1 1 10 -4,93 18,89 -156,425 1639578514
1 1 10 -4,74 19,07 -156,395 1639578514
1 1 11 -10,00 17,32 -156,358 1639578515
1 1 11 -9,50 17,32 -156,425 1639578515
1 1 11 -9,57 17,57 -156,443 1639578516
1 1 11 -9,75 17,75 -156,413 1639578516
1 1 11 -10,00 17,82 -156,407 1639578516
1 1 11 -10,25 17,75 -156,376 1639578517
1 1 11 -10,43 17,57 -156,437 1639578517
1 1 11 -10,50 17,32 -156,352 1639578517
1 1 11 -10,43 17,07 -156,395 1639578518
1 1 11 -10,25 16,89 -156,340 1639578519
1 1 11 -10,00 16,82 -156,395 1639578519
1 1 11 -9,75 16,89 -156,456 1639578520
1 1 11 -9,57 17,07 -156,486 1639578520
1 1 12 -14,14 14,14 -156,474 1639578521
1 1 12 -13,64 14,14 -156,376 1639578521
1 1 12 -13,71 14,39 -156,474 1639578522
1 1 12 -13,89 14,58 -156,419 1639578522
1 1 12 -14,14 14,64 -156,462 1639578523
1 1 12 -14,39 14,58 -156,468 1639578523
1 1 12 -14,58 14,39 -156,413 1639578524
1 1 12 -14,64 14,14 -156,468 1639578524
1 1 12 -14,58 13,89 -156,431 1639578525
1 1 12 -14,39 13,71 -156,456 1639578525
1 1 12 -14,14 13,64 -156,468 1639578526
1 1 12 -13,89 13,71 -156,327 1639578526
1 1 12 -13,71 13,89 -156,437 1639578527
1 1 13 -17,32 10,00 -156,376 1639578528
1 1 13 -16,82 10,00 -156,431 1639578528
1 1 13 -16,89 10,25 -156,388 1639578529
1 1 13 -17,07 10,43 -156,346 1639578529
1 1 13 -17,32 10,50 -156,382 1639578530
1 1 13 -17,57 10,43 -156,443 1639578530
1 1 13 -17,75 10,25 -156,370 1639578530
1 1 13 -17,82 10,00 -156,456 1639578531
1 1 13 -17,75 9,75 -156,358 1639578531
1 1 13 -17,57 9,57 -156,352 1639578532
1 1 13 -17,32 9,50 -156,407 1639578532
1 1 13 -17,07 9,57 -156,443 1639578533
1 1 13 -16,89 9,75 -156,449 1639578533
1 1 14 -19,32 5,18 -156,395 1639578534
1 1 14 -18,82 5,18 -156,407 1639578535
1 1 14 -18,89 5,43 -156,370 1639578535
1 1 14 -19,07 5,61 -156,425 1639578535
1 1 14 -19,32 5,68 -156,334 1639578536
1 1 14 -19,57 5,61 -156,437 1639578537
1 1 14 -19,75 5,43 -156,352 1639578537
1 1 14 -19,82 5,18 -156,340 1639578537
1 1 14 -19,75 4,93 -156,437 1639578538
1 1 14 -19,57 4,74 -156,364 1639578539
1 1 14 -19,32 4,68 -156,364 1639578539
1 1 14 -19,07 4,74 -156,388 1639578540
1 1 14 -18,89 4,93 -156,370 1639578540
1 1 15 -12,56 3,36 -156,456 1639578541
1 1 15 -12,06 3,36 -156,395 1639578542
1 1 15 -12,12 3,61 -156,340 1639578542
1 1 15 -12,31 3,80 -156,468 1639578542
1 1 15 -12,56 3,86 -156,327 1639578543
1 1 15 -12,81 3,80 -156,358 1639578544
1 1 15 -12,99 3,61 -156,443 1639578544
1 1 15 -13,06 3,36 -156,413 1639578544
1 1 15 -12,99 3,11 -156,407 1639578545
1 1 15 -12,81 2,93 -156,407 1639578545
1 1 15 -12,56 2,86 -156,401 1639578546
1 1 15 -12,31 2,93 -156,388 1639578546
1 1 15 -12,12 3,11 -156,468 1639578547
1 1 16 -9,19 9,19 -156,382 1639578547
1 1 16 -8,69 9,19 -156,443 1639578548
1 1 16 -8,76 9,44 -156,443 1639578549
1 1 16 -8,94 9,63 -156,449 1639578549
1 1 16 -9,19 9,69 -156,407 1639578549
1 1 16 -9,44 9,63 -156,407 1639578550
1 1 16 -9,63 9,44 -156,486 1639578550
1 1 16 -9,69 9,19 -156,437 1639578551
1 1 16 -9,63 8,94 -156,474 1639578551
1 1 16 -9,44 8,76 -156,407 1639578552
1 1 16 -9,19 8,69 -156,425 1639578552
1 1 16 -8,94 8,76 -156,407 1639578553
1 1 16 -8,76 8,94 -156,486 1639578553
1 1 17 -3,36 12,56 -156,407 1639578554
1 1 17 -2,86 12,56 -156,401 1639578554
1 1 17 -2,93 12,81 -156,431 1639578555
1 1 17 -3,11 12,99 -156,327 1639578555
1 1 17 -3,36 13,06 -156,419 1639578555
1 1 17 -3,61 12,99 -156,370 1639578556
1 1 17 -3,80 12,81 -156,370 1639578556
1 1 17 -3,86 12,56 -156,413 1639578556
1 1 17 -3,80 12,31 -156,340 1639578557
1 1 17 -3,61 12,12 -156,395 1639578557
1 1 17 -3,36 12,06 -156,437 1639578558
1 1 17 -3,11 12,12 -156,370 1639578559
1 1 17 -2,93 12,31 -156,358 1639578559
1 1 18 -4,24 4,24 -156,480 1639578560
1 1 18 -3,74 4,24 -156,462 1639578560
1 1 18 -3,81 4,49 -156,443 1639578561
1 1 18 -3,99 4,68 -156,443 1639578561
1 1 18 -4,24 4,74 -156,413 1639578562
1 1 18 -4,49 4,68 -156,364 1639578563
1 1 18 -4,68 4,49 -156,321 1639578563
1 1 18 -4,74 4,24 -156,449 1639578563
1 1 18 -4,68 3,99 -156,388 1639578564
1 1 18 -4,49 3,81 -156,401 1639578564
1 1 18 -4,24 3,74 -156,480 1639578565
1 1 18 -3,99 3,81 -156,437 1639578565
1 1 18 -3,81 3,99 -156,425 1639578566
1 1 19 -4,24 -4,24 -156,395 1639578567
1 1 19 -3,74 -4,24 -156,437 1639578567
1 1 19 -3,81 -3,99 -156,419 1639578568
1 1 19 -3,99 -3,81 -156,456 1639578568
1 1 19 -4,24 -3,74 -156,456 1639578569
1 1 19 -4,49 -3,81 -156,413 1639578569
1 1 19 -4,68 -3,99 -156,492 1639578570
1 1 19 -4,74 -4,24 -156,431 1639578570
1 1 19 -4,68 -4,49 -156,407 1639578571
1 1 19 -4,49 -4,68 -156,388 1639578571
1 1 19 -4,24 -4,74 -156,413 1639578572
1 1 19 -3,99 -4,68 -156,431 1639578572
1 1 19 -3,81 -4,49 -156,413 1639578572
1 1 20 -3,36 -12,56 -156,437 1639578573
1 1 20 -2,86 -12,56 -156,370 1639578574
1 1 20 -2,93 -12,31 -156,437 1639578574
1 1 20 -3,11 -12,12 -156,425 1639578574
1 1 20 -3,36 -12,06 -156,388 1639578575
1 1 20 -3,61 -12,12 -156,437 1639578575
1 1 20 -3,80 -12,31 -156,370 1639578576
1 1 20 -3,86 -12,56 -156,382 1639578576
1 1 20 -3,80 -12,81 -156,413 1639578577
1 1 20 -3,61 -12,99 -156,327 1639578577
1 1 20 -3,36 -13,06 -156,480 1639578578
1 1 20 -3,11 -12,99 -156,340 1639578578
1 1 20 -2,93 -12,81 -156,437 1639578579
1 1 21 -9,19 -9,19 -156,388 1639578580
1 1 21 -8,69 -9,19 -156,407 1639578580
1 1 21 -8,76 -8,94 -156,468 1639578581
1 1 21 -8,94 -8,76 -156,315 1639578581
1 1 21 -9,19 -8,69 -156,413 1639578582
1 1 21 -9,44 -8,76 -156,401 1639578582
1 1 21 -9,63 -8,94 -156,346 1639578583
1 1 21 -9,69 -9,19 -156,419 1639578583
1 1 21 -9,63 -9,44 -156,358 1639578584
1 1 21 -9,44 -9,63 -156,443 1639578584
1 1 21 -9,19 -9,69 -156,352 1639578585
1 1 21 -8,94 -9,63 -156,382 1639578585
1 1 21 -8,76 -9,44 -156,413 1639578585
1 1 22 -12,56 -3,36 -156,401 1639578586
1 1 22 -12,06 -3,36 -156,352 1639578587
1 1 22 -12,12 -3,11 -156,321 1639578588
1 1 22 -12,31 -2,93 -156,462 1639578588
1 1 22 -12,56 -2,86 -156,407 1639578588
1 1 22 -12,81 -2,93 -156,370 1639578589
1 1 22 -12,99 -3,11 -156,425 1639578590
1 1 22 -13,06 -3,36 -156,315 1639578590
1 1 22 -12,99 -3,61 -156,297 1639578591
1 1 22 -12,81 -3,80 -156,626 1639578591
1 1 22 -12,56 -3,86 -156,456 1639578592
1 1 22 -12,31 -3,80 -156,431 1639578592
1 1 22 -12,12 -3,61 -156,401 1639578593
1 1 23 -19,32 -5,18 -156,407 1639578593
1 1 23 -18,82 -5,18 -156,425 1639578594
1 1 23 -18,89 -4,93 -156,401 1639578595
1 1 23 -19,07 -4,74 -156,382 1639578595
1 1 23 -19,32 -4,68 -156,437 1639578596
1 1 23 -19,57 -4,74 -156,449 1639578596
1 1 23 -19,75 -4,93 -156,395 1639578596
1 1 23 -19,82 -5,18 -156,358 1639578597
1 1 23 -19,75 -5,43 -156,382 1639578598
1 1 23 -19,57 -5,61 -156,468 1639578598
1 1 23 -19,32 -5,68 -156,376 1639578598
1 1 23 -19,07 -5,61 -156,419 1639578599
1 1 23 -18,89 -5,43 -156,437 1639578599
1 1 24 -17,32 -10,00 -156,407 1639578600
1 1 24 -16,82 -10,00 -156,407 1639578600
1 1 24 -16,89 -9,75 -156,401 1639578601
1 1 24 -17,07 -9,57 -156,437 1639578601
1 1 24 -17,32 -9,50 -156,462 1639578602
1 1 24 -17,57 -9,57 -156,395 1639578603
1 1 24 -17,75 -9,75 -156,376 1639578603
1 1 24 -17,82 -10,00 -156,419 1639578604
1 1 24 -17,75 -10,25 -156,462 1639578604
1 1 24 -17,57 -10,43 -156,413 1639578604
1 1 24 -17,32 -10,50 -156,431 1639578605
1 1 24 -17,07 -10,43 -156,498 1639578606
1 1 24 -16,89 -10,25 -156,401 1639578606
1 1 25 -14,14 -14,14 -156,443 1639578607
1 1 25 -13,64 -14,14 -156,462 1639578607
1 1 25 -13,71 -13,89 -156,456 1639578608
1 1 25 -13,89 -13,71 -156,395 1639578608
1 1 25 -14,14 -13,64 -156,407 1639578609
1 1 25 -14,39 -13,71 -156,401 1639578609
1 1 25 -14,58 -13,89 -156,443 1639578610
1 1 25 -14,64 -14,14 -156,303 1639578610
1 1 25 -14,58 -14,39 -156,370 1639578611
1 1 25 -14,39 -14,58 -156,425 1639578611
1 1 25 -14,14 -14,64 -156,456 1639578612
1 1 25 -13,89 -14,58 -156,486 1639578612
1 1 25 -13,71 -14,39 -156,443 1639578612
1 1 26 -10,00 -17,32 -156,370 1639578613
1 1 26 -9,50 -17,32 -156,437 1639578614
1 1 26 -9,57 -17,07 -156,413 1639578614
1 1 26 -9,75 -16,89 -156,474 1639578615
1 1 26 -10,00 -16,82 -156,358 1639578615
1 1 26 -10,25 -16,89 -156,456 1639578616
1 1 26 -10,43 -17,07 -156,370 1639578616
1 1 26 -10,50 -17,32 -156,443 1639578617
1 1 26 -10,43 -17,57 -156,352 1639578617
1 1 26 -10,25 -17,75 -156,443 1639578617
1 1 26 -10,00 -17,82 -156,376 1639578618
1 1 26 -9,75 -17,75 -156,431 1639578619
1 1 26 -9,57 -17,57 -156,419 1639578619
1 1 27 -5,18 -19,32 -156,462 1639578620
1 1 27 -4,68 -19,32 -156,407 1639578620
1 1 27 -4,74 -19,07 -156,370 1639578621
1 1 27 -4,93 -18,89 -156,449 1639578621
1 1 27 -5,18 -18,82 -156,480 1639578622
1 1 27 -5,43 -18,89 -156,492 1639578622
1 1 27 -5,61 -19,07 -156,437 1639578623
1 1 27 -5,68 -19,32 -156,382 1639578623
1 1 27 -5,61 -19,57 -156,462 1639578624
1 1 27 -5,43 -19,75 -156,474 1639578624
1 1 27 -5,18 -19,82 -156,437 1639578625
1 1 27 -4,93 -19,75 -156,437 1639578625
1 1 27 -4,74 -19,57 -156,327 1639578626
1 1 28 5,18 -19,32 -156,395 1639578627
1 1 28 5,68 -19,32 -156,437 1639578627
1 1 28 5,61 -19,07 -156,419 1639578627
1 1 28 5,43 -18,89 -156,449 1639578628
1 1 28 5,18 -18,82 -156,419 1639578628
1 1 28 4,93 -18,89 -156,413 1639578628
1 1 28 4,74 -19,07 -156,468 1639578629
1 1 28 4,68 -19,32 -156,443 1639578629
1 1 28 4,74 -19,57 -156,431 1639578630
1 1 28 4,93 -19,75 -156,413 1639578630
1 1 28 5,18 -19,82 -156,431 1639578631
1 1 28 5,43 -19,75 -156,437 1639578631
1 1 28 5,61 -19,57 -156,468 1639578632
1 1 29 10,00 -17,32 -156,474 1639578632
1 1 29 10,50 -17,32 -156,504 1639578633
1 1 29 10,43 -17,07 -156,523 1639578633
1 1 29 10,25 -16,89 -156,358 1639578634
1 1 29 10,00 -16,82 -156,395 1639578634
1 1 29 9,75 -16,89 -156,388 1639578634
1 1 29 9,57 -17,07 -156,456 1639578635
1 1 29 9,50 -17,32 -156,431 1639578635
1 1 29 9,57 -17,57 -156,449 1639578636
1 1 29 9,75 -17,75 -156,413 1639578636
1 1 29 10,00 -17,82 -156,437 1639578637
1 1 29 10,25 -17,75 -156,431 1639578637
1 1 29 10,43 -17,57 -156,352 1639578638
1 1 30 14,14 -14,14 -156,431 1639578638
1 1 30 14,64 -14,14 -156,401 1639578639
1 1 30 14,58 -13,89 -156,468 1639578640
1 1 30 14,39 -13,71 -156,431 1639578640
1 1 30 14,14 -13,64 -156,437 1639578640
1 1 30 13,89 -13,71 -156,437 1639578641
1 1 30 13,71 -13,89 -156,431 1639578641
1 1 30 13,64 -14,14 -156,431 1639578642
1 1 30 13,71 -14,39 -156,437 1639578642
1 1 30 13,89 -14,58 -156,340 1639578643
1 1 30 14,14 -14,64 -156,358 1639578643
1 1 30 14,39 -14,58 -156,395 1639578644
1 1 30 14,58 -14,39 -156,413 1639578644
1 1 31 17,32 -10,00 -156,407 1639578645
1 1 31 17,82 -10,00 -156,492 1639578645
1 1 31 17,75 -9,75 -156,456 1639578646
1 1 31 17,57 -9,57 -156,401 1639578646
1 1 31 17,32 -9,50 -156,468 1639578647
1 1 31 17,07 -9,57 -156,370 1639578648
1 1 31 16,89 -9,75 -156,425 1639578648
1 1 31 16,82 -10,00 -156,437 1639578649
1 1 31 16,89 -10,25 -156,462 1639578649
1 1 31 17,07 -10,43 -156,462 1639578650
1 1 31 17,32 -10,50 -156,401 1639578650
1 1 31 17,57 -10,43 -156,340 1639578651
1 1 31 17,75 -10,25 -156,443 1639578651
1 1 32 19,32 -5,18 -156,260 1639578652
1 1 32 19,82 -5,18 -156,407 1639578653
1 1 32 19,75 -4,93 -156,468 1639578653
1 1 32 19,57 -4,74 -156,443 1639578653
1 1 32 19,32 -4,68 -156,443 1639578654
1 1 32 19,07 -4,74 -156,407 1639578655
1 1 32 18,89 -4,93 -156,449 1639578655
1 1 32 18,82 -5,18 -156,468 1639578655
1 1 32 18,89 -5,43 -156,395 1639578656
1 1 32 19,07 -5,61 -156,407 1639578656
1 1 32 19,32 -5,68 -156,437 1639578657
1 1 32 19,57 -5,61 -156,431 1639578657
1 1 32 19,75 -5,43 -156,376 1639578658
1 1 33 12,56 -3,36 -156,437 1639578659
1 1 33 13,06 -3,36 -156,382 1639578659
1 1 33 12,99 -3,11 -156,358 1639578659
1 1 33 12,81 -2,93 -156,462 1639578660
1 1 33 12,56 -2,86 -156,425 1639578661
1 1 33 12,31 -2,93 -156,382 1639578661
1 1 33 12,12 -3,11 -156,437 1639578662
1 1 33 12,06 -3,36 -156,437 1639578662
1 1 33 12,12 -3,61 -156,388 1639578663
1 1 33 12,31 -3,80 -156,413 1639578663
1 1 33 12,56 -3,86 -156,437 1639578664
1 1 33 12,81 -3,80 -156,431 1639578664
1 1 33 12,99 -3,61 -156,468 1639578664
1 1 34 9,19 -9,19 -156,382 1639578665
1 1 34 9,69 -9,19 -156,437 1639578666
1 1 34 9,63 -8,94 -156,462 1639578667
1 1 34 9,44 -8,76 -156,419 1639578667
1 1 34 9,19 -8,69 -156,413 1639578668
1 1 34 8,94 -8,76 -156,449 1639578668
1 1 34 8,76 -8,94 -156,462 1639578669
1 1 34 8,69 -9,19 -156,419 1639578669
1 1 34 8,76 -9,44 -156,437 1639578670
1 1 34 8,94 -9,63 -156,443 1639578670
1 1 34 9,19 -9,69 -156,419 1639578671
1 1 34 9,44 -9,63 -156,486 1639578671
1 1 34 9,63 -9,44 -156,419 1639578672
1 1 35 3,36 -12,56 -156,395 1639578673
1 1 35 3,86 -12,56 -156,334 1639578673
1 1 35 3,80 -12,31 -156,346 1639578673
1 1 35 3,61 -12,12 -156,517 1639578674
1 1 35 3,36 -12,06 -156,346 1639578674
1 1 35 3,11 -12,12 -156,382 1639578675
1 1 35 2,93 -12,31 -156,449 1639578675
1 1 35 2,86 -12,56 -156,419 1639578676
1 1 35 2,93 -12,81 -156,449 1639578676
1 1 35 3,11 -12,99 -156,437 1639578677
1 1 35 3,36 -13,06 -156,352 1639578677
1 1 35 3,61 -12,99 -156,449 1639578678
1 1 35 3,80 -12,81 -156,474 1639578678
1 1 36 4,24 -4,24 -156,437 1639578679
1 1 36 4,74 -4,24 -156,395 1639578680
1 1 36 4,68 -3,99 -156,388 1639578680
1 1 36 4,49 -3,81 -156,352 1639578681
1 1 36 4,24 -3,74 -156,449 1639578681
1 1 36 3,99 -3,81 -156,437 1639578682
1 1 36 3,81 -3,99 -156,327 1639578682
1 1 36 3,74 -4,24 -156,364 1639578682
1 1 36 3,81 -4,49 -156,364 1639578683
1 1 36 3,99 -4,68 -156,474 1639578683
1 1 36 4,24 -4,74 -156,358 1639578684
1 1 36 4,49 -4,68 -156,401 1639578685
1 1 36 4,68 -4,49 -156,437 1639578685
1 1 37 27,00 0,00 -156,498 1639578687
1 1 37 27,50 0,00 -156,437 1639578687
1 1 37 27,43 0,25 -156,407 1639578687
1 1 37 27,25 0,43 -156,474 1639578688
1 1 37 27,00 0,50 -156,468 1639578688
1 1 37 26,75 0,43 -156,285 1639578689
1 1 37 26,57 0,25 -156,462 1639578689
1 1 37 26,50 0,00 -156,437 1639578690
1 1 37 26,57 -0,25 -156,437 1639578690
1 1 37 26,75 -0,43 -156,291 1639578691
1 1 37 27,00 -0,50 -156,395 1639578691
1 1 37 27,25 -0,43 -156,382 1639578692
1 1 37 27,43 -0,25 -156,498 1639578692
1 1 38 26,08 6,99 -156,407 1639578693
1 1 38 26,58 6,99 -156,370 1639578693
1 1 38 26,51 7,24 -156,407 1639578694
1 1 38 26,33 7,42 -156,419 1639578694
1 1 38 26,08 7,49 -156,437 1639578695
1 1 38 25,83 7,42 -156,364 1639578695
1 1 38 25,65 7,24 -156,443 1639578696
1 1 38 25,58 6,99 -156,449 1639578696
1 1 38 25,65 6,74 -156,443 1639578697
1 1 38 25,83 6,56 -156,315 1639578697
1 1 38 26,08 6,49 -156,486 1639578698
1 1 38 26,33 6,56 -156,376 1639578698
1 1 38 26,51 6,74 -156,437 1639578699
1 1 39 23,38 13,50 -156,462 1639578700
1 1 39 23,88 13,50 -156,425 1639578700
1 1 39 23,82 13,75 -156,419 1639578701
1 1 39 23,63 13,93 -156,425 1639578701
1 1 39 23,38 14,00 -156,443 1639578702
1 1 39 23,13 13,93 -156,413 1639578702
1 1 39 22,95 13,75 -156,419 1639578703
1 1 39 22,88 13,50 -156,486 1639578703
1 1 39 22,95 13,25 -156,456 1639578704
1 1 39 23,13 13,07 -156,370 1639578704
1 1 39 23,38 13,00 -156,523 1639578704
1 1 39 23,63 13,07 -156,358 1639578705
1 1 39 23,82 13,25 -156,352 1639578705
1 1 40 19,09 19,09 -156,413 1639578706
1 1 40 19,59 19,09 -156,431 1639578706
1 1 40 19,52 19,34 -156,443 1639578707
1 1 40 19,34 19,52 -156,462 1639578707
1 1 40 19,09 19,59 -156,437 1639578708
1 1 40 18,84 19,52 -156,419 1639578709
1 1 40 18,66 19,34 -156,468 1639578709
1 1 40 18,59 19,09 -156,456 1639578709
1 1 40 18,66 18,84 -156,419 1639578710
1 1 40 18,84 18,66 -156,358 1639578710
1 1 40 19,09 18,59 -156,382 1639578711
1 1 40 19,34 18,66 -156,395 1639578711
1 1 40 19,52 18,84 -156,382 1639578712
1 1 41 13,50 23,38 -156,443 1639578713
1 1 41 14,00 23,38 -156,358 1639578713
1 1 41 13,93 23,63 -156,419 1639578714
1 1 41 13,75 23,82 -156,364 1639578714
1 1 41 13,50 23,88 -156,352 1639578715
1 1 41 13,25 23,82 -156,401 1639578715
1 1 41 13,07 23,63 -156,388 1639578716
1 1 41 13,00 23,38 -156,413 1639578716
1 1 41 13,07 23,13 -156,431 1639578717
1 1 41 13,25 22,95 -156,462 1639578717
1 1 41 13,50 22,88 -156,443 1639578718
1 1 41 13,75 22,95 -156,419 1639578718
1 1 41 13,93 23,13 -156,449 1639578718
1 1 42 6,99 26,08 -156,443 1639578720
1 1 42 7,49 26,08 -156,376 1639578720
1 1 42 7,42 26,33 -156,419 1639578720
1 1 42 7,24 26,51 -156,352 1639578721
1 1 42 6,99 26,58 -156,370 1639578722
1 1 42 6,74 26,51 -156,468 1639578722
1 1 42 6,56 26,33 -156,327 1639578722
1 1 42 6,49 26,08 -156,437 1639578723
1 1 42 6,56 25,83 -156,340 1639578723
1 1 42 6,74 25,65 -156,437 1639578724
1 1 42 6,99 25,58 -156,407 1639578724
1 1 42 7,24 25,65 -156,401 1639578725
1 1 42 7,42 25,83 -156,413 1639578725
1 1 43 0,00 27,00 -156,395 1639578726
1 1 43 0,50 27,00 -156,382 1639578726
1 1 43 0,43 27,25 -156,352 1639578727
1 1 43 0,25 27,43 -156,437 1639578728
1 1 43 0,00 27,50 -156,437 1639578728
1 1 43 -0,25 27,43 -156,388 1639578729
1 1 43 -0,43 27,25 -156,388 1639578729
1 1 43 -0,50 27,00 -156,370 1639578729
1 1 43 -0,43 26,75 -156,340 1639578730
1 1 43 -0,25 26,57 -156,437 1639578730
1 1 43 0,00 26,50 -156,456 1639578731
1 1 43 0,25 26,57 -156,395 1639578732
1 1 43 0,43 26,75 -156,407 1639578732
1 1 44 -6,99 26,08 -156,407 1639578733
1 1 44 -6,49 26,08 -156,407 1639578733
1 1 44 -6,56 26,33 -156,498 1639578733
1 1 44 -6,74 26,51 -156,437 1639578734
1 1 44 -6,99 26,58 -156,443 1639578735
1 1 44 -7,24 26,51 -156,449 1639578735
1 1 44 -7,42 26,33 -156,413 1639578736
1 1 44 -7,49 26,08 -156,462 1639578736
1 1 44 -7,42 25,83 -156,407 1639578737
1 1 44 -7,24 25,65 -156,401 1639578737
1 1 44 -6,99 25,58 -156,407 1639578738
1 1 44 -6,74 25,65 -156,388 1639578738
1 1 44 -6,56 25,83 -156,480 1639578739
1 1 45 -13,50 23,38 -156,395 1639578740
1 1 45 -13,00 23,38 -156,443 1639578741
1 1 45 -13,07 23,63 -156,425 1639578741
1 1 45 -13,25 23,82 -156,401 1639578741
1 1 45 -13,50 23,88 -156,437 1639578742
1 1 45 -13,75 23,82 -156,468 1639578742
1 1 45 -13,93 23,63 -156,382 1639578743
1 1 45 -14,00 23,38 -156,443 1639578743
1 1 45 -13,93 23,13 -156,419 1639578743
1 1 45 -13,75 22,95 -156,456 1639578744
1 1 45 -13,50 22,88 -156,462 1639578745
1 1 45 -13,25 22,95 -156,437 1639578745
1 1 45 -13,07 23,13 -156,388 1639578745
1 1 46 -19,09 19,09 -156,340 1639578746
1 1 46 -18,59 19,09 -156,437 1639578747
1 1 46 -18,66 19,34 -156,382 1639578747
1 1 46 -18,84 19,52 -156,443 1639578748
1 1 46 -19,09 19,59 -156,376 1639578748
1 1 46 -19,34 19,52 -156,437 1639578749
1 1 46 -19,52 19,34 -156,449 1639578749
1 1 46 -19,59 19,09 -156,443 1639578750
1 1 46 -19,52 18,84 -156,419 1639578750
1 1 46 -19,34 18,66 -156,462 1639578750
1 1 46 -19,09 18,59 -156,370 1639578751
1 1 46 -18,84 18,66 -156,419 1639578752
1 1 46 -18,66 18,84 -156,352 1639578752
1 1 47 -23,38 13,50 -156,370 1639578753
1 1 47 -22,88 13,50 -156,388 1639578753
1 1 47 -22,95 13,75 -156,346 1639578754
1 1 47 -23,13 13,93 -156,382 1639578754
1 1 47 -23,38 14,00 -156,388 1639578755
1 1 47 -23,63 13,93 -156,358 1639578755
1 1 47 -23,82 13,75 -156,352 1639578756
1 1 47 -23,88 13,50 -156,443 1639578756
1 1 47 -23,82 13,25 -156,443 1639578756
1 1 47 -23,63 13,07 -156,431 1639578757
1 1 47 -23,38 13,00 -156,449 1639578758
1 1 47 -23,13 13,07 -156,449 1639578758
1 1 47 -22,95 13,25 -156,401 1639578758
1 1 48 -26,08 6,99 -156,480 1639578759
1 1 48 -25,58 6,99 -156,419 1639578760
1 1 48 -25,65 7,24 -156,388 1639578760
1 1 48 -25,83 7,42 -156,449 1639578761
1 1 48 -26,08 7,49 -156,462 1639578761
1 1 48 -26,33 7,42 -156,413 1639578762
1 1 48 -26,51 7,24 -156,327 1639578762
1 1 48 -26,58 6,99 -156,327 1639578763
1 1 48 -26,51 6,74 -156,437 1639578763
1 1 48 -26,33 6,56 -156,468 1639578763
1 1 48 -26,08 6,49 -156,395 1639578764
1 1 48 -25,83 6,56 -156,376 1639578765
1 1 48 -25,65 6,74 -156,395 1639578765
1 1 49 -27,00 0,00 -156,437 1639578766
1 1 49 -26,50 0,00 -156,309 1639578766
1 1 49 -26,57 0,25 -156,346 1639578767
1 1 49 -26,75 0,43 -156,449 1639578767
1 1 49 -27,00 0,50 -156,486 1639578768
1 1 49 -27,25 0,43 -156,431 1639578768
1 1 49 -27,43 0,25 -156,443 1639578769
1 1 49 -27,50 0,00 -156,486 1639578769
1 1 49 -27,43 -0,25 -156,419 1639578770
1 1 49 -27,25 -0,43 -156,480 1639578770
1 1 49 -27,00 -0,50 -156,437 1639578771
1 1 49 -26,75 -0,43 -156,437 1639578771
1 1 49 -26,57 -0,25 -156,321 1639578772
1 1 50 -26,08 -6,99 -156,443 1639578773
1 1 50 -25,58 -6,99 -156,474 1639578773
1 1 50 -25,65 -6,74 -156,425 1639578774
1 1 50 -25,83 -6,56 -156,401 1639578774
1 1 50 -26,08 -6,49 -156,437 1639578775
1 1 50 -26,33 -6,56 -156,407 1639578775
1 1 50 -26,51 -6,74 -156,370 1639578775
1 1 50 -26,58 -6,99 -156,376 1639578776
1 1 50 -26,51 -7,24 -156,370 1639578776
1 1 50 -26,33 -7,42 -156,370 1639578776
1 1 50 -26,08 -7,49 -156,431 1639578777
1 1 50 -25,83 -7,42 -156,376 1639578777
1 1 50 -25,65 -7,24 -156,443 1639578778
1 1 51 -23,38 -13,50 -156,437 1639578779
1 1 51 -22,88 -13,50 -156,468 1639578779
1 1 51 -22,95 -13,25 -156,498 1639578779
1 1 51 -23,13 -13,07 -156,395 1639578780
1 1 51 -23,38 -13,00 -156,419 1639578780
1 1 51 -23,63 -13,07 -156,443 1639578780
1 1 51 -23,82 -13,25 -156,401 1639578781
1 1 51 -23,88 -13,50 -156,358 1639578782
1 1 51 -23,82 -13,75 -156,334 1639578782
1 1 51 -23,63 -13,93 -156,498 1639578783
1 1 51 -23,38 -14,00 -156,443 1639578783
1 1 51 -23,13 -13,93 -156,352 1639578784
1 1 51 -22,95 -13,75 -156,474 1639578784
1 1 52 -19,09 -19,09 -156,443 1639578785
1 1 52 -18,59 -19,09 -156,437 1639578786
1 1 52 -18,66 -18,84 -156,437 1639578786
1 1 52 -18,84 -18,66 -156,462 1639578786
1 1 52 -19,09 -18,59 -156,407 1639578787
1 1 52 -19,34 -18,66 -156,382 1639578788
1 1 52 -19,52 -18,84 -156,358 1639578788
1 1 52 -19,59 -19,09 -156,388 1639578788
1 1 52 -19,52 -19,34 -156,431 1639578789
1 1 52 -19,34 -19,52 -156,437 1639578789
1 1 52 -19,09 -19,59 -156,419 1639578790
1 1 52 -18,84 -19,52 -156,431 1639578790
1 1 52 -18,66 -19,34 -156,443 1639578791
1 1 53 -13,50 -23,38 -156,388 1639578791
1 1 53 -13,00 -23,38 -156,370 1639578792
1 1 53 -13,07 -23,13 -156,437 1639578793
1 1 53 -13,25 -22,95 -156,468 1639578793
1 1 53 -13,50 -22,88 -156,486 1639578794
1 1 53 -13,75 -22,95 -156,456 1639578794
1 1 53 -13,93 -23,13 -156,352 1639578794
1 1 53 -14,00 -23,38 -156,419 1639578795
1 1 53 -13,93 -23,63 -156,407 1639578796
1 1 53 -13,75 -23,82 -156,431 1639578796
1 1 53 -13,50 -23,88 -156,395 1639578796
1 1 53 -13,25 -23,82 -156,443 1639578796
1 1 53 -13,07 -23,63 -156,456 1639578797
1 1 54 -6,99 -26,08 -156,456 1639578798
1 1 54 -6,49 -26,08 -156,401 1639578798
1 1 54 -6,56 -25,83 -156,395 1639578798
1 1 54 -6,74 -25,65 -156,462 1639578799
1 1 54 -6,99 -25,58 -156,370 1639578800
1 1 54 -7,24 -25,65 -156,437 1639578800
1 1 54 -7,42 -25,83 -156,425 1639578801
1 1 54 -7,49 -26,08 -156,364 1639578801
1 1 54 -7,42 -26,33 -156,370 1639578802
1 1 54 -7,24 -26,51 -156,437 1639578802
1 1 54 -6,99 -26,58 -156,413 1639578802
1 1 54 -6,74 -26,51 -156,468 1639578803
1 1 54 -6,56 -26,33 -156,443 1639578803
1 1 55 -0,00 -27,00 -156,395 1639578804
1 1 55 0,50 -27,00 -156,401 1639578805
1 1 55 0,43 -26,75 -156,431 1639578805
1 1 55 0,25 -26,57 -156,492 1639578806
1 1 55 -0,00 -26,50 -156,407 1639578807
1 1 55 -0,25 -26,57 -156,498 1639578807
1 1 55 -0,43 -26,75 -156,437 1639578807
1 1 55 -0,50 -27,00 -156,431 1639578808
1 1 55 -0,43 -27,25 -156,352 1639578809
1 1 55 -0,25 -27,43 -156,431 1639578809
1 1 55 -0,00 -27,50 -156,382 1639578810
1 1 55 0,25 -27,43 -156,407 1639578810
1 1 55 0,43 -27,25 -156,498 1639578810
1 1 56 6,99 -26,08 -156,456 1639578811
1 1 56 7,49 -26,08 -156,511 1639578812
1 1 56 7,42 -25,83 -156,468 1639578812
1 1 56 7,24 -25,65 -156,468 1639578812
1 1 56 6,99 -25,58 -156,395 1639578813
1 1 56 6,74 -25,65 -156,407 1639578813
1 1 56 6,56 -25,83 -156,462 1639578814
1 1 56 6,49 -26,08 -156,529 1639578814
1 1 56 6,56 -26,33 -156,431 1639578815
1 1 56 6,74 -26,51 -156,376 1639578815
1 1 56 6,99 -26,58 -156,462 1639578816
1 1 56 7,24 -26,51 -156,382 1639578816
1 1 56 7,42 -26,33 -156,407 1639578817
1 1 57 13,50 -23,38 -156,468 1639578818
1 1 57 14,00 -23,38 -156,407 1639578818
1 1 57 13,93 -23,13 -156,376 1639578818
1 1 57 13,75 -22,95 -156,437 1639578819
1 1 57 13,50 -22,88 -156,474 1639578820
1 1 57 13,25 -22,95 -156,327 1639578820
1 1 57 13,07 -23,13 -156,462 1639578820
1 1 57 13,00 -23,38 -156,462 1639578821
1 1 57 13,07 -23,63 -156,553 1639578822
1 1 57 13,25 -23,82 -156,419 1639578822
1 1 57 13,50 -23,88 -156,437 1639578822
1 1 57 13,75 -23,82 -156,419 1639578823
1 1 57 13,93 -23,63 -156,437 1639578823
1 1 58 19,09 -19,09 -156,480 1639578824
1 1 58 19,59 -19,09 -156,456 1639578825
1 1 58 19,52 -18,84 -156,407 1639578825
1 1 58 19,34 -18,66 -156,437 1639578825
1 1 58 19,09 -18,59 -156,413 1639578826
1 1 58 18,84 -18,66 -156,358 1639578827
1 1 58 18,66 -18,84 -156,517 1639578827
1 1 58 18,59 -19,09 -156,480 1639578827
1 1 58 18,66 -19,34 -156,456 1639578828
1 1 58 18,84 -19,52 -156,431 1639578828
1 1 58 19,09 -19,59 -156,437 1639578829
1 1 58 19,34 -19,52 -156,395 1639578830
1 1 58 19,52 -19,34 -156,474 1639578830
1 1 59 23,38 -13,50 -156,443 1639578831
1 1 59 23,88 -13,50 -156,364 1639578831
1 1 59 23,82 -13,25 -156,376 1639578831
1 1 59 23,63 -13,07 -156,498 1639578832
1 1 59 23,38 -13,00 -156,462 1639578832
1 1 59 23,13 -13,07 -156,492 1639578832
1 1 59 22,95 -13,25 -156,401 1639578833
1 1 59 22,88 -13,50 -156,370 1639578834
1 1 59 22,95 -13,75 -156,401 1639578834
1 1 59 23,13 -13,93 -156,480 1639578834
1 1 59 23,38 -14,00 -156,437 1639578835
1 1 59 23,63 -13,93 -156,382 1639578836
1 1 59 23,82 -13,75 -156,315 1639578836
1 1 60 26,08 -6,99 -156,407 1639578837
1 1 60 26,58 -6,99 -156,443 1639578837
1 1 60 26,51 -6,74 -156,401 1639578838
1 1 60 26,33 -6,56 -156,376 1639578838
1 1 60 26,08 -6,49 -156,425 1639578839
1 1 60 25,83 -6,56 -156,468 1639578840
1 1 60 25,65 -6,74 -156,437 1639578840
1 1 60 25,58 -6,99 -156,346 1639578840
1 1 60 25,65 -7,24 -156,431 1639578841
1 1 60 25,83 -7,42 -156,431 1639578841
1 1 60 26,08 -7,49 -156,419 1639578842
1 1 60 26,33 -7,42 -156,370 1639578842
1 1 60 26,51 -7,24 -156,309 1639578843
