1 1 1 4,24 4,24 -156,413 1639579070
1 1 1 4,74 4,24 -156,431 1639579071
1 1 1 4,68 4,49 -156,419 1639579072
1 1 1 4,49 4,68 -156,456 1639579072
1 1 1 4,24 4,74 -156,376 1639579072
1 1 1 3,99 4,68 -156,413 1639579073
1 1 1 3,81 4,49 -156,401 1639579073
1 1 1 3,74 4,24 -156,364 1639579074
1 1 1 3,81 3,99 -156,401 1639579074
1 1 1 3,99 3,81 -156,382 1639579075
1 1 1 4,24 3,74 -156,425 1639579075
1 1 1 4,49 3,81 -156,462 1639579076
1 1 1 4,68 3,99 -156,462 1639579076
1 1 2 3,36 12,56 -156,388 1639579077
1 1 2 3,86 12,56 -156,376 1639579078
1 1 2 3,80 12,81 -156,388 1639579078
1 1 2 3,61 12,99 -156,437 1639579078
1 1 2 3,36 13,06 -156,443 1639579079
1 1 2 3,11 12,99 -156,462 1639579080
1 1 2 2,93 12,81 -156,431 1639579080
1 1 2 2,86 12,56 -156,437 1639579081
1 1 2 2,93 12,31 -156,431 1639579081
1 1 2 3,11 12,12 -156,462 1639579082
1 1 2 3,36 12,06 -156,376 1639579082
1 1 2 3,61 12,12 -156,364 1639579083
1 1 2 3,80 12,31 -156,388 1639579083
1 1 3 9,19 9,19 -156,443 1639579084
1 1 3 9,69 9,19 -156,358 1639579085
1 1 3 9,63 9,44 -156,407 1639579085
1 1 3 9,44 9,63 -156,382 1639579085
1 1 3 9,19 9,69 -156,401 1639579086
1 1 3 8,94 9,63 -156,443 1639579087
1 1 3 8,76 9,44 -156,443 1639579087
1 1 3 8,69 9,19 -156,480 1639579087
1 1 3 8,76 8,94 -156,443 1639579088
1 1 3 8,94 8,76 -156,443 1639579088
1 1 3 9,19 8,69 -156,437 1639579088
1 1 3 9,44 8,76 -156,395 1639579089
1 1 3 9,63 8,94 -156,437 1639579089
1 1 4 12,56 3,36 -156,456 1639579090
1 1 4 13,06 3,36 -156,346 1639579091
1 1 4 12,99 3,61 -156,401 1639579091
1 1 4 12,81 3,80 -156,480 1639579092
1 1 4 12,56 3,86 -156,492 1639579092
1 1 4 12,31 3,80 -156,437 1639579093
1 1 4 12,12 3,61 -156,474 1639579093
1 1 4 12,06 3,36 -156,468 1639579094
1 1 4 12,12 3,11 -156,498 1639579094
1 1 4 12,31 2,93 -156,425 1639579095
1 1 4 12,56 2,86 -156,413 1639579095
1 1 4 12,81 2,93 -156,395 1639579096
1 1 4 12,99 3,11 -156,462 1639579096
1 1 5 19,32 5,18 -156,413 1639579097
1 1 5 19,82 5,18 -156,468 1639579097
1 1 5 19,75 5,43 -156,437 1639579097
1 1 5 19,57 5,61 -156,407 1639579098
1 1 5 19,32 5,68 -156,413 1639579099
1 1 5 19,07 5,61 -156,449 1639579099
1 1 5 18,89 5,43 -156,437 1639579100
1 1 5 18,82 5,18 -156,443 1639579100
1 1 5 18,89 4,93 -156,395 1639579101
1 1 5 19,07 4,74 -156,291 1639579101
1 1 5 19,32 4,68 -156,468 1639579102
1 1 5 19,57 4,74 -156,334 1639579102
1 1 5 19,75 4,93 -156,407 1639579103
1 1 6 17,32 10,00 -156,364 1639579104
1 1 6 17,82 10,00 -156,407 1639579104
1 1 6 17,75 10,25 -156,364 1639579105
1 1 6 17,57 10,43 -156,346 1639579105
1 1 6 17,32 10,50 -156,395 1639579106
1 1 6 17,07 10,43 -156,364 1639579106
1 1 6 16,89 10,25 -156,468 1639579107
1 1 6 16,82 10,00 -156,492 1639579107
1 1 6 16,89 9,75 -156,376 1639579108
1 1 6 17,07 9,57 -156,437 1639579108
1 1 6 17,32 9,50 -156,437 1639579109
1 1 6 17,57 9,57 -156,443 1639579109
1 1 6 17,75 9,75 -156,443 1639579109
1 1 7 14,14 14,14 -156,382 1639579110
1 1 7 14,64 14,14 -156,413 1639579111
1 1 7 14,58 14,39 -156,456 1639579111
1 1 7 14,39 14,58 -156,401 1639579112
1 1 7 14,14 14,64 -156,395 1639579112
1 1 7 13,89 14,58 -156,425 1639579113
1 1 7 13,71 14,39 -156,437 1639579113
1 1 7 13,64 14,14 -156,327 1639579114
1 1 7 13,71 13,89 -156,388 1639579114
1 1 7 13,89 13,71 -156,437 1639579115
1 1 7 14,14 13,64 -156,388 1639579115
1 1 7 14,39 13,71 -156,352 1639579116
1 1 7 14,58 13,89 -156,407 1639579116
1 1 8 10,00 17,32 -156,443 1639579117
1 1 8 10,50 17,32 -156,431 1639579118
1 1 8 10,43 17,57 -156,468 1639579118
1 1 8 10,25 17,75 -156,321 1639579119
1 1 8 10,00 17,82 -156,468 1639579119
1 1 8 9,75 17,75 -156,425 1639579119
1 1 8 9,57 17,57 -156,425 1639579120
1 1 8 9,50 17,32 -156,456 1639579120
1 1 8 9,57 17,07 -156,474 1639579121
1 1 8 9,75 16,89 -156,462 1639579121
1 1 8 10,00 16,82 -156,388 1639579122
1 1 8 10,25 16,89 -156,413 1639579122
1 1 8 10,43 17,07 -156,456 1639579122
1 1 9 5,18 19,32 -156,443 1639579123
1 1 9 5,68 19,32 -156,462 1639579124
1 1 9 5,61 19,57 -156,382 1639579124
1 1 9 5,43 19,75 -156,498 1639579125
1 1 9 5,18 19,82 -156,437 1639579125
1 1 9 4,93 19,75 -156,486 1639579126
1 1 9 4,74 19,57 -156,376 1639579126
1 1 9 4,68 19,32 -156,315 1639579127
1 1 9 4,74 19,07 -156,334 1639579127
1 1 9 4,93 18,89 -156,364 1639579127
1 1 9 5,18 18,82 -156,468 1639579128
1 1 9 5,43 18,89 -156,449 1639579129
1 1 9 5,61 19,07 -156,462 1639579129
1 1 10 -5,18 19,32 -156,407 1639579130
1 1 10 -4,68 19,32 -156,352 1639579131
1 1 10 -4,74 19,57 -156,401 1639579131
1 1 10 -4,93 19,75 -156,413 1639579132
1 1 10 -5,18 19,82 -156,498 1639579132
1 1 10 -5,43 19,75 -156,401 1639579133
1 1 10 -5,61 19,57 -156,352 1639579133
1 1 10 -5,68 19,32 -156,382 1639579134
1 1 10 -5,61 19,07 -156,395 1639579134
1 1 10 -5,43 18,89 -156,358 1639579134
1 1 10 -5,18 18,82 -156,352 1639579135
1 1 10 -4,93 18,89 -156,425 1639579135
1 1 10 -4,74 19,07 -156,401 1639579136
1 1 11 -10,00 17,32 -156,358 1639579137
1 1 11 -9,50 17,32 -156,425 1639579137
1 1 11 -9,57 17,57 -156,437 1639579138
1 1 11 -9,75 17,75 -156,413 1639579138
1 1 11 -10,00 17,82 -156,407 1639579139
1 1 11 -10,25 17,75 -156,376 1639579139
1 1 11 -10,43 17,57 -156,437 1639579140
1 1 11 -10,50 17,32 -156,352 1639579140
1 1 11 -10,43 17,07 -156,407 1639579141
1 1 11 -10,25 16,89 -156,340 1639579141
1 1 11 -10,00 16,82 -156,401 1639579142
1 1 11 -9,75 16,89 -156,449 1639579142
1 1 11 -9,57 17,07 -156,486 1639579142
1 1 12 -14,14 14,14 -156,474 1639579143
1 1 12 -13,64 14,14 -156,376 1639579144
1 1 12 -13,71 14,39 -156,474 1639579144
1 1 12 -13,89 14,58 -156,419 1639579145
1 1 12 -14,14 14,64 -156,462 1639579145
1 1 12 -14,39 14,58 -156,468 1639579146
1 1 12 -14,58 14,39 -156,419 1639579146
1 1 12 -14,64 14,14 -156,468 1639579147
1 1 12 -14,58 13,89 -156,431 1639579147
1 1 12 -14,39 13,71 -156,462 1639579148
1 1 12 -14,14 13,64 -156,468 1639579148
1 1 12 -13,89 13,71 -156,327 1639579149
1 1 12 -13,71 13,89 -156,437 1639579149
1 1 13 -17,32 10,00 -156,370 1639579150
1 1 13 -16,82 10,00 -156,437 1639579150
1 1 13 -16,89 10,25 -156,388 1639579151
1 1 13 -17,07 10,43 -156,346 1639579151
1 1 13 -17,32 10,50 -156,382 1639579152
1 1 13 -17,57 10,43 -156,443 1639579152
1 1 13 -17,75 10,25 -156,370 1639579153
1 1 13 -17,82 10,00 -156,443 1639579153
1 1 13 -17,75 9,75 -156,346 1639579153
1 1 13 -17,57 9,57 -156,352 1639579154
1 1 13 -17,32 9,50 -156,407 1639579155
1 1 13 -17,07 9,57 -156,443 1639579155
1 1 13 -16,89 9,75 -156,443 1639579156
1 1 14 -19,32 5,18 -156,395 1639579156
1 1 14 -18,82 5,18 -156,407 1639579157
1 1 14 -18,89 5,43 -156,370 1639579158
1 1 14 -19,07 5,61 -156,431 1639579158
1 1 14 -19,32 5,68 -156,334 1639579158
1 1 14 -19,57 5,61 -156,431 1639579159
1 1 14 -19,75 5,43 -156,352 1639579159
1 1 14 -19,82 5,18 -156,340 1639579160
1 1 14 -19,75 4,93 -156,437 1639579160
1 1 14 -19,57 4,74 -156,358 1639579161
1 1 14 -19,32 4,68 -156,364 1639579161
1 1 14 -19,07 4,74 -156,388 1639579162
1 1 14 -18,89 4,93 -156,370 1639579162
1 1 15 -12,56 3,36 -156,449 1639579163
1 1 15 -12,06 3,36 -156,395 1639579163
1 1 15 -12,12 3,61 -156,346 1639579164
1 1 15 -12,31 3,80 -156,474 1639579164
1 1 15 -12,56 3,86 -156,327 1639579165
1 1 15 -12,81 3,80 -156,364 1639579166
1 1 15 -12,99 3,61 -156,443 1639579166
1 1 15 -13,06 3,36 -156,413 1639579166
1 1 15 -12,99 3,11 -156,407 1639579167
1 1 15 -12,81 2,93 -156,407 1639579167
1 1 15 -12,56 2,86 -156,407 1639579168
1 1 15 -12,31 2,93 -156,388 1639579168
1 1 15 -12,12 3,11 -156,462 1639579169
1 1 16 -9,19 9,19 -156,382 1639579170
1 1 16 -8,69 9,19 -156,443 1639579170
1 1 16 -8,76 9,44 -156,449 1639579170
1 1 16 -8,94 9,63 -156,449 1639579171
1 1 16 -9,19 9,69 -156,407 1639579171
1 1 16 -9,44 9,63 -156,407 1639579171
1 1 16 -9,63 9,44 -156,486 1639579172
1 1 16 -9,69 9,19 -156,425 1639579172
1 1 16 -9,63 8,94 -156,462 1639579172
1 1 16 -9,44 8,76 -156,407 1639579173
1 1 16 -9,19 8,69 -156,419 1639579173
1 1 16 -8,94 8,76 -156,407 1639579173
1 1 16 -8,76 8,94 -156,486 1639579174
1 1 17 -3,36 12,56 -156,413 1639579175
1 1 17 -2,86 12,56 -156,401 1639579175
1 1 17 -2,93 12,81 -156,437 1639579176
1 1 17 -3,11 12,99 -156,327 1639579176
1 1 17 -3,36 13,06 -156,425 1639579177
1 1 17 -3,61 12,99 -156,370 1639579178
1 1 17 -3,80 12,81 -156,370 1639579178
1 1 17 -3,86 12,56 -156,425 1639579178
1 1 17 -3,80 12,31 -156,352 1639579179
1 1 17 -3,61 12,12 -156,388 1639579179
1 1 17 -3,36 12,06 -156,437 1639579180
1 1 17 -3,11 12,12 -156,370 1639579180
1 1 17 -2,93 12,31 -156,358 1639579181
1 1 18 -4,24 4,24 -156,474 1639579182
1 1 18 -3,74 4,24 -156,462 1639579182
1 1 18 -3,81 4,49 -156,443 1639579182
1 1 18 -3,99 4,68 -156,443 1639579183
1 1 18 -4,24 4,74 -156,413 1639579183
1 1 18 -4,49 4,68 -156,364 1639579183
1 1 18 -4,68 4,49 -156,327 1639579184
1 1 18 -4,74 4,24 -156,443 1639579184
1 1 18 -4,68 3,99 -156,388 1639579184
1 1 18 -4,49 3,81 -156,401 1639579185
1 1 18 -4,24 3,74 -156,480 1639579186
1 1 18 -3,99 3,81 -156,437 1639579186
1 1 18 -3,81 3,99 -156,431 1639579187
1 1 19 -4,24 -4,24 -156,395 1639579188
1 1 19 -3,74 -4,24 -156,437 1639579188
1 1 19 -3,81 -3,99 -156,419 1639579189
1 1 19 -3,99 -3,81 -156,456 1639579189
1 1 19 -4,24 -3,74 -156,456 1639579190
1 1 19 -4,49 -3,81 -156,413 1639579190
1 1 19 -4,68 -3,99 -156,498 1639579191
1 1 19 -4,74 -4,24 -156,431 1639579191
1 1 19 -4,68 -4,49 -156,407 1639579192
1 1 19 -4,49 -4,68 -156,388 1639579192
1 1 19 -4,24 -4,74 -156,413 1639579193
1 1 19 -3,99 -4,68 -156,431 1639579193
1 1 19 -3,81 -4,49 -156,413 1639579194
1 1 20 -3,36 -12,56 -156,437 1639579195
1 1 20 -2,86 -12,56 -156,370 1639579195
1 1 20 -2,93 -12,31 -156,437 1639579196
1 1 20 -3,11 -12,12 -156,425 1639579196
1 1 20 -3,36 -12,06 -156,382 1639579197
1 1 20 -3,61 -12,12 -156,437 1639579197
1 1 20 -3,80 -12,31 -156,370 1639579197
1 1 20 -3,86 -12,56 -156,376 1639579198
1 1 20 -3,80 -12,81 -156,413 1639579198
1 1 20 -3,61 -12,99 -156,315 1639579199
1 1 20 -3,36 -13,06 -156,474 1639579199
1 1 20 -3,11 -12,99 -156,340 1639579200
1 1 20 -2,93 -12,81 -156,437 1639579200
1 1 21 -9,19 -9,19 -156,388 1639579201
1 1 21 -8,69 -9,19 -156,407 1639579202
1 1 21 -8,76 -8,94 -156,468 1639579202
1 1 21 -8,94 -8,76 -156,315 1639579202
1 1 21 -9,19 -8,69 -156,407 1639579203
1 1 21 -9,44 -8,76 -156,401 1639579203
1 1 21 -9,63 -8,94 -156,352 1639579203
1 1 21 -9,69 -9,19 -156,413 1639579204
1 1 21 -9,63 -9,44 -156,352 1639579204
1 1 21 -9,44 -9,63 -156,443 1639579204
1 1 21 -9,19 -9,69 -156,352 1639579205
1 1 21 -8,94 -9,63 -156,382 1639579205
1 1 21 -8,76 -9,44 -156,413 1639579206
1 1 22 -12,56 -3,36 -156,401 1639579207
1 1 22 -12,06 -3,36 -156,358 1639579207
1 1 22 -12,12 -3,11 -156,334 1639579207
1 1 22 -12,31 -2,93 -156,456 1639579208
1 1 22 -12,56 -2,86 -156,407 1639579208
1 1 22 -12,81 -2,93 -156,370 1639579209
1 1 22 -12,99 -3,11 -156,425 1639579209
1 1 22 -13,06 -3,36 -156,315 1639579210
1 1 22 -12,99 -3,61 -156,297 1639579210
1 1 22 -12,81 -3,80 -156,626 1639579211
1 1 22 -12,56 -3,86 -156,462 1639579211
1 1 22 -12,31 -3,80 -156,431 1639579212
1 1 22 -12,12 -3,61 -156,401 1639579212
1 1 23 -19,32 -5,18 -156,407 1639579213
1 1 23 -18,82 -5,18 -156,425 1639579213
1 1 23 -18,89 -4,93 -156,413 1639579214
1 1 23 -19,07 -4,74 -156,376 1639579214
1 1 23 -19,32 -4,68 -156,437 1639579215
1 1 23 -19,57 -4,74 -156,449 1639579216
1 1 23 -19,75 -4,93 -156,395 1639579216
1 1 23 -19,82 -5,18 -156,358 1639579216
1 1 23 -19,75 -5,43 -156,382 1639579217
1 1 23 -19,57 -5,61 -156,468 1639579217
1 1 23 -19,32 -5,68 -156,376 1639579218
1 1 23 -19,07 -5,61 -156,425 1639579218
1 1 23 -18,89 -5,43 -156,437 1639579219
1 1 24 -17,32 -10,00 -156,407 1639579219
1 1 24 -16,82 -10,00 -156,401 1639579220
1 1 24 -16,89 -9,75 -156,388 1639579221
1 1 24 -17,07 -9,57 -156,431 1639579221
1 1 24 -17,32 -9,50 -156,456 1639579221
1 1 24 -17,57 -9,57 -156,395 1639579222
1 1 24 -17,75 -9,75 -156,388 1639579222
1 1 24 -17,82 -10,00 -156,419 1639579223
1 1 24 -17,75 -10,25 -156,462 1639579224
1 1 24 -17,57 -10,43 -156,413 1639579224
1 1 24 -17,32 -10,50 -156,437 1639579225
1 1 24 -17,07 -10,43 -156,498 1639579225
1 1 24 -16,89 -10,25 -156,401 1639579225
1 1 25 -14,14 -14,14 -156,443 1639579226
1 1 25 -13,64 -14,14 -156,468 1639579227
1 1 25 -13,71 -13,89 -156,456 1639579227
1 1 25 -13,89 -13,71 -156,395 1639579228
1 1 25 -14,14 -13,64 -156,401 1639579228
1 1 25 -14,39 -13,71 -156,395 1639579228
1 1 25 -14,58 -13,89 -156,437 1639579229
1 1 25 -14,64 -14,14 -156,303 1639579230
1 1 25 -14,58 -14,39 -156,370 1639579230
1 1 25 -14,39 -14,58 -156,425 1639579231
1 1 25 -14,14 -14,64 -156,456 1639579231
1 1 25 -13,89 -14,58 -156,480 1639579232
1 1 25 -13,71 -14,39 -156,443 1639579232
1 1 26 -10,00 -17,32 -156,376 1639579233
1 1 26 -9,50 -17,32 -156,437 1639579233
1 1 26 -9,57 -17,07 -156,425 1639579234
1 1 26 -9,75 -16,89 -156,474 1639579234
1 1 26 -10,00 -16,82 -156,352 1639579234
1 1 26 -10,25 -16,89 -156,462 1639579235
1 1 26 -10,43 -17,07 -156,364 1639579235
1 1 26 -10,50 -17,32 -156,443 1639579236
1 1 26 -10,43 -17,57 -156,352 1639579236
1 1 26 -10,25 -17,75 -156,443 1639579237
1 1 26 -10,00 -17,82 -156,376 1639579237
1 1 26 -9,75 -17,75 -156,431 1639579238
1 1 26 -9,57 -17,57 -156,419 1639579238
1 1 27 -5,18 -19,32 -156,462 1639579239
1 1 27 -4,68 -19,32 -156,407 1639579240
1 1 27 -4,74 -19,07 -156,370 1639579240
1 1 27 -4,93 -18,89 -156,449 1639579241
1 1 27 -5,18 -18,82 -156,480 1639579241
1 1 27 -5,43 -18,89 -156,492 1639579242
1 1 27 -5,61 -19,07 -156,443 1639579242
1 1 27 -5,68 -19,32 -156,382 1639579242
1 1 27 -5,61 -19,57 -156,462 1639579243
1 1 27 -5,43 -19,75 -156,474 1639579243
1 1 27 -5,18 -19,82 -156,437 1639579244
1 1 27 -4,93 -19,75 -156,437 1639579245
1 1 27 -4,74 -19,57 -156,327 1639579245
1 1 28 5,18 -19,32 -156,388 1639579246
1 1 28 5,68 -19,32 -156,437 1639579247
1 1 28 5,61 -19,07 -156,413 1639579247
1 1 28 5,43 -18,89 -156,443 1639579247
1 1 28 5,18 -18,82 -156,419 1639579248
1 1 28 4,93 -18,89 -156,419 1639579249
1 1 28 4,74 -19,07 -156,462 1639579249
1 1 28 4,68 -19,32 -156,462 1639579249
1 1 28 4,74 -19,57 -156,431 1639579250
1 1 28 4,93 -19,75 -156,419 1639579250
1 1 28 5,18 -19,82 -156,431 1639579251
1 1 28 5,43 -19,75 -156,437 1639579251
1 1 28 5,61 -19,57 -156,468 1639579252
1 1 29 10,00 -17,32 -156,474 1639579253
1 1 29 10,50 -17,32 -156,504 1639579253
1 1 29 10,43 -17,07 -156,511 1639579254
1 1 29 10,25 -16,89 -156,358 1639579254
1 1 29 10,00 -16,82 -156,388 1639579255
1 1 29 9,75 -16,89 -156,388 1639579256
1 1 29 9,57 -17,07 -156,456 1639579256
1 1 29 9,50 -17,32 -156,431 1639579257
1 1 29 9,57 -17,57 -156,449 1639579257
1 1 29 9,75 -17,75 -156,413 1639579257
1 1 29 10,00 -17,82 -156,437 1639579258
1 1 29 10,25 -17,75 -156,431 1639579258
1 1 29 10,43 -17,57 -156,352 1639579259
1 1 30 14,14 -14,14 -156,431 1639579259
1 1 30 14,64 -14,14 -156,401 1639579260
1 1 30 14,58 -13,89 -156,462 1639579260
1 1 30 14,39 -13,71 -156,431 1639579260
1 1 30 14,14 -13,64 -156,443 1639579261
1 1 30 13,89 -13,71 -156,437 1639579261
1 1 30 13,71 -13,89 -156,425 1639579262
1 1 30 13,64 -14,14 -156,431 1639579262
1 1 30 13,71 -14,39 -156,437 1639579263
1 1 30 13,89 -14,58 -156,340 1639579263
1 1 30 14,14 -14,64 -156,358 1639579264
1 1 30 14,39 -14,58 -156,395 1639579264
1 1 30 14,58 -14,39 -156,419 1639579264
1 1 31 17,32 -10,00 -156,413 1639579265
1 1 31 17,82 -10,00 -156,492 1639579266
1 1 31 17,75 -9,75 -156,449 1639579266
1 1 31 17,57 -9,57 -156,395 1639579267
1 1 31 17,32 -9,50 -156,468 1639579267
1 1 31 17,07 -9,57 -156,376 1639579268
1 1 31 16,89 -9,75 -156,419 1639579268
1 1 31 16,82 -10,00 -156,443 1639579268
1 1 31 16,89 -10,25 -156,462 1639579269
1 1 31 17,07 -10,43 -156,462 1639579270
1 1 31 17,32 -10,50 -156,401 1639579270
1 1 31 17,57 -10,43 -156,340 1639579271
1 1 31 17,75 -10,25 -156,443 1639579271
1 1 32 19,32 -5,18 -156,260 1639579272
1 1 32 19,82 -5,18 -156,401 1639579272
1 1 32 19,75 -4,93 -156,468 1639579273
1 1 32 19,57 -4,74 -156,437 1639579273
1 1 32 19,32 -4,68 -156,443 1639579274
1 1 32 19,07 -4,74 -156,407 1639579274
1 1 32 18,89 -4,93 -156,449 1639579275
1 1 32 18,82 -5,18 -156,468 1639579275
1 1 32 18,89 -5,43 -156,395 1639579276
1 1 32 19,07 -5,61 -156,407 1639579276
1 1 32 19,32 -5,68 -156,437 1639579277
1 1 32 19,57 -5,61 -156,431 1639579277
1 1 32 19,75 -5,43 -156,376 1639579277
1 1 33 12,56 -3,36 -156,437 1639579278
1 1 33 13,06 -3,36 -156,388 1639579279
1 1 33 12,99 -3,11 -156,364 1639579279
1 1 33 12,81 -2,93 -156,462 1639579280
1 1 33 12,56 -2,86 -156,425 1639579280
1 1 33 12,31 -2,93 -156,376 1639579281
1 1 33 12,12 -3,11 -156,437 1639579281
1 1 33 12,06 -3,36 -156,437 1639579282
1 1 33 12,12 -3,61 -156,388 1639579282
1 1 33 12,31 -3,80 -156,413 1639579282
1 1 33 12,56 -3,86 -156,431 1639579283
1 1 33 12,81 -3,80 -156,437 1639579283
1 1 33 12,99 -3,61 -156,468 1639579284
1 1 34 9,19 -9,19 -156,388 1639579285
1 1 34 9,69 -9,19 -156,437 1639579285
1 1 34 9,63 -8,94 -156,474 1639579285
1 1 34 9,44 -8,76 -156,419 1639579286
1 1 34 9,19 -8,69 -156,407 1639579287
1 1 34 8,94 -8,76 -156,443 1639579287
1 1 34 8,76 -8,94 -156,462 1639579288
1 1 34 8,69 -9,19 -156,413 1639579288
1 1 34 8,76 -9,44 -156,425 1639579288
1 1 34 8,94 -9,63 -156,443 1639579289
1 1 34 9,19 -9,69 -156,419 1639579289
1 1 34 9,44 -9,63 -156,492 1639579290
1 1 34 9,63 -9,44 -156,419 1639579290
1 1 35 3,36 -12,56 -156,395 1639579291
1 1 35 3,86 -12,56 -156,334 1639579291
1 1 35 3,80 -12,31 -156,346 1639579292
1 1 35 3,61 -12,12 -156,511 1639579292
1 1 35 3,36 -12,06 -156,340 1639579292
1 1 35 3,11 -12,12 -156,376 1639579293
1 1 35 2,93 -12,31 -156,443 1639579293
1 1 35 2,86 -12,56 -156,413 1639579293
1 1 35 2,93 -12,81 -156,437 1639579294
1 1 35 3,11 -12,99 -156,437 1639579294
1 1 35 3,36 -13,06 -156,352 1639579295
1 1 35 3,61 -12,99 -156,449 1639579295
1 1 35 3,80 -12,81 -156,474 1639579295
1 1 36 4,24 -4,24 -156,437 1639579296
1 1 36 4,74 -4,24 -156,395 1639579297
1 1 36 4,68 -3,99 -156,413 1639579297
1 1 36 4,49 -3,81 -156,352 1639579297
1 1 36 4,24 -3,74 -156,449 1639579298
1 1 36 3,99 -3,81 -156,437 1639579298
1 1 36 3,81 -3,99 -156,334 1639579299
1 1 36 3,74 -4,24 -156,364 1639579299
1 1 36 3,81 -4,49 -156,364 1639579300
1 1 36 3,99 -4,68 -156,474 1639579300
1 1 36 4,24 -4,74 -156,358 1639579301
1 1 36 4,49 -4,68 -156,401 1639579301
1 1 36 4,68 -4,49 -156,437 1639579302
1 1 37 27,00 0,00 -156,498 1639579303
1 1 37 27,50 0,00 -156,437 1639579304
1 1 37 27,43 0,25 -156,401 1639579304
1 1 37 27,25 0,43 -156,468 1639579304
1 1 37 27,00 0,50 -156,462 1639579305
1 1 37 26,75 0,43 -156,279 1639579305
1 1 37 26,57 0,25 -156,462 1639579305
1 1 37 26,50 0,00 -156,413 1639579306
1 1 37 26,57 -0,25 -156,437 1639579306
1 1 37 26,75 -0,43 -156,291 1639579306
1 1 37 27,00 -0,50 -156,395 1639579307
1 1 37 27,25 -0,43 -156,388 1639579307
1 1 37 27,43 -0,25 -156,492 1639579308
1 1 38 26,08 6,99 -156,407 1639579309
1 1 38 26,58 6,99 -156,370 1639579309
1 1 38 26,51 7,24 -156,407 1639579309
1 1 38 26,33 7,42 -156,413 1639579310
1 1 38 26,08 7,49 -156,431 1639579311
1 1 38 25,83 7,42 -156,358 1639579311
1 1 38 25,65 7,24 -156,443 1639579312
1 1 38 25,58 6,99 -156,449 1639579312
1 1 38 25,65 6,74 -156,443 1639579313
1 1 38 25,83 6,56 -156,315 1639579313
1 1 38 26,08 6,49 -156,486 1639579314
1 1 38 26,33 6,56 -156,382 1639579314
1 1 38 26,51 6,74 -156,437 1639579314
1 1 39 23,38 13,50 -156,462 1639579315
1 1 39 23,88 13,50 -156,419 1639579316
1 1 39 23,82 13,75 -156,431 1639579316
1 1 39 23,63 13,93 -156,425 1639579316
1 1 39 23,38 14,00 -156,443 1639579317
1 1 39 23,13 13,93 -156,413 1639579317
1 1 39 22,95 13,75 -156,425 1639579317
1 1 39 22,88 13,50 -156,486 1639579318
1 1 39 22,95 13,25 -156,456 1639579318
1 1 39 23,13 13,07 -156,376 1639579319
1 1 39 23,38 13,00 -156,523 1639579319
1 1 39 23,63 13,07 -156,358 1639579319
1 1 39 23,82 13,25 -156,346 1639579320
1 1 40 19,09 19,09 -156,413 1639579321
1 1 40 19,59 19,09 -156,431 1639579321
1 1 40 19,52 19,34 -156,449 1639579321
1 1 40 19,34 19,52 -156,456 1639579322
1 1 40 19,09 19,59 -156,437 1639579322
1 1 40 18,84 19,52 -156,425 1639579322
1 1 40 18,66 19,34 -156,468 1639579323
1 1 40 18,59 19,09 -156,456 1639579324
1 1 40 18,66 18,84 -156,413 1639579324
1 1 40 18,84 18,66 -156,358 1639579325
1 1 40 19,09 18,59 -156,376 1639579325
1 1 40 19,34 18,66 -156,388 1639579326
1 1 40 19,52 18,84 -156,382 1639579326
1 1 41 13,50 23,38 -156,443 1639579327
1 1 41 14,00 23,38 -156,358 1639579328
1 1 41 13,93 23,63 -156,413 1639579328
1 1 41 13,75 23,82 -156,358 1639579329
1 1 41 13,50 23,88 -156,346 1639579329
1 1 41 13,25 23,82 -156,401 1639579330
1 1 41 13,07 23,63 -156,382 1639579330
1 1 41 13,00 23,38 -156,407 1639579330
1 1 41 13,07 23,13 -156,431 1639579331
1 1 41 13,25 22,95 -156,462 1639579331
1 1 41 13,50 22,88 -156,443 1639579332
1 1 41 13,75 22,95 -156,419 1639579332
1 1 41 13,93 23,13 -156,443 1639579333
1 1 42 6,99 26,08 -156,443 1639579334
1 1 42 7,49 26,08 -156,370 1639579334
1 1 42 7,42 26,33 -156,419 1639579335
1 1 42 7,24 26,51 -156,352 1639579335
1 1 42 6,99 26,58 -156,376 1639579335
1 1 42 6,74 26,51 -156,468 1639579336
1 1 42 6,56 26,33 -156,327 1639579336
1 1 42 6,49 26,08 -156,425 1639579336
1 1 42 6,56 25,83 -156,340 1639579337
1 1 42 6,74 25,65 -156,431 1639579337
1 1 42 6,99 25,58 -156,407 1639579338
1 1 42 7,24 25,65 -156,401 1639579338
1 1 42 7,42 25,83 -156,413 1639579338
1 1 43 0,00 27,00 -156,395 1639579339
1 1 43 0,50 27,00 -156,382 1639579340
1 1 43 0,43 27,25 -156,352 1639579340
1 1 43 0,25 27,43 -156,437 1639579340
1 1 43 0,00 27,50 -156,431 1639579341
1 1 43 -0,25 27,43 -156,388 1639579341
1 1 43 -0,43 27,25 -156,382 1639579341
1 1 43 -0,50 27,00 -156,358 1639579342
1 1 43 -0,43 26,75 -156,327 1639579342
1 1 43 -0,25 26,57 -156,437 1639579343
1 1 43 0,00 26,50 -156,456 1639579343
1 1 43 0,25 26,57 -156,395 1639579344
1 1 43 0,43 26,75 -156,413 1639579344
1 1 44 -6,99 26,08 -156,407 1639579345
1 1 44 -6,49 26,08 -156,401 1639579345
1 1 44 -6,56 26,33 -156,498 1639579346
1 1 44 -6,74 26,51 -156,437 1639579346
1 1 44 -6,99 26,58 -156,437 1639579347
1 1 44 -7,24 26,51 -156,443 1639579347
1 1 44 -7,42 26,33 -156,413 1639579347
1 1 44 -7,49 26,08 -156,462 1639579348
1 1 44 -7,42 25,83 -156,407 1639579349
1 1 44 -7,24 25,65 -156,401 1639579349
1 1 44 -6,99 25,58 -156,401 1639579350
1 1 44 -6,74 25,65 -156,388 1639579350
1 1 44 -6,56 25,83 -156,480 1639579350
1 1 45 -13,50 23,38 -156,395 1639579351
1 1 45 -13,00 23,38 -156,437 1639579352
1 1 45 -13,07 23,63 -156,437 1639579352
1 1 45 -13,25 23,82 -156,395 1639579352
1 1 45 -13,50 23,88 -156,437 1639579353
1 1 45 -13,75 23,82 -156,468 1639579353
1 1 45 -13,93 23,63 -156,376 1639579353
1 1 45 -14,00 23,38 -156,443 1639579354
1 1 45 -13,93 23,13 -156,413 1639579354
1 1 45 -13,75 22,95 -156,449 1639579355
1 1 45 -13,50 22,88 -156,456 1639579355
1 1 45 -13,25 22,95 -156,431 1639579356
1 1 45 -13,07 23,13 -156,388 1639579356
1 1 46 -19,09 19,09 -156,340 1639579357
1 1 46 -18,59 19,09 -156,437 1639579357
1 1 46 -18,66 19,34 -156,376 1639579358
1 1 46 -18,84 19,52 -156,443 1639579358
1 1 46 -19,09 19,59 -156,382 1639579359
1 1 46 -19,34 19,52 -156,437 1639579359
1 1 46 -19,52 19,34 -156,456 1639579359
1 1 46 -19,59 19,09 -156,431 1639579360
1 1 46 -19,52 18,84 -156,413 1639579360
1 1 46 -19,34 18,66 -156,449 1639579361
1 1 46 -19,09 18,59 -156,364 1639579361
1 1 46 -18,84 18,66 -156,419 1639579362
1 1 46 -18,66 18,84 -156,352 1639579362
1 1 47 -23,38 13,50 -156,364 1639579363
1 1 47 -22,88 13,50 -156,388 1639579363
1 1 47 -22,95 13,75 -156,340 1639579364
1 1 47 -23,13 13,93 -156,376 1639579364
1 1 47 -23,38 14,00 -156,395 1639579365
1 1 47 -23,63 13,93 -156,352 1639579365
1 1 47 -23,82 13,75 -156,358 1639579366
1 1 47 -23,88 13,50 -156,443 1639579366
1 1 47 -23,82 13,25 -156,456 1639579367
1 1 47 -23,63 13,07 -156,419 1639579367
1 1 47 -23,38 13,00 -156,449 1639579368
1 1 47 -23,13 13,07 -156,449 1639579368
1 1 47 -22,95 13,25 -156,395 1639579369
1 1 48 -26,08 6,99 -156,480 1639579370
1 1 48 -25,58 6,99 -156,413 1639579370
1 1 48 -25,65 7,24 -156,395 1639579370
1 1 48 -25,83 7,42 -156,449 1639579371
1 1 48 -26,08 7,49 -156,462 1639579371
1 1 48 -26,33 7,42 -156,413 1639579371
1 1 48 -26,51 7,24 -156,327 1639579372
1 1 48 -26,58 6,99 -156,327 1639579373
1 1 48 -26,51 6,74 -156,431 1639579373
1 1 48 -26,33 6,56 -156,468 1639579374
1 1 48 -26,08 6,49 -156,388 1639579374
1 1 48 -25,83 6,56 -156,370 1639579374
1 1 48 -25,65 6,74 -156,382 1639579375
1 1 49 -27,00 0,00 -156,437 1639579376
1 1 49 -26,50 0,00 -156,303 1639579376
1 1 49 -26,57 0,25 -156,346 1639579377
1 1 49 -26,75 0,43 -156,443 1639579378
1 1 49 -27,00 0,50 -156,480 1639579378
1 1 49 -27,25 0,43 -156,425 1639579379
1 1 49 -27,43 0,25 -156,443 1639579379
1 1 49 -27,50 0,00 -156,480 1639579380
1 1 49 -27,43 -0,25 -156,419 1639579380
1 1 49 -27,25 -0,43 -156,480 1639579380
1 1 49 -27,00 -0,50 -156,431 1639579381
1 1 49 -26,75 -0,43 -156,437 1639579382
1 1 49 -26,57 -0,25 -156,321 1639579382
1 1 50 -26,08 -6,99 -156,443 1639579383
1 1 50 -25,58 -6,99 -156,474 1639579384
1 1 50 -25,65 -6,74 -156,419 1639579384
1 1 50 -25,83 -6,56 -156,395 1639579384
1 1 50 -26,08 -6,49 -156,437 1639579385
1 1 50 -26,33 -6,56 -156,407 1639579386
1 1 50 -26,51 -6,74 -156,370 1639579386
1 1 50 -26,58 -6,99 -156,382 1639579387
1 1 50 -26,51 -7,24 -156,370 1639579387
1 1 50 -26,33 -7,42 -156,370 1639579388
1 1 50 -26,08 -7,49 -156,431 1639579388
1 1 50 -25,83 -7,42 -156,370 1639579389
1 1 50 -25,65 -7,24 -156,443 1639579389
1 1 51 -23,38 -13,50 -156,437 1639579390
1 1 51 -22,88 -13,50 -156,468 1639579390
1 1 51 -22,95 -13,25 -156,486 1639579391
1 1 51 -23,13 -13,07 -156,395 1639579391
1 1 51 -23,38 -13,00 -156,419 1639579392
1 1 51 -23,63 -13,07 -156,443 1639579393
1 1 51 -23,82 -13,25 -156,395 1639579393
1 1 51 -23,88 -13,50 -156,358 1639579393
1 1 51 -23,82 -13,75 -156,334 1639579394
1 1 51 -23,63 -13,93 -156,498 1639579394
1 1 51 -23,38 -14,00 -156,443 1639579395
1 1 51 -23,13 -13,93 -156,352 1639579395
1 1 51 -22,95 -13,75 -156,474 1639579396
1 1 52 -19,09 -19,09 -156,443 1639579397
1 1 52 -18,59 -19,09 -156,437 1639579397
1 1 52 -18,66 -18,84 -156,437 1639579398
1 1 52 -18,84 -18,66 -156,456 1639579398
1 1 52 -19,09 -18,59 -156,401 1639579399
1 1 52 -19,34 -18,66 -156,376 1639579399
1 1 52 -19,52 -18,84 -156,358 1639579400
1 1 52 -19,59 -19,09 -156,382 1639579400
1 1 52 -19,52 -19,34 -156,431 1639579401
1 1 52 -19,34 -19,52 -156,437 1639579401
1 1 52 -19,09 -19,59 -156,425 1639579401
1 1 52 -18,84 -19,52 -156,431 1639579402
1 1 52 -18,66 -19,34 -156,437 1639579402
1 1 53 -13,50 -23,38 -156,376 1639579403
1 1 53 -13,00 -23,38 -156,364 1639579404
1 1 53 -13,07 -23,13 -156,431 1639579404
1 1 53 -13,25 -22,95 -156,468 1639579404
1 1 53 -13,50 -22,88 -156,486 1639579405
1 1 53 -13,75 -22,95 -156,456 1639579406
1 1 53 -13,93 -23,13 -156,346 1639579406
1 1 53 -14,00 -23,38 -156,413 1639579406
1 1 53 -13,93 -23,63 -156,401 1639579407
1 1 53 -13,75 -23,82 -156,425 1639579407
1 1 53 -13,50 -23,88 -156,395 1639579408
1 1 53 -13,25 -23,82 -156,437 1639579408
1 1 53 -13,07 -23,63 -156,456 1639579409
1 1 54 -6,99 -26,08 -156,449 1639579410
1 1 54 -6,49 -26,08 -156,401 1639579410
1 1 54 -6,56 -25,83 -156,388 1639579411
1 1 54 -6,74 -25,65 -156,462 1639579411
1 1 54 -6,99 -25,58 -156,370 1639579411
1 1 54 -7,24 -25,65 -156,437 1639579412
1 1 54 -7,42 -25,83 -156,413 1639579412
1 1 54 -7,49 -26,08 -156,358 1639579413
1 1 54 -7,42 -26,33 -156,370 1639579414
1 1 54 -7,24 -26,51 -156,437 1639579414
1 1 54 -6,99 -26,58 -156,407 1639579414
1 1 54 -6,74 -26,51 -156,462 1639579415
1 1 54 -6,56 -26,33 -156,443 1639579415
1 1 55 -0,00 -27,00 -156,388 1639579416
1 1 55 0,50 -27,00 -156,395 1639579417
1 1 55 0,43 -26,75 -156,425 1639579417
1 1 55 0,25 -26,57 -156,486 1639579418
1 1 55 -0,00 -26,50 -156,407 1639579419
1 1 55 -0,25 -26,57 -156,498 1639579419
1 1 55 -0,43 -26,75 -156,437 1639579419
1 1 55 -0,50 -27,00 -156,419 1639579420
1 1 55 -0,43 -27,25 -156,352 1639579421
1 1 55 -0,25 -27,43 -156,425 1639579421
1 1 55 -0,00 -27,50 -156,376 1639579421
1 1 55 0,25 -27,43 -156,395 1639579422
1 1 55 0,43 -27,25 -156,492 1639579422
1 1 56 6,99 -26,08 -156,449 1639579423
1 1 56 7,49 -26,08 -156,504 1639579424
1 1 56 7,42 -25,83 -156,480 1639579424
1 1 56 7,24 -25,65 -156,468 1639579425
1 1 56 6,99 -25,58 -156,395 1639579425
1 1 56 6,74 -25,65 -156,407 1639579426
1 1 56 6,56 -25,83 -156,456 1639579426
1 1 56 6,49 -26,08 -156,523 1639579427
1 1 56 6,56 -26,33 -156,425 1639579427
1 1 56 6,74 -26,51 -156,370 1639579428
1 1 56 6,99 -26,58 -156,462 1639579428
1 1 56 7,24 -26,51 -156,376 1639579428
1 1 56 7,42 -26,33 -156,401 1639579429
1 1 57 13,50 -23,38 -156,462 1639579430
1 1 57 14,00 -23,38 -156,401 1639579430
1 1 57 13,93 -23,13 -156,370 1639579431
1 1 57 13,75 -22,95 -156,437 1639579431
1 1 57 13,50 -22,88 -156,474 1639579432
1 1 57 13,25 -22,95 -156,327 1639579432
1 1 57 13,07 -23,13 -156,462 1639579433
1 1 57 13,00 -23,38 -156,462 1639579433
1 1 57 13,07 -23,63 -156,547 1639579434
1 1 57 13,25 -23,82 -156,419 1639579434
1 1 57 13,50 -23,88 -156,437 1639579435
1 1 57 13,75 -23,82 -156,419 1639579436
1 1 57 13,93 -23,63 -156,437 1639579436
1 1 58 19,09 -19,09 -156,480 1639579437
1 1 58 19,59 -19,09 -156,456 1639579437
1 1 58 19,52 -18,84 -156,407 1639579438
1 1 58 19,34 -18,66 -156,437 1639579438
1 1 58 19,09 -18,59 -156,413 1639579439
1 1 58 18,84 -18,66 -156,358 1639579439
1 1 58 18,66 -18,84 -156,511 1639579440
1 1 58 18,59 -19,09 -156,474 1639579440
1 1 58 18,66 -19,34 -156,449 1639579441
1 1 58 18,84 -19,52 -156,425 1639579441
1 1 58 19,09 -19,59 -156,437 1639579442
1 1 58 19,34 -19,52 -156,388 1639579442
1 1 58 19,52 -19,34 -156,474 1639579442
1 1 59 23,38 -13,50 -156,437 1639579443
1 1 59 23,88 -13,50 -156,364 1639579444
1 1 59 23,82 -13,25 -156,376 1639579444
1 1 59 23,63 -13,07 -156,504 1639579444
1 1 59 23,38 -13,00 -156,462 1639579445
1 1 59 23,13 -13,07 -156,480 1639579445
1 1 59 22,95 -13,25 -156,395 1639579446
1 1 59 22,88 -13,50 -156,370 1639579446
1 1 59 22,95 -13,75 -156,401 1639579447
1 1 59 23,13 -13,93 -156,474 1639579447
1 1 59 23,38 -14,00 -156,431 1639579448
1 1 59 23,63 -13,93 -156,376 1639579448
1 1 59 23,82 -13,75 -156,315 1639579448
1 1 60 26,08 -6,99 -156,407 1639579449
1 1 60 26,58 -6,99 -156,449 1639579450
1 1 60 26,51 -6,74 -156,364 1639579451
1 1 60 26,33 -6,56 -156,364 1639579451
1 1 60 26,08 -6,49 -156,419 1639579451
1 1 60 25,83 -6,56 -156,462 1639579452
1 1 60 25,65 -6,74 -156,431 1639579452
1 1 60 25,58 -6,99 -156,346 1639579453
1 1 60 25,65 -7,24 -156,425 1639579453
1 1 60 25,83 -7,42 -156,431 1639579454
1 1 60 26,08 -7,49 -156,419 1639579454
1 1 60 26,33 -7,42 -156,370 1639579455
1 1 60 26,51 -7,24 -156,303 1639579455
