1 1 1 4,24 4,24 -156,395 1639580251
1 1 1 4,74 4,24 -156,413 1639580251
1 1 1 4,68 4,49 -156,407 1639580252
1 1 1 4,49 4,68 -156,437 1639580252
1 1 1 4,24 4,74 -156,352 1639580252
1 1 1 3,99 4,68 -156,395 1639580253
1 1 1 3,81 4,49 -156,370 1639580253
1 1 1 3,74 4,24 -156,334 1639580253
1 1 1 3,81 3,99 -156,370 1639580254
1 1 1 3,99 3,81 -156,352 1639580254
1 1 1 4,24 3,74 -156,407 1639580255
1 1 1 4,49 3,81 -156,443 1639580256
1 1 1 4,68 3,99 -156,443 1639580256
1 1 2 3,36 12,56 -156,376 1639580257
1 1 2 3,86 12,56 -156,352 1639580257
1 1 2 3,80 12,81 -156,376 1639580258
1 1 2 3,61 12,99 -156,413 1639580258
1 1 2 3,36 13,06 -156,437 1639580259
1 1 2 3,11 12,99 -156,456 1639580260
1 1 2 2,93 12,81 -156,395 1639580260
1 1 2 2,86 12,56 -156,401 1639580260
1 1 2 2,93 12,31 -156,419 1639580261
1 1 2 3,11 12,12 -156,443 1639580261
1 1 2 3,36 12,06 -156,358 1639580262
1 1 2 3,61 12,12 -156,358 1639580262
1 1 2 3,80 12,31 -156,370 1639580263
1 1 3 9,19 9,19 -156,419 1639580264
1 1 3 9,69 9,19 -156,358 1639580264
1 1 3 9,63 9,44 -156,407 1639580265
1 1 3 9,44 9,63 -156,352 1639580265
1 1 3 9,19 9,69 -156,370 1639580266
1 1 3 8,94 9,63 -156,388 1639580266
1 1 3 8,76 9,44 -156,437 1639580266
1 1 3 8,69 9,19 -156,468 1639580267
1 1 3 8,76 8,94 -156,437 1639580268
1 1 3 8,94 8,76 -156,431 1639580268
1 1 3 9,19 8,69 -156,419 1639580268
1 1 3 9,44 8,76 -156,370 1639580269
1 1 3 9,63 8,94 -156,431 1639580269
1 1 4 12,56 3,36 -156,437 1639580270
1 1 4 13,06 3,36 -156,346 1639580271
1 1 4 12,99 3,61 -156,388 1639580271
1 1 4 12,81 3,80 -156,468 1639580272
1 1 4 12,56 3,86 -156,480 1639580272
1 1 4 12,31 3,80 -156,425 1639580273
1 1 4 12,12 3,61 -156,449 1639580273
1 1 4 12,06 3,36 -156,443 1639580274
1 1 4 12,12 3,11 -156,462 1639580274
1 1 4 12,31 2,93 -156,413 1639580274
1 1 4 12,56 2,86 -156,395 1639580275
1 1 4 12,81 2,93 -156,370 1639580276
1 1 4 12,99 3,11 -156,443 1639580276
1 1 5 19,32 5,18 -156,388 1639580277
1 1 5 19,82 5,18 -156,437 1639580277
1 1 5 19,75 5,43 -156,407 1639580278
1 1 5 19,57 5,61 -156,388 1639580278
1 1 5 19,32 5,68 -156,382 1639580279
1 1 5 19,07 5,61 -156,431 1639580279
1 1 5 18,89 5,43 -156,419 1639580280
1 1 5 18,82 5,18 -156,419 1639580280
1 1 5 18,89 4,93 -156,364 1639580281
1 1 5 19,07 4,74 -156,285 1639580281
1 1 5 19,32 4,68 -156,437 1639580282
1 1 5 19,57 4,74 -156,303 1639580282
1 1 5 19,75 4,93 -156,388 1639580282
1 1 6 17,32 10,00 -156,346 1639580283
1 1 6 17,82 10,00 -156,376 1639580284
1 1 6 17,75 10,25 -156,352 1639580284
1 1 6 17,57 10,43 -156,334 1639580285
1 1 6 17,32 10,50 -156,364 1639580285
1 1 6 17,07 10,43 -156,327 1639580286
1 1 6 16,89 10,25 -156,443 1639580286
1 1 6 16,82 10,00 -156,462 1639580287
1 1 6 16,89 9,75 -156,358 1639580287
1 1 6 17,07 9,57 -156,407 1639580288
1 1 6 17,32 9,50 -156,419 1639580288
1 1 6 17,57 9,57 -156,407 1639580289
1 1 6 17,75 9,75 -156,437 1639580289
1 1 7 14,14 14,14 -156,382 1639580290
1 1 7 14,64 14,14 -156,376 1639580291
1 1 7 14,58 14,39 -156,437 1639580291
1 1 7 14,39 14,58 -156,376 1639580292
1 1 7 14,14 14,64 -156,376 1639580292
1 1 7 13,89 14,58 -156,388 1639580293
1 1 7 13,71 14,39 -156,407 1639580293
1 1 7 13,64 14,14 -156,309 1639580293
1 1 7 13,71 13,89 -156,346 1639580294
1 1 7 13,89 13,71 -156,431 1639580294
1 1 7 14,14 13,64 -156,352 1639580295
1 1 7 14,39 13,71 -156,315 1639580295
1 1 7 14,58 13,89 -156,388 1639580296
1 1 8 10,00 17,32 -156,413 1639580297
1 1 8 10,50 17,32 -156,407 1639580297
1 1 8 10,43 17,57 -156,456 1639580298
1 1 8 10,25 17,75 -156,321 1639580298
1 1 8 10,00 17,82 -156,443 1639580299
1 1 8 9,75 17,75 -156,407 1639580299
1 1 8 9,57 17,57 -156,401 1639580300
1 1 8 9,50 17,32 -156,449 1639580300
1 1 8 9,57 17,07 -156,462 1639580301
1 1 8 9,75 16,89 -156,449 1639580301
1 1 8 10,00 16,82 -156,358 1639580302
1 1 8 10,25 16,89 -156,401 1639580302
1 1 8 10,43 17,07 -156,437 1639580303
1 1 9 5,18 19,32 -156,437 1639580303
1 1 9 5,68 19,32 -156,437 1639580304
1 1 9 5,61 19,57 -156,370 1639580305
1 1 9 5,43 19,75 -156,498 1639580305
1 1 9 5,18 19,82 -156,437 1639580306
1 1 9 4,93 19,75 -156,474 1639580306
1 1 9 4,74 19,57 -156,407 1639580307
1 1 9 4,68 19,32 -156,291 1639580307
1 1 9 4,74 19,07 -156,321 1639580308
1 1 9 4,93 18,89 -156,382 1639580308
1 1 9 5,18 18,82 -156,456 1639580309
1 1 9 5,43 18,89 -156,431 1639580309
1 1 9 5,61 19,07 -156,431 1639580310
1 1 10 -5,18 19,32 -156,388 1639580311
1 1 10 -4,68 19,32 -156,346 1639580311
1 1 10 -4,74 19,57 -156,370 1639580312
1 1 10 -4,93 19,75 -156,407 1639580313
1 1 10 -5,18 19,82 -156,486 1639580313
1 1 10 -5,43 19,75 -156,401 1639580314
1 1 10 -5,61 19,57 -156,346 1639580314
1 1 10 -5,68 19,32 -156,388 1639580315
1 1 10 -5,61 19,07 -156,352 1639580315
1 1 10 -5,43 18,89 -156,346 1639580316
1 1 10 -5,18 18,82 -156,358 1639580316
1 1 10 -4,93 18,89 -156,407 1639580317
1 1 10 -4,74 19,07 -156,376 1639580317
1 1 11 -10,00 17,32 -156,370 1639580318
1 1 11 -9,50 17,32 -156,407 1639580318
1 1 11 -9,57 17,57 -156,419 1639580318
1 1 11 -9,75 17,75 -156,401 1639580319
1 1 11 -10,00 17,82 -156,370 1639580319
1 1 11 -10,25 17,75 -156,352 1639580320
1 1 11 -10,43 17,57 -156,437 1639580320
1 1 11 -10,50 17,32 -156,346 1639580320
1 1 11 -10,43 17,07 -156,376 1639580321
1 1 11 -10,25 16,89 -156,321 1639580321
1 1 11 -10,00 16,82 -156,401 1639580321
1 1 11 -9,75 16,89 -156,437 1639580322
1 1 11 -9,57 17,07 -156,468 1639580322
1 1 12 -14,14 14,14 -156,468 1639580323
1 1 12 -13,64 14,14 -156,376 1639580324
1 1 12 -13,71 14,39 -156,474 1639580324
1 1 12 -13,89 14,58 -156,413 1639580324
1 1 12 -14,14 14,64 -156,443 1639580325
1 1 12 -14,39 14,58 -156,462 1639580326
1 1 12 -14,58 14,39 -156,395 1639580326
1 1 12 -14,64 14,14 -156,462 1639580327
1 1 12 -14,58 13,89 -156,395 1639580327
1 1 12 -14,39 13,71 -156,437 1639580327
1 1 12 -14,14 13,64 -156,474 1639580328
1 1 12 -13,89 13,71 -156,327 1639580329
1 1 12 -13,71 13,89 -156,413 1639580329
1 1 13 -17,32 10,00 -156,370 1639580330
1 1 13 -16,82 10,00 -156,413 1639580330
1 1 13 -16,89 10,25 -156,376 1639580330
1 1 13 -17,07 10,43 -156,334 1639580331
1 1 13 -17,32 10,50 -156,382 1639580331
1 1 13 -17,57 10,43 -156,431 1639580331
1 1 13 -17,75 10,25 -156,346 1639580332
1 1 13 -17,82 10,00 -156,437 1639580333
1 1 13 -17,75 9,75 -156,346 1639580333
1 1 13 -17,57 9,57 -156,346 1639580334
1 1 13 -17,32 9,50 -156,395 1639580334
1 1 13 -17,07 9,57 -156,431 1639580335
1 1 13 -16,89 9,75 -156,443 1639580335
1 1 14 -19,32 5,18 -156,370 1639580336
1 1 14 -18,82 5,18 -156,364 1639580337
1 1 14 -18,89 5,43 -156,358 1639580337
1 1 14 -19,07 5,61 -156,395 1639580337
1 1 14 -19,32 5,68 -156,327 1639580338
1 1 14 -19,57 5,61 -156,419 1639580339
1 1 14 -19,75 5,43 -156,334 1639580339
1 1 14 -19,82 5,18 -156,321 1639580340
1 1 14 -19,75 4,93 -156,413 1639580340
1 1 14 -19,57 4,74 -156,334 1639580341
1 1 14 -19,32 4,68 -156,334 1639580341
1 1 14 -19,07 4,74 -156,370 1639580342
1 1 14 -18,89 4,93 -156,346 1639580342
1 1 15 -12,56 3,36 -156,443 1639580343
1 1 15 -12,06 3,36 -156,364 1639580343
1 1 15 -12,12 3,61 -156,340 1639580344
1 1 15 -12,31 3,80 -156,468 1639580344
1 1 15 -12,56 3,86 -156,297 1639580345
1 1 15 -12,81 3,80 -156,334 1639580346
1 1 15 -12,99 3,61 -156,437 1639580346
1 1 15 -13,06 3,36 -156,382 1639580346
1 1 15 -12,99 3,11 -156,388 1639580347
1 1 15 -12,81 2,93 -156,388 1639580347
1 1 15 -12,56 2,86 -156,376 1639580348
1 1 15 -12,31 2,93 -156,388 1639580348
1 1 15 -12,12 3,11 -156,449 1639580349
1 1 16 -9,19 9,19 -156,376 1639580350
1 1 16 -8,69 9,19 -156,437 1639580350
1 1 16 -8,76 9,44 -156,437 1639580351
1 1 16 -8,94 9,63 -156,443 1639580351
1 1 16 -9,19 9,69 -156,382 1639580352
1 1 16 -9,44 9,63 -156,395 1639580352
1 1 16 -9,63 9,44 -156,474 1639580353
1 1 16 -9,69 9,19 -156,437 1639580353
1 1 16 -9,63 8,94 -156,443 1639580354
1 1 16 -9,44 8,76 -156,388 1639580354
1 1 16 -9,19 8,69 -156,395 1639580355
1 1 16 -8,94 8,76 -156,395 1639580355
1 1 16 -8,76 8,94 -156,462 1639580355
1 1 17 -3,36 12,56 -156,395 1639580356
1 1 17 -2,86 12,56 -156,370 1639580357
1 1 17 -2,93 12,81 -156,407 1639580357
1 1 17 -3,11 12,99 -156,321 1639580357
1 1 17 -3,36 13,06 -156,413 1639580358
1 1 17 -3,61 12,99 -156,346 1639580358
1 1 17 -3,80 12,81 -156,364 1639580358
1 1 17 -3,86 12,56 -156,382 1639580359
1 1 17 -3,80 12,31 -156,327 1639580359
1 1 17 -3,61 12,12 -156,401 1639580359
1 1 17 -3,36 12,06 -156,437 1639580360
1 1 17 -3,11 12,12 -156,370 1639580360
1 1 17 -2,93 12,31 -156,340 1639580361
1 1 18 -4,24 4,24 -156,456 1639580362
1 1 18 -3,74 4,24 -156,437 1639580362
1 1 18 -3,81 4,49 -156,431 1639580362
1 1 18 -3,99 4,68 -156,425 1639580363
1 1 18 -4,24 4,74 -156,395 1639580363
1 1 18 -4,49 4,68 -156,346 1639580363
1 1 18 -4,68 4,49 -156,303 1639580364
1 1 18 -4,74 4,24 -156,431 1639580364
1 1 18 -4,68 3,99 -156,364 1639580365
1 1 18 -4,49 3,81 -156,388 1639580365
1 1 18 -4,24 3,74 -156,468 1639580365
1 1 18 -3,99 3,81 -156,431 1639580366
1 1 18 -3,81 3,99 -156,395 1639580366
1 1 19 -4,24 -4,24 -156,370 1639580367
1 1 19 -3,74 -4,24 -156,407 1639580367
1 1 19 -3,81 -3,99 -156,413 1639580368
1 1 19 -3,99 -3,81 -156,437 1639580368
1 1 19 -4,24 -3,74 -156,437 1639580368
1 1 19 -4,49 -3,81 -156,388 1639580369
1 1 19 -4,68 -3,99 -156,474 1639580370
1 1 19 -4,74 -4,24 -156,401 1639580370
1 1 19 -4,68 -4,49 -156,388 1639580371
1 1 19 -4,49 -4,68 -156,376 1639580371
1 1 19 -4,24 -4,74 -156,388 1639580371
1 1 19 -3,99 -4,68 -156,413 1639580372
1 1 19 -3,81 -4,49 -156,395 1639580372
1 1 20 -3,36 -12,56 -156,413 1639580373
1 1 20 -2,86 -12,56 -156,358 1639580374
1 1 20 -2,93 -12,31 -156,419 1639580375
1 1 20 -3,11 -12,12 -156,407 1639580375
1 1 20 -3,36 -12,06 -156,370 1639580376
1 1 20 -3,61 -12,12 -156,419 1639580376
1 1 20 -3,80 -12,31 -156,346 1639580376
1 1 20 -3,86 -12,56 -156,370 1639580377
1 1 20 -3,80 -12,81 -156,364 1639580377
1 1 20 -3,61 -12,99 -156,303 1639580378
1 1 20 -3,36 -13,06 -156,437 1639580378
1 1 20 -3,11 -12,99 -156,334 1639580379
1 1 20 -2,93 -12,81 -156,413 1639580379
1 1 21 -9,19 -9,19 -156,364 1639580380
1 1 21 -8,69 -9,19 -156,376 1639580381
1 1 21 -8,76 -8,94 -156,462 1639580381
1 1 21 -8,94 -8,76 -156,291 1639580382
1 1 21 -9,19 -8,69 -156,388 1639580382
1 1 21 -9,44 -8,76 -156,376 1639580383
1 1 21 -9,63 -8,94 -156,334 1639580383
1 1 21 -9,69 -9,19 -156,382 1639580383
1 1 21 -9,63 -9,44 -156,321 1639580384
1 1 21 -9,44 -9,63 -156,425 1639580384
1 1 21 -9,19 -9,69 -156,321 1639580385
1 1 21 -8,94 -9,63 -156,376 1639580385
1 1 21 -8,76 -9,44 -156,395 1639580386
1 1 22 -12,56 -3,36 -156,382 1639580387
1 1 22 -12,06 -3,36 -156,327 1639580387
1 1 22 -12,12 -3,11 -156,309 1639580387
1 1 22 -12,31 -2,93 -156,443 1639580388
1 1 22 -12,56 -2,86 -156,376 1639580388
1 1 22 -12,81 -2,93 -156,340 1639580389
1 1 22 -12,99 -3,11 -156,388 1639580389
1 1 22 -13,06 -3,36 -156,297 1639580390
1 1 22 -12,99 -3,61 -156,272 1639580390
1 1 22 -12,81 -3,80 -156,614 1639580391
1 1 22 -12,56 -3,86 -156,443 1639580391
1 1 22 -12,31 -3,80 -156,407 1639580392
1 1 22 -12,12 -3,61 -156,395 1639580392
1 1 23 -19,32 -5,18 -156,388 1639580393
1 1 23 -18,82 -5,18 -156,413 1639580394
1 1 23 -18,89 -4,93 -156,358 1639580394
1 1 23 -19,07 -4,74 -156,358 1639580394
1 1 23 -19,32 -4,68 -156,407 1639580395
1 1 23 -19,57 -4,74 -156,437 1639580396
1 1 23 -19,75 -4,93 -156,352 1639580396
1 1 23 -19,82 -5,18 -156,340 1639580397
1 1 23 -19,75 -5,43 -156,340 1639580397
1 1 23 -19,57 -5,61 -156,437 1639580397
1 1 23 -19,32 -5,68 -156,358 1639580398
1 1 23 -19,07 -5,61 -156,388 1639580398
1 1 23 -18,89 -5,43 -156,419 1639580399
1 1 24 -17,32 -10,00 -156,401 1639580400
1 1 24 -16,82 -10,00 -156,388 1639580400
1 1 24 -16,89 -9,75 -156,382 1639580400
1 1 24 -17,07 -9,57 -156,401 1639580401
1 1 24 -17,32 -9,50 -156,425 1639580402
1 1 24 -17,57 -9,57 -156,382 1639580402
1 1 24 -17,75 -9,75 -156,346 1639580403
1 1 24 -17,82 -10,00 -156,413 1639580403
1 1 24 -17,75 -10,25 -156,437 1639580404
1 1 24 -17,57 -10,43 -156,370 1639580404
1 1 24 -17,32 -10,50 -156,419 1639580405
1 1 24 -17,07 -10,43 -156,474 1639580405
1 1 24 -16,89 -10,25 -156,352 1639580406
1 1 25 -14,14 -14,14 -156,413 1639580406
1 1 25 -13,64 -14,14 -156,456 1639580407
1 1 25 -13,71 -13,89 -156,437 1639580408
1 1 25 -13,89 -13,71 -156,382 1639580408
1 1 25 -14,14 -13,64 -156,382 1639580408
1 1 25 -14,39 -13,71 -156,370 1639580409
1 1 25 -14,58 -13,89 -156,419 1639580409
1 1 25 -14,64 -14,14 -156,279 1639580410
1 1 25 -14,58 -14,39 -156,358 1639580410
1 1 25 -14,39 -14,58 -156,401 1639580411
1 1 25 -14,14 -14,64 -156,443 1639580411
1 1 25 -13,89 -14,58 -156,462 1639580412
1 1 25 -13,71 -14,39 -156,443 1639580412
1 1 26 -10,00 -17,32 -156,364 1639580413
1 1 26 -9,50 -17,32 -156,413 1639580413
1 1 26 -9,57 -17,07 -156,382 1639580414
1 1 26 -9,75 -16,89 -156,449 1639580415
1 1 26 -10,00 -16,82 -156,321 1639580415
1 1 26 -10,25 -16,89 -156,443 1639580416
1 1 26 -10,43 -17,07 -156,340 1639580416
1 1 26 -10,50 -17,32 -156,437 1639580417
1 1 26 -10,43 -17,57 -156,340 1639580417
1 1 26 -10,25 -17,75 -156,401 1639580417
1 1 26 -10,00 -17,82 -156,370 1639580418
1 1 26 -9,75 -17,75 -156,413 1639580419
1 1 26 -9,57 -17,57 -156,382 1639580419
1 1 27 -5,18 -19,32 -156,456 1639580420
1 1 27 -4,68 -19,32 -156,401 1639580420
1 1 27 -4,74 -19,07 -156,352 1639580421
1 1 27 -4,93 -18,89 -156,443 1639580421
1 1 27 -5,18 -18,82 -156,456 1639580422
1 1 27 -5,43 -18,89 -156,468 1639580422
1 1 27 -5,61 -19,07 -156,437 1639580423
1 1 27 -5,68 -19,32 -156,388 1639580423
1 1 27 -5,61 -19,57 -156,456 1639580424
1 1 27 -5,43 -19,75 -156,456 1639580424
1 1 27 -5,18 -19,82 -156,413 1639580425
1 1 27 -4,93 -19,75 -156,395 1639580425
1 1 27 -4,74 -19,57 -156,309 1639580425
1 1 28 5,18 -19,32 -156,358 1639580427
1 1 28 5,68 -19,32 -156,413 1639580427
1 1 28 5,61 -19,07 -156,401 1639580428
1 1 28 5,43 -18,89 -156,443 1639580428
1 1 28 5,18 -18,82 -156,413 1639580429
1 1 28 4,93 -18,89 -156,407 1639580429
1 1 28 4,74 -19,07 -156,456 1639580429
1 1 28 4,68 -19,32 -156,456 1639580430
1 1 28 4,74 -19,57 -156,395 1639580431
1 1 28 4,93 -19,75 -156,395 1639580431
1 1 28 5,18 -19,82 -156,413 1639580431
1 1 28 5,43 -19,75 -156,419 1639580432
1 1 28 5,61 -19,57 -156,462 1639580432
1 1 29 10,00 -17,32 -156,462 1639580433
1 1 29 10,50 -17,32 -156,486 1639580433
1 1 29 10,43 -17,07 -156,498 1639580434
1 1 29 10,25 -16,89 -156,346 1639580434
1 1 29 10,00 -16,82 -156,382 1639580435
1 1 29 9,75 -16,89 -156,370 1639580436
1 1 29 9,57 -17,07 -156,437 1639580436
1 1 29 9,50 -17,32 -156,413 1639580436
1 1 29 9,57 -17,57 -156,437 1639580437
1 1 29 9,75 -17,75 -156,395 1639580437
1 1 29 10,00 -17,82 -156,413 1639580438
1 1 29 10,25 -17,75 -156,437 1639580438
1 1 29 10,43 -17,57 -156,340 1639580439
1 1 30 14,14 -14,14 -156,425 1639580439
1 1 30 14,64 -14,14 -156,382 1639580440
1 1 30 14,58 -13,89 -156,443 1639580441
1 1 30 14,39 -13,71 -156,413 1639580441
1 1 30 14,14 -13,64 -156,425 1639580441
1 1 30 13,89 -13,71 -156,425 1639580442
1 1 30 13,71 -13,89 -156,419 1639580442
1 1 30 13,64 -14,14 -156,407 1639580443
1 1 30 13,71 -14,39 -156,419 1639580444
1 1 30 13,89 -14,58 -156,334 1639580444
1 1 30 14,14 -14,64 -156,334 1639580444
1 1 30 14,39 -14,58 -156,376 1639580445
1 1 30 14,58 -14,39 -156,407 1639580445
1 1 31 17,32 -10,00 -156,401 1639580446
1 1 31 17,82 -10,00 -156,474 1639580446
1 1 31 17,75 -9,75 -156,425 1639580447
1 1 31 17,57 -9,57 -156,388 1639580447
1 1 31 17,32 -9,50 -156,449 1639580448
1 1 31 17,07 -9,57 -156,370 1639580449
1 1 31 16,89 -9,75 -156,419 1639580449
1 1 31 16,82 -10,00 -156,437 1639580449
1 1 31 16,89 -10,25 -156,443 1639580450
1 1 31 17,07 -10,43 -156,443 1639580450
1 1 31 17,32 -10,50 -156,395 1639580451
1 1 31 17,57 -10,43 -156,327 1639580451
1 1 31 17,75 -10,25 -156,437 1639580452
1 1 32 19,32 -5,18 -156,248 1639580453
1 1 32 19,82 -5,18 -156,364 1639580453
1 1 32 19,75 -4,93 -156,468 1639580453
1 1 32 19,57 -4,74 -156,425 1639580454
1 1 32 19,32 -4,68 -156,437 1639580454
1 1 32 19,07 -4,74 -156,382 1639580454
1 1 32 18,89 -4,93 -156,419 1639580455
1 1 32 18,82 -5,18 -156,449 1639580455
1 1 32 18,89 -5,43 -156,346 1639580456
1 1 32 19,07 -5,61 -156,370 1639580456
1 1 32 19,32 -5,68 -156,419 1639580456
1 1 32 19,57 -5,61 -156,407 1639580457
1 1 32 19,75 -5,43 -156,352 1639580457
1 1 33 12,56 -3,36 -156,413 1639580458
1 1 33 13,06 -3,36 -156,364 1639580459
1 1 33 12,99 -3,11 -156,340 1639580459
1 1 33 12,81 -2,93 -156,443 1639580460
1 1 33 12,56 -2,86 -156,407 1639580460
1 1 33 12,31 -2,93 -156,364 1639580461
1 1 33 12,12 -3,11 -156,413 1639580461
1 1 33 12,06 -3,36 -156,425 1639580462
1 1 33 12,12 -3,61 -156,364 1639580462
1 1 33 12,31 -3,80 -156,382 1639580463
1 1 33 12,56 -3,86 -156,401 1639580464
1 1 33 12,81 -3,80 -156,401 1639580464
1 1 33 12,99 -3,61 -156,456 1639580464
1 1 34 9,19 -9,19 -156,376 1639580465
1 1 34 9,69 -9,19 -156,413 1639580466
1 1 34 9,63 -8,94 -156,462 1639580466
1 1 34 9,44 -8,76 -156,395 1639580467
1 1 34 9,19 -8,69 -156,401 1639580467
1 1 34 8,94 -8,76 -156,449 1639580468
1 1 34 8,76 -8,94 -156,437 1639580468
1 1 34 8,69 -9,19 -156,395 1639580469
1 1 34 8,76 -9,44 -156,413 1639580469
1 1 34 8,94 -9,63 -156,431 1639580469
1 1 34 9,19 -9,69 -156,413 1639580470
1 1 34 9,44 -9,63 -156,486 1639580471
1 1 34 9,63 -9,44 -156,413 1639580471
1 1 35 3,36 -12,56 -156,395 1639580472
1 1 35 3,86 -12,56 -156,327 1639580473
1 1 35 3,80 -12,31 -156,309 1639580473
1 1 35 3,61 -12,12 -156,486 1639580473
1 1 35 3,36 -12,06 -156,327 1639580474
1 1 35 3,11 -12,12 -156,364 1639580475
1 1 35 2,93 -12,31 -156,437 1639580475
1 1 35 2,86 -12,56 -156,395 1639580476
1 1 35 2,93 -12,81 -156,437 1639580476
1 1 35 3,11 -12,99 -156,419 1639580476
1 1 35 3,36 -13,06 -156,327 1639580477
1 1 35 3,61 -12,99 -156,431 1639580477
1 1 35 3,80 -12,81 -156,443 1639580478
1 1 36 4,24 -4,24 -156,413 1639580479
1 1 36 4,74 -4,24 -156,388 1639580479
1 1 36 4,68 -3,99 -156,395 1639580480
1 1 36 4,49 -3,81 -156,340 1639580480
1 1 36 4,24 -3,74 -156,437 1639580480
1 1 36 3,99 -3,81 -156,425 1639580481
1 1 36 3,81 -3,99 -156,321 1639580481
1 1 36 3,74 -4,24 -156,352 1639580482
1 1 36 3,81 -4,49 -156,352 1639580482
1 1 36 3,99 -4,68 -156,462 1639580483
1 1 36 4,24 -4,74 -156,346 1639580483
1 1 36 4,49 -4,68 -156,388 1639580483
1 1 36 4,68 -4,49 -156,413 1639580484
1 1 37 27,00 0,00 -156,480 1639580486
1 1 37 27,50 0,00 -156,419 1639580486
1 1 37 27,43 0,25 -156,388 1639580486
1 1 37 27,25 0,43 -156,443 1639580487
1 1 37 27,00 0,50 -156,449 1639580488
1 1 37 26,75 0,43 -156,266 1639580488
1 1 37 26,57 0,25 -156,419 1639580489
1 1 37 26,50 0,00 -156,407 1639580489
1 1 37 26,57 -0,25 -156,419 1639580490
1 1 37 26,75 -0,43 -156,272 1639580490
1 1 37 27,00 -0,50 -156,358 1639580491
1 1 37 27,25 -0,43 -156,358 1639580491
1 1 37 27,43 -0,25 -156,468 1639580491
1 1 38 26,08 6,99 -156,352 1639580492
1 1 38 26,58 6,99 -156,352 1639580493
1 1 38 26,51 7,24 -156,382 1639580493
1 1 38 26,33 7,42 -156,382 1639580494
1 1 38 26,08 7,49 -156,413 1639580494
1 1 38 25,83 7,42 -156,321 1639580495
1 1 38 25,65 7,24 -156,413 1639580495
1 1 38 25,58 6,99 -156,407 1639580496
1 1 38 25,65 6,74 -156,419 1639580496
1 1 38 25,83 6,56 -156,285 1639580497
1 1 38 26,08 6,49 -156,443 1639580497
1 1 38 26,33 6,56 -156,358 1639580498
1 1 38 26,51 6,74 -156,413 1639580498
1 1 39 23,38 13,50 -156,437 1639580499
1 1 39 23,88 13,50 -156,388 1639580499
1 1 39 23,82 13,75 -156,376 1639580500
1 1 39 23,63 13,93 -156,382 1639580501
1 1 39 23,38 14,00 -156,407 1639580501
1 1 39 23,13 13,93 -156,376 1639580502
1 1 39 22,95 13,75 -156,395 1639580502
1 1 39 22,88 13,50 -156,449 1639580502
1 1 39 22,95 13,25 -156,437 1639580503
1 1 39 23,13 13,07 -156,358 1639580503
1 1 39 23,38 13,00 -156,486 1639580504
1 1 39 23,63 13,07 -156,327 1639580504
1 1 39 23,82 13,25 -156,334 1639580505
1 1 40 19,09 19,09 -156,376 1639580506
1 1 40 19,59 19,09 -156,425 1639580506
1 1 40 19,52 19,34 -156,419 1639580507
1 1 40 19,34 19,52 -156,413 1639580507
1 1 40 19,09 19,59 -156,407 1639580507
1 1 40 18,84 19,52 -156,364 1639580508
1 1 40 18,66 19,34 -156,425 1639580508
1 1 40 18,59 19,09 -156,431 1639580509
1 1 40 18,66 18,84 -156,376 1639580509
1 1 40 18,84 18,66 -156,352 1639580509
1 1 40 19,09 18,59 -156,358 1639580510
1 1 40 19,34 18,66 -156,370 1639580511
1 1 40 19,52 18,84 -156,334 1639580511
1 1 41 13,50 23,38 -156,413 1639580512
1 1 41 14,00 23,38 -156,340 1639580512
1 1 41 13,93 23,63 -156,401 1639580512
1 1 41 13,75 23,82 -156,358 1639580513
1 1 41 13,50 23,88 -156,309 1639580513
1 1 41 13,25 23,82 -156,407 1639580513
1 1 41 13,07 23,63 -156,370 1639580514
1 1 41 13,00 23,38 -156,388 1639580514
1 1 41 13,07 23,13 -156,401 1639580514
1 1 41 13,25 22,95 -156,443 1639580515
1 1 41 13,50 22,88 -156,425 1639580516
1 1 41 13,75 22,95 -156,376 1639580516
1 1 41 13,93 23,13 -156,431 1639580517
1 1 42 6,99 26,08 -156,437 1639580518
1 1 42 7,49 26,08 -156,376 1639580518
1 1 42 7,42 26,33 -156,401 1639580518
1 1 42 7,24 26,51 -156,340 1639580519
1 1 42 6,99 26,58 -156,358 1639580519
1 1 42 6,74 26,51 -156,462 1639580519
1 1 42 6,56 26,33 -156,340 1639580520
1 1 42 6,49 26,08 -156,401 1639580521
1 1 42 6,56 25,83 -156,327 1639580521
1 1 42 6,74 25,65 -156,425 1639580522
1 1 42 6,99 25,58 -156,388 1639580522
1 1 42 7,24 25,65 -156,388 1639580523
1 1 42 7,42 25,83 -156,388 1639580523
1 1 43 0,00 27,00 -156,376 1639580524
1 1 43 0,50 27,00 -156,376 1639580524
1 1 43 0,43 27,25 -156,334 1639580525
1 1 43 0,25 27,43 -156,449 1639580525
1 1 43 0,00 27,50 -156,407 1639580525
1 1 43 -0,25 27,43 -156,376 1639580526
1 1 43 -0,43 27,25 -156,358 1639580527
1 1 43 -0,50 27,00 -156,364 1639580527
1 1 43 -0,43 26,75 -156,327 1639580528
1 1 43 -0,25 26,57 -156,401 1639580528
1 1 43 0,00 26,50 -156,462 1639580529
1 1 43 0,25 26,57 -156,376 1639580529
1 1 43 0,43 26,75 -156,388 1639580530
1 1 44 -6,99 26,08 -156,401 1639580531
1 1 44 -6,49 26,08 -156,401 1639580531
1 1 44 -6,56 26,33 -156,474 1639580532
1 1 44 -6,74 26,51 -156,462 1639580532
1 1 44 -6,99 26,58 -156,456 1639580532
1 1 44 -7,24 26,51 -156,449 1639580533
1 1 44 -7,42 26,33 -156,419 1639580534
1 1 44 -7,49 26,08 -156,462 1639580534
1 1 44 -7,42 25,83 -156,401 1639580535
1 1 44 -7,24 25,65 -156,388 1639580535
1 1 44 -6,99 25,58 -156,401 1639580535
1 1 44 -6,74 25,65 -156,388 1639580536
1 1 44 -6,56 25,83 -156,474 1639580536
1 1 45 -13,50 23,38 -156,401 1639580537
1 1 45 -13,00 23,38 -156,443 1639580538
1 1 45 -13,07 23,63 -156,431 1639580539
1 1 45 -13,25 23,82 -156,407 1639580539
1 1 45 -13,50 23,88 -156,437 1639580539
1 1 45 -13,75 23,82 -156,468 1639580540
1 1 45 -13,93 23,63 -156,364 1639580540
1 1 45 -14,00 23,38 -156,462 1639580541
1 1 45 -13,93 23,13 -156,443 1639580541
1 1 45 -13,75 22,95 -156,449 1639580542
1 1 45 -13,50 22,88 -156,443 1639580543
1 1 45 -13,25 22,95 -156,437 1639580543
1 1 45 -13,07 23,13 -156,376 1639580543
1 1 46 -19,09 19,09 -156,364 1639580544
1 1 46 -18,59 19,09 -156,443 1639580545
1 1 46 -18,66 19,34 -156,364 1639580545
1 1 46 -18,84 19,52 -156,437 1639580546
1 1 46 -19,09 19,59 -156,376 1639580546
1 1 46 -19,34 19,52 -156,443 1639580547
1 1 46 -19,52 19,34 -156,443 1639580547
1 1 46 -19,59 19,09 -156,419 1639580547
1 1 46 -19,52 18,84 -156,401 1639580548
1 1 46 -19,34 18,66 -156,449 1639580548
1 1 46 -19,09 18,59 -156,352 1639580548
1 1 46 -18,84 18,66 -156,413 1639580549
1 1 46 -18,66 18,84 -156,358 1639580549
1 1 47 -23,38 13,50 -156,358 1639580550
1 1 47 -22,88 13,50 -156,370 1639580551
1 1 47 -22,95 13,75 -156,358 1639580551
1 1 47 -23,13 13,93 -156,364 1639580551
1 1 47 -23,38 14,00 -156,364 1639580552
1 1 47 -23,63 13,93 -156,340 1639580553
1 1 47 -23,82 13,75 -156,352 1639580553
1 1 47 -23,88 13,50 -156,425 1639580554
1 1 47 -23,82 13,25 -156,462 1639580554
1 1 47 -23,63 13,07 -156,431 1639580555
1 1 47 -23,38 13,00 -156,437 1639580555
1 1 47 -23,13 13,07 -156,431 1639580556
1 1 47 -22,95 13,25 -156,370 1639580556
1 1 48 -26,08 6,99 -156,480 1639580557
1 1 48 -25,58 6,99 -156,413 1639580557
1 1 48 -25,65 7,24 -156,346 1639580558
1 1 48 -25,83 7,42 -156,443 1639580558
1 1 48 -26,08 7,49 -156,443 1639580558
1 1 48 -26,33 7,42 -156,401 1639580559
1 1 48 -26,51 7,24 -156,321 1639580559
1 1 48 -26,58 6,99 -156,315 1639580560
1 1 48 -26,51 6,74 -156,425 1639580560
1 1 48 -26,33 6,56 -156,431 1639580561
1 1 48 -26,08 6,49 -156,364 1639580561
1 1 48 -25,83 6,56 -156,358 1639580562
1 1 48 -25,65 6,74 -156,364 1639580562
1 1 49 -27,00 0,00 -156,407 1639580563
1 1 49 -26,50 0,00 -156,291 1639580563
1 1 49 -26,57 0,25 -156,334 1639580564
1 1 49 -26,75 0,43 -156,431 1639580564
1 1 49 -27,00 0,50 -156,449 1639580565
1 1 49 -27,25 0,43 -156,388 1639580566
1 1 49 -27,43 0,25 -156,419 1639580566
1 1 49 -27,50 0,00 -156,462 1639580566
1 1 49 -27,43 -0,25 -156,388 1639580567
1 1 49 -27,25 -0,43 -156,462 1639580567
1 1 49 -27,00 -0,50 -156,395 1639580568
1 1 49 -26,75 -0,43 -156,395 1639580569
1 1 49 -26,57 -0,25 -156,303 1639580569
1 1 50 -26,08 -6,99 -156,413 1639580570
1 1 50 -25,58 -6,99 -156,443 1639580570
1 1 50 -25,65 -6,74 -156,407 1639580570
1 1 50 -25,83 -6,56 -156,364 1639580571
1 1 50 -26,08 -6,49 -156,395 1639580571
1 1 50 -26,33 -6,56 -156,382 1639580571
1 1 50 -26,51 -6,74 -156,358 1639580572
1 1 50 -26,58 -6,99 -156,358 1639580573
1 1 50 -26,51 -7,24 -156,340 1639580573
1 1 50 -26,33 -7,42 -156,334 1639580574
1 1 50 -26,08 -7,49 -156,401 1639580574
1 1 50 -25,83 -7,42 -156,346 1639580575
1 1 50 -25,65 -7,24 -156,413 1639580575
1 1 51 -23,38 -13,50 -156,407 1639580576
1 1 51 -22,88 -13,50 -156,437 1639580576
1 1 51 -22,95 -13,25 -156,474 1639580577
1 1 51 -23,13 -13,07 -156,364 1639580577
1 1 51 -23,38 -13,00 -156,395 1639580578
1 1 51 -23,63 -13,07 -156,437 1639580578
1 1 51 -23,82 -13,25 -156,364 1639580579
1 1 51 -23,88 -13,50 -156,334 1639580579
1 1 51 -23,82 -13,75 -156,315 1639580580
1 1 51 -23,63 -13,93 -156,468 1639580580
1 1 51 -23,38 -14,00 -156,419 1639580581
1 1 51 -23,13 -13,93 -156,321 1639580581
1 1 51 -22,95 -13,75 -156,449 1639580582
1 1 52 -19,09 -19,09 -156,437 1639580582
1 1 52 -18,59 -19,09 -156,407 1639580583
1 1 52 -18,66 -18,84 -156,401 1639580584
1 1 52 -18,84 -18,66 -156,437 1639580584
1 1 52 -19,09 -18,59 -156,358 1639580584
1 1 52 -19,34 -18,66 -156,358 1639580585
1 1 52 -19,52 -18,84 -156,327 1639580585
1 1 52 -19,59 -19,09 -156,334 1639580586
1 1 52 -19,52 -19,34 -156,419 1639580586
1 1 52 -19,34 -19,52 -156,425 1639580586
1 1 52 -19,09 -19,59 -156,388 1639580587
1 1 52 -18,84 -19,52 -156,388 1639580587
1 1 52 -18,66 -19,34 -156,382 1639580588
1 1 53 -13,50 -23,38 -156,352 1639580589
1 1 53 -13,00 -23,38 -156,346 1639580589
1 1 53 -13,07 -23,13 -156,395 1639580589
1 1 53 -13,25 -22,95 -156,437 1639580590
1 1 53 -13,50 -22,88 -156,480 1639580591
1 1 53 -13,75 -22,95 -156,449 1639580591
1 1 53 -13,93 -23,13 -156,321 1639580592
1 1 53 -14,00 -23,38 -156,395 1639580592
1 1 53 -13,93 -23,63 -156,401 1639580593
1 1 53 -13,75 -23,82 -156,413 1639580593
1 1 53 -13,50 -23,88 -156,388 1639580594
1 1 53 -13,25 -23,82 -156,425 1639580594
1 1 53 -13,07 -23,63 -156,425 1639580594
1 1 54 -6,99 -26,08 -156,419 1639580596
1 1 54 -6,49 -26,08 -156,382 1639580596
1 1 54 -6,56 -25,83 -156,364 1639580596
1 1 54 -6,74 -25,65 -156,443 1639580597
1 1 54 -6,99 -25,58 -156,364 1639580597
1 1 54 -7,24 -25,65 -156,401 1639580597
1 1 54 -7,42 -25,83 -156,413 1639580598
1 1 54 -7,49 -26,08 -156,315 1639580598
1 1 54 -7,42 -26,33 -156,346 1639580599
1 1 54 -7,24 -26,51 -156,413 1639580599
1 1 54 -6,99 -26,58 -156,419 1639580599
1 1 54 -6,74 -26,51 -156,468 1639580600
1 1 54 -6,56 -26,33 -156,419 1639580600
1 1 55 -0,00 -27,00 -156,364 1639580601
1 1 55 0,50 -27,00 -156,370 1639580601
1 1 55 0,43 -26,75 -156,407 1639580602
1 1 55 0,25 -26,57 -156,480 1639580602
1 1 55 -0,00 -26,50 -156,376 1639580602
1 1 55 -0,25 -26,57 -156,480 1639580603
1 1 55 -0,43 -26,75 -156,431 1639580604
1 1 55 -0,50 -27,00 -156,413 1639580604
1 1 55 -0,43 -27,25 -156,352 1639580605
1 1 55 -0,25 -27,43 -156,395 1639580605
1 1 55 -0,00 -27,50 -156,395 1639580606
1 1 55 0,25 -27,43 -156,370 1639580606
1 1 55 0,43 -27,25 -156,480 1639580607
1 1 56 6,99 -26,08 -156,456 1639580607
1 1 56 7,49 -26,08 -156,498 1639580608
1 1 56 7,42 -25,83 -156,462 1639580608
1 1 56 7,24 -25,65 -156,449 1639580608
1 1 56 6,99 -25,58 -156,358 1639580609
1 1 56 6,74 -25,65 -156,413 1639580609
1 1 56 6,56 -25,83 -156,437 1639580609
1 1 56 6,49 -26,08 -156,511 1639580610
1 1 56 6,56 -26,33 -156,382 1639580610
1 1 56 6,74 -26,51 -156,358 1639580610
1 1 56 6,99 -26,58 -156,449 1639580611
1 1 56 7,24 -26,51 -156,358 1639580611
1 1 56 7,42 -26,33 -156,401 1639580612
1 1 57 13,50 -23,38 -156,468 1639580613
1 1 57 14,00 -23,38 -156,382 1639580613
1 1 57 13,93 -23,13 -156,364 1639580613
1 1 57 13,75 -22,95 -156,419 1639580614
1 1 57 13,50 -22,88 -156,486 1639580615
1 1 57 13,25 -22,95 -156,327 1639580615
1 1 57 13,07 -23,13 -156,462 1639580616
1 1 57 13,00 -23,38 -156,468 1639580616
1 1 57 13,07 -23,63 -156,547 1639580617
1 1 57 13,25 -23,82 -156,437 1639580617
1 1 57 13,50 -23,88 -156,437 1639580618
1 1 57 13,75 -23,82 -156,413 1639580618
1 1 57 13,93 -23,63 -156,437 1639580619
1 1 58 19,09 -19,09 -156,474 1639580620
1 1 58 19,59 -19,09 -156,456 1639580620
1 1 58 19,52 -18,84 -156,388 1639580621
1 1 58 19,34 -18,66 -156,413 1639580621
1 1 58 19,09 -18,59 -156,413 1639580622
1 1 58 18,84 -18,66 -156,346 1639580622
1 1 58 18,66 -18,84 -156,523 1639580622
1 1 58 18,59 -19,09 -156,474 1639580623
1 1 58 18,66 -19,34 -156,437 1639580623
1 1 58 18,84 -19,52 -156,425 1639580624
1 1 58 19,09 -19,59 -156,425 1639580624
1 1 58 19,34 -19,52 -156,382 1639580625
1 1 58 19,52 -19,34 -156,474 1639580625
1 1 59 23,38 -13,50 -156,437 1639580626
1 1 59 23,88 -13,50 -156,346 1639580626
1 1 59 23,82 -13,25 -156,352 1639580627
1 1 59 23,63 -13,07 -156,474 1639580628
1 1 59 23,38 -13,00 -156,437 1639580628
1 1 59 23,13 -13,07 -156,474 1639580628
1 1 59 22,95 -13,25 -156,376 1639580628
1 1 59 22,88 -13,50 -156,352 1639580629
1 1 59 22,95 -13,75 -156,382 1639580629
1 1 59 23,13 -13,93 -156,462 1639580630
1 1 59 23,38 -14,00 -156,407 1639580630
1 1 59 23,63 -13,93 -156,364 1639580631
1 1 59 23,82 -13,75 -156,291 1639580631
1 1 60 26,08 -6,99 -156,376 1639580632
1 1 60 26,58 -6,99 -156,425 1639580633
1 1 60 26,51 -6,74 -156,346 1639580633
1 1 60 26,33 -6,56 -156,346 1639580634
1 1 60 26,08 -6,49 -156,395 1639580635
1 1 60 25,83 -6,56 -156,462 1639580635
1 1 60 25,65 -6,74 -156,388 1639580635
1 1 60 25,58 -6,99 -156,327 1639580636
1 1 60 25,65 -7,24 -156,395 1639580637
1 1 60 25,83 -7,42 -156,419 1639580637
1 1 60 26,08 -7,49 -156,395 1639580637
1 1 60 26,33 -7,42 -156,358 1639580638
1 1 60 26,51 -7,24 -156,297 1639580638
