1 1 1 4,24 4,24 -156,523 1639583422
1 1 1 4,74 4,24 -156,474 1639583423
1 1 1 4,68 4,49 -156,468 1639583424
1 1 1 4,49 4,68 -156,498 1639583424
1 1 1 4,24 4,74 -156,523 1639583424
1 1 1 3,99 4,68 -156,474 1639583425
1 1 1 3,81 4,49 -156,395 1639583425
1 1 1 3,74 4,24 -156,437 1639583426
1 1 1 3,81 3,99 -156,498 1639583426
1 1 1 3,99 3,81 -156,468 1639583427
1 1 1 4,24 3,74 -156,511 1639583427
1 1 1 4,49 3,81 -156,504 1639583428
1 1 1 4,68 3,99 -156,474 1639583428
1 1 2 3,36 12,56 -156,565 1639583429
1 1 2 3,86 12,56 -156,437 1639583430
1 1 2 3,80 12,81 -156,456 1639583430
1 1 2 3,61 12,99 -156,492 1639583431
1 1 2 3,36 13,06 -156,523 1639583431
1 1 2 3,11 12,99 -156,486 1639583432
1 1 2 2,93 12,81 -156,474 1639583432
1 1 2 2,86 12,56 -156,492 1639583432
1 1 2 2,93 12,31 -156,480 1639583433
1 1 2 3,11 12,12 -156,590 1639583433
1 1 2 3,36 12,06 -156,523 1639583434
1 1 2 3,61 12,12 -156,517 1639583434
1 1 2 3,80 12,31 -156,443 1639583435
1 1 3 9,19 9,19 -156,474 1639583436
1 1 3 9,69 9,19 -156,572 1639583436
1 1 3 9,63 9,44 -156,517 1639583437
1 1 3 9,44 9,63 -156,559 1639583437
1 1 3 9,19 9,69 -156,511 1639583438
1 1 3 8,94 9,63 -156,553 1639583438
1 1 3 8,76 9,44 -156,492 1639583438
1 1 3 8,69 9,19 -156,498 1639583439
1 1 3 8,76 8,94 -156,547 1639583439
1 1 3 8,94 8,76 -156,486 1639583440
1 1 3 9,19 8,69 -156,529 1639583440
1 1 3 9,44 8,76 -156,468 1639583440
1 1 3 9,63 8,94 -156,523 1639583441
1 1 4 12,56 3,36 -156,529 1639583442
1 1 4 13,06 3,36 -156,474 1639583443
1 1 4 12,99 3,61 -156,462 1639583443
1 1 4 12,81 3,80 -156,462 1639583444
1 1 4 12,56 3,86 -156,504 1639583444
1 1 4 12,31 3,80 -156,474 1639583445
1 1 4 12,12 3,61 -156,517 1639583445
1 1 4 12,06 3,36 -156,572 1639583445
1 1 4 12,12 3,11 -156,547 1639583446
1 1 4 12,31 2,93 -156,529 1639583446
1 1 4 12,56 2,86 -156,529 1639583447
1 1 4 12,81 2,93 -156,492 1639583448
1 1 4 12,99 3,11 -156,504 1639583448
1 1 5 19,32 5,18 -156,095 1639583449
1 1 5 19,82 5,18 -156,480 1639583449
1 1 5 19,75 5,43 -156,511 1639583450
1 1 5 19,57 5,61 -156,456 1639583450
1 1 5 19,32 5,68 -156,498 1639583451
1 1 5 19,07 5,61 -156,572 1639583451
1 1 5 18,89 5,43 -156,498 1639583452
1 1 5 18,82 5,18 -156,523 1639583452
1 1 5 18,89 4,93 -156,486 1639583453
1 1 5 19,07 4,74 -156,553 1639583453
1 1 5 19,32 4,68 -156,462 1639583454
1 1 5 19,57 4,74 -156,529 1639583454
1 1 5 19,75 4,93 -156,480 1639583454
1 1 6 17,32 10,00 -156,511 1639583455
1 1 6 17,82 10,00 -156,535 1639583456
1 1 6 17,75 10,25 -156,474 1639583456
1 1 6 17,57 10,43 -156,498 1639583456
1 1 6 17,32 10,50 -156,559 1639583457
1 1 6 17,07 10,43 -156,523 1639583457
1 1 6 16,89 10,25 -156,474 1639583457
1 1 6 16,82 10,00 -156,480 1639583458
1 1 6 16,89 9,75 -156,486 1639583458
1 1 6 17,07 9,57 -156,492 1639583459
1 1 6 17,32 9,50 -156,511 1639583459
1 1 6 17,57 9,57 -156,492 1639583460
1 1 6 17,75 9,75 -156,504 1639583460
1 1 7 14,14 14,14 -156,462 1639583461
1 1 7 14,64 14,14 -156,498 1639583461
1 1 7 14,58 14,39 -156,565 1639583462
1 1 7 14,39 14,58 -156,498 1639583462
1 1 7 14,14 14,64 -156,511 1639583462
1 1 7 13,89 14,58 -156,541 1639583463
1 1 7 13,71 14,39 -156,578 1639583463
1 1 7 13,64 14,14 -156,504 1639583463
1 1 7 13,71 13,89 -156,523 1639583464
1 1 7 13,89 13,71 -156,511 1639583465
1 1 7 14,14 13,64 -156,468 1639583465
1 1 7 14,39 13,71 -156,492 1639583466
1 1 7 14,58 13,89 -156,523 1639583466
1 1 8 10,00 17,32 -156,462 1639583467
1 1 8 10,50 17,32 -156,486 1639583468
1 1 8 10,43 17,57 -156,492 1639583468
1 1 8 10,25 17,75 -156,498 1639583468
1 1 8 10,00 17,82 -156,504 1639583469
1 1 8 9,75 17,75 -156,480 1639583469
1 1 8 9,57 17,57 -156,492 1639583469
1 1 8 9,50 17,32 -156,529 1639583470
1 1 8 9,57 17,07 -156,456 1639583470
1 1 8 9,75 16,89 -156,553 1639583471
1 1 8 10,00 16,82 -156,529 1639583471
1 1 8 10,25 16,89 -156,498 1639583472
1 1 8 10,43 17,07 -156,474 1639583472
1 1 9 5,18 19,32 -156,523 1639583473
1 1 9 5,68 19,32 -156,559 1639583474
1 1 9 5,61 19,57 -156,559 1639583474
1 1 9 5,43 19,75 -156,517 1639583475
1 1 9 5,18 19,82 -156,523 1639583475
1 1 9 4,93 19,75 -156,492 1639583476
1 1 9 4,74 19,57 -156,559 1639583476
1 1 9 4,68 19,32 -156,529 1639583477
1 1 9 4,74 19,07 -156,517 1639583477
1 1 9 4,93 18,89 -156,535 1639583477
1 1 9 5,18 18,82 -156,541 1639583478
1 1 9 5,43 18,89 -156,529 1639583479
1 1 9 5,61 19,07 -156,498 1639583479
1 1 10 -5,18 19,32 -156,431 1639583480
1 1 10 -4,68 19,32 -156,486 1639583481
1 1 10 -4,74 19,57 -156,511 1639583481
1 1 10 -4,93 19,75 -156,492 1639583481
1 1 10 -5,18 19,82 -156,504 1639583482
1 1 10 -5,43 19,75 -156,462 1639583483
1 1 10 -5,61 19,57 -156,443 1639583483
1 1 10 -5,68 19,32 -156,498 1639583484
1 1 10 -5,61 19,07 -156,547 1639583484
1 1 10 -5,43 18,89 -156,462 1639583484
1 1 10 -5,18 18,82 -156,486 1639583485
1 1 10 -4,93 18,89 -156,578 1639583486
1 1 10 -4,74 19,07 -156,462 1639583486
1 1 11 -10,00 17,32 -156,517 1639583487
1 1 11 -9,50 17,32 -156,486 1639583487
1 1 11 -9,57 17,57 -156,468 1639583487
1 1 11 -9,75 17,75 -156,443 1639583488
1 1 11 -10,00 17,82 -156,523 1639583489
1 1 11 -10,25 17,75 -156,468 1639583489
1 1 11 -10,43 17,57 -156,498 1639583489
1 1 11 -10,50 17,32 -156,492 1639583490
1 1 11 -10,43 17,07 -156,498 1639583491
1 1 11 -10,25 16,89 -156,474 1639583491
1 1 11 -10,00 16,82 -156,486 1639583491
1 1 11 -9,75 16,89 -156,517 1639583492
1 1 11 -9,57 17,07 -156,468 1639583492
1 1 12 -14,14 14,14 -156,541 1639583493
1 1 12 -13,64 14,14 -156,517 1639583493
1 1 12 -13,71 14,39 -156,498 1639583494
1 1 12 -13,89 14,58 -156,498 1639583494
1 1 12 -14,14 14,64 -156,523 1639583494
1 1 12 -14,39 14,58 -156,492 1639583495
1 1 12 -14,58 14,39 -156,498 1639583496
1 1 12 -14,64 14,14 -156,596 1639583496
1 1 12 -14,58 13,89 -156,541 1639583497
1 1 12 -14,39 13,71 -156,498 1639583497
1 1 12 -14,14 13,64 -156,462 1639583497
1 1 12 -13,89 13,71 -156,535 1639583498
1 1 12 -13,71 13,89 -156,547 1639583498
1 1 13 -17,32 10,00 -156,938 1639583499
1 1 13 -16,82 10,00 -156,437 1639583500
1 1 13 -16,89 10,25 -156,498 1639583500
1 1 13 -17,07 10,43 -156,572 1639583500
1 1 13 -17,32 10,50 -156,547 1639583501
1 1 13 -17,57 10,43 -156,480 1639583502
1 1 13 -17,75 10,25 -156,511 1639583502
1 1 13 -17,82 10,00 -156,572 1639583502
1 1 13 -17,75 9,75 -156,480 1639583503
1 1 13 -17,57 9,57 -156,541 1639583503
1 1 13 -17,32 9,50 -156,486 1639583504
1 1 13 -17,07 9,57 -156,437 1639583505
1 1 13 -16,89 9,75 -156,498 1639583505
1 1 14 -19,32 5,18 -156,535 1639583506
1 1 14 -18,82 5,18 -156,486 1639583506
1 1 14 -18,89 5,43 -156,523 1639583507
1 1 14 -19,07 5,61 -156,517 1639583507
1 1 14 -19,32 5,68 -156,858 1639583508
1 1 14 -19,57 5,61 -156,559 1639583508
1 1 14 -19,75 5,43 -156,437 1639583509
1 1 14 -19,82 5,18 -156,498 1639583509
1 1 14 -19,75 4,93 -156,511 1639583510
1 1 14 -19,57 4,74 -156,413 1639583510
1 1 14 -19,32 4,68 -156,468 1639583511
1 1 14 -19,07 4,74 -156,498 1639583511
1 1 14 -18,89 4,93 -156,517 1639583512
1 1 15 -12,56 3,36 -156,529 1639583512
1 1 15 -12,06 3,36 -156,547 1639583513
1 1 15 -12,12 3,61 -156,559 1639583513
1 1 15 -12,31 3,80 -156,517 1639583514
1 1 15 -12,56 3,86 -156,523 1639583515
1 1 15 -12,81 3,80 -156,498 1639583515
1 1 15 -12,99 3,61 -156,498 1639583515
1 1 15 -13,06 3,36 -156,498 1639583515
1 1 15 -12,99 3,11 -156,517 1639583516
1 1 15 -12,81 2,93 -156,565 1639583517
1 1 15 -12,56 2,86 -156,523 1639583517
1 1 15 -12,31 2,93 -156,486 1639583518
1 1 15 -12,12 3,11 -156,553 1639583518
1 1 16 -9,19 9,19 -156,462 1639583519
1 1 16 -8,69 9,19 -156,535 1639583519
1 1 16 -8,76 9,44 -156,523 1639583519
1 1 16 -8,94 9,63 -156,492 1639583520
1 1 16 -9,19 9,69 -156,523 1639583521
1 1 16 -9,44 9,63 -156,529 1639583522
1 1 16 -9,63 9,44 -156,474 1639583522
1 1 16 -9,69 9,19 -156,511 1639583522
1 1 16 -9,63 8,94 -156,529 1639583523
1 1 16 -9,44 8,76 -156,492 1639583523
1 1 16 -9,19 8,69 -156,474 1639583524
1 1 16 -8,94 8,76 -156,559 1639583524
1 1 16 -8,76 8,94 -156,511 1639583525
1 1 17 -3,36 12,56 -156,529 1639583525
1 1 17 -2,86 12,56 -156,529 1639583526
1 1 17 -2,93 12,81 -156,547 1639583526
1 1 17 -3,11 12,99 -156,498 1639583527
1 1 17 -3,36 13,06 -156,498 1639583527
1 1 17 -3,61 12,99 -156,486 1639583528
1 1 17 -3,80 12,81 -156,474 1639583528
1 1 17 -3,86 12,56 -156,425 1639583529
1 1 17 -3,80 12,31 -156,529 1639583530
1 1 17 -3,61 12,12 -156,523 1639583530
1 1 17 -3,36 12,06 -156,504 1639583530
1 1 17 -3,11 12,12 -156,559 1639583531
1 1 17 -2,93 12,31 -156,486 1639583531
1 1 18 -4,24 4,24 -156,456 1639583532
1 1 18 -3,74 4,24 -156,517 1639583533
1 1 18 -3,81 4,49 -156,474 1639583533
1 1 18 -3,99 4,68 -156,553 1639583534
1 1 18 -4,24 4,74 -156,468 1639583534
1 1 18 -4,49 4,68 -156,498 1639583535
1 1 18 -4,68 4,49 -156,559 1639583535
1 1 18 -4,74 4,24 -156,498 1639583536
1 1 18 -4,68 3,99 -156,553 1639583536
1 1 18 -4,49 3,81 -156,480 1639583537
1 1 18 -4,24 3,74 -156,590 1639583537
1 1 18 -3,99 3,81 -156,559 1639583538
1 1 18 -3,81 3,99 -156,474 1639583538
1 1 19 -4,24 -4,24 -156,498 1639583539
1 1 19 -3,74 -4,24 -156,547 1639583540
1 1 19 -3,81 -3,99 -156,462 1639583540
1 1 19 -3,99 -3,81 -156,553 1639583540
1 1 19 -4,24 -3,74 -156,498 1639583541
1 1 19 -4,49 -3,81 -156,529 1639583542
1 1 19 -4,68 -3,99 -156,504 1639583542
1 1 19 -4,74 -4,24 -156,523 1639583543
1 1 19 -4,68 -4,49 -156,535 1639583543
1 1 19 -4,49 -4,68 -156,565 1639583543
1 1 19 -4,24 -4,74 -156,578 1639583544
1 1 19 -3,99 -4,68 -156,523 1639583545
1 1 19 -3,81 -4,49 -156,468 1639583545
1 1 20 -3,36 -12,56 -156,492 1639583546
1 1 20 -2,86 -12,56 -156,541 1639583546
1 1 20 -2,93 -12,31 -156,498 1639583547
1 1 20 -3,11 -12,12 -156,559 1639583547
1 1 20 -3,36 -12,06 -156,517 1639583548
1 1 20 -3,61 -12,12 -156,511 1639583549
1 1 20 -3,80 -12,31 -156,529 1639583549
1 1 20 -3,86 -12,56 -156,504 1639583549
1 1 20 -3,80 -12,81 -156,523 1639583550
1 1 20 -3,61 -12,99 -156,529 1639583550
1 1 20 -3,36 -13,06 -156,492 1639583551
1 1 20 -3,11 -12,99 -156,504 1639583552
1 1 20 -2,93 -12,81 -156,474 1639583552
1 1 21 -9,19 -9,19 -156,498 1639583553
1 1 21 -8,69 -9,19 -156,486 1639583553
1 1 21 -8,76 -8,94 -156,498 1639583553
1 1 21 -8,94 -8,76 -156,468 1639583554
1 1 21 -9,19 -8,69 -156,462 1639583554
1 1 21 -9,44 -8,76 -156,511 1639583554
1 1 21 -9,63 -8,94 -156,535 1639583555
1 1 21 -9,69 -9,19 -156,523 1639583556
1 1 21 -9,63 -9,44 -156,523 1639583556
1 1 21 -9,44 -9,63 -156,486 1639583557
1 1 21 -9,19 -9,69 -156,492 1639583557
1 1 21 -8,94 -9,63 -156,504 1639583558
1 1 21 -8,76 -9,44 -156,498 1639583558
1 1 22 -12,56 -3,36 -156,523 1639583559
1 1 22 -12,06 -3,36 -156,504 1639583560
1 1 22 -12,12 -3,11 -156,443 1639583560
1 1 22 -12,31 -2,93 -156,480 1639583561
1 1 22 -12,56 -2,86 -156,498 1639583561
1 1 22 -12,81 -2,93 -156,511 1639583562
1 1 22 -12,99 -3,11 -156,486 1639583562
1 1 22 -13,06 -3,36 -156,486 1639583563
1 1 22 -12,99 -3,61 -156,498 1639583563
1 1 22 -12,81 -3,80 -156,462 1639583563
1 1 22 -12,56 -3,86 -156,498 1639583564
1 1 22 -12,31 -3,80 -156,523 1639583564
1 1 22 -12,12 -3,61 -156,541 1639583565
1 1 23 -19,32 -5,18 -156,462 1639583566
1 1 23 -18,82 -5,18 -156,474 1639583567
1 1 23 -18,89 -4,93 -156,529 1639583567
1 1 23 -19,07 -4,74 -156,517 1639583568
1 1 23 -19,32 -4,68 -156,449 1639583568
1 1 23 -19,57 -4,74 -156,462 1639583569
1 1 23 -19,75 -4,93 -156,523 1639583569
1 1 23 -19,82 -5,18 -156,877 1639583570
1 1 23 -19,75 -5,43 -156,633 1639583570
1 1 23 -19,57 -5,61 -156,480 1639583570
1 1 23 -19,32 -5,68 -156,443 1639583571
1 1 23 -19,07 -5,61 -156,431 1639583572
1 1 23 -18,89 -5,43 -156,456 1639583572
1 1 24 -17,32 -10,00 -156,541 1639583573
1 1 24 -16,82 -10,00 -156,517 1639583573
1 1 24 -16,89 -9,75 -156,529 1639583574
1 1 24 -17,07 -9,57 -156,504 1639583574
1 1 24 -17,32 -9,50 -156,486 1639583575
1 1 24 -17,57 -9,57 -156,498 1639583575
1 1 24 -17,75 -9,75 -156,456 1639583576
1 1 24 -17,82 -10,00 -156,407 1639583576
1 1 24 -17,75 -10,25 -156,504 1639583577
1 1 24 -17,57 -10,43 -156,468 1639583577
1 1 24 -17,32 -10,50 -156,504 1639583578
1 1 24 -17,07 -10,43 -156,559 1639583578
1 1 24 -16,89 -10,25 -156,541 1639583578
1 1 25 -14,14 -14,14 -156,498 1639583579
1 1 25 -13,64 -14,14 -156,492 1639583580
1 1 25 -13,71 -13,89 -156,565 1639583581
1 1 25 -13,89 -13,71 -156,511 1639583581
1 1 25 -14,14 -13,64 -156,498 1639583582
1 1 25 -14,39 -13,71 -156,553 1639583582
1 1 25 -14,58 -13,89 -156,504 1639583583
1 1 25 -14,64 -14,14 -156,492 1639583583
1 1 25 -14,58 -14,39 -156,511 1639583584
1 1 25 -14,39 -14,58 -156,517 1639583584
1 1 25 -14,14 -14,64 -156,553 1639583585
1 1 25 -13,89 -14,58 -156,511 1639583585
1 1 25 -13,71 -14,39 -156,590 1639583585
1 1 26 -10,00 -17,32 -156,486 1639583586
1 1 26 -9,50 -17,32 -156,486 1639583587
1 1 26 -9,57 -17,07 -156,529 1639583587
1 1 26 -9,75 -16,89 -156,498 1639583587
1 1 26 -10,00 -16,82 -156,480 1639583588
1 1 26 -10,25 -16,89 -156,468 1639583588
1 1 26 -10,43 -17,07 -156,535 1639583589
1 1 26 -10,50 -17,32 -156,498 1639583589
1 1 26 -10,43 -17,57 -156,620 1639583590
1 1 26 -10,25 -17,75 -156,553 1639583590
1 1 26 -10,00 -17,82 -156,498 1639583591
1 1 26 -9,75 -17,75 -156,547 1639583591
1 1 26 -9,57 -17,57 -156,529 1639583591
1 1 27 -5,18 -19,32 -156,474 1639583592
1 1 27 -4,68 -19,32 -156,462 1639583593
1 1 27 -4,74 -19,07 -156,486 1639583594
1 1 27 -4,93 -18,89 -156,480 1639583594
1 1 27 -5,18 -18,82 -156,462 1639583594
1 1 27 -5,43 -18,89 -156,462 1639583595
1 1 27 -5,61 -19,07 -156,523 1639583595
1 1 27 -5,68 -19,32 -156,523 1639583596
1 1 27 -5,61 -19,57 -156,504 1639583596
1 1 27 -5,43 -19,75 -156,523 1639583597
1 1 27 -5,18 -19,82 -156,462 1639583597
1 1 27 -4,93 -19,75 -156,511 1639583598
1 1 27 -4,74 -19,57 -156,523 1639583598
1 1 28 5,18 -19,32 -156,517 1639583599
1 1 28 5,68 -19,32 -156,480 1639583600
1 1 28 5,61 -19,07 -156,468 1639583600
1 1 28 5,43 -18,89 -156,541 1639583601
1 1 28 5,18 -18,82 -156,468 1639583601
1 1 28 4,93 -18,89 -156,584 1639583602
1 1 28 4,74 -19,07 -156,517 1639583602
1 1 28 4,68 -19,32 -156,578 1639583603
1 1 28 4,74 -19,57 -156,511 1639583603
1 1 28 4,93 -19,75 -156,523 1639583603
1 1 28 5,18 -19,82 -156,486 1639583604
1 1 28 5,43 -19,75 -156,449 1639583604
1 1 28 5,61 -19,57 -156,504 1639583605
1 1 29 10,00 -17,32 -156,504 1639583606
1 1 29 10,50 -17,32 -156,492 1639583606
1 1 29 10,43 -17,07 -156,559 1639583606
1 1 29 10,25 -16,89 -156,523 1639583607
1 1 29 10,00 -16,82 -156,498 1639583607
1 1 29 9,75 -16,89 -156,492 1639583607
1 1 29 9,57 -17,07 -156,474 1639583608
1 1 29 9,50 -17,32 -156,498 1639583609
1 1 29 9,57 -17,57 -156,517 1639583609
1 1 29 9,75 -17,75 -156,468 1639583609
1 1 29 10,00 -17,82 -156,529 1639583610
1 1 29 10,25 -17,75 -156,498 1639583611
1 1 29 10,43 -17,57 -156,498 1639583611
1 1 30 14,14 -14,14 -156,474 1639583612
1 1 30 14,64 -14,14 -156,559 1639583612
1 1 30 14,58 -13,89 -156,486 1639583612
1 1 30 14,39 -13,71 -156,486 1639583613
1 1 30 14,14 -13,64 -156,443 1639583614
1 1 30 13,89 -13,71 -156,443 1639583614
1 1 30 13,71 -13,89 -156,517 1639583615
1 1 30 13,64 -14,14 -156,541 1639583615
1 1 30 13,71 -14,39 -156,474 1639583616
1 1 30 13,89 -14,58 -156,498 1639583616
1 1 30 14,14 -14,64 -156,529 1639583617
1 1 30 14,39 -14,58 -156,547 1639583617
1 1 30 14,58 -14,39 -156,565 1639583618
1 1 31 17,32 -10,00 -156,492 1639583619
1 1 31 17,82 -10,00 -156,486 1639583619
1 1 31 17,75 -9,75 -156,529 1639583619
1 1 31 17,57 -9,57 -156,517 1639583620
1 1 31 17,32 -9,50 -156,498 1639583621
1 1 31 17,07 -9,57 -156,553 1639583621
1 1 31 16,89 -9,75 -156,517 1639583621
1 1 31 16,82 -10,00 -156,468 1639583622
1 1 31 16,89 -10,25 -156,474 1639583622
1 1 31 17,07 -10,43 -156,529 1639583623
1 1 31 17,32 -10,50 -156,498 1639583623
1 1 31 17,57 -10,43 -156,498 1639583624
1 1 31 17,75 -10,25 -156,529 1639583624
1 1 32 19,32 -5,18 -156,474 1639583625
1 1 32 19,82 -5,18 -156,529 1639583626
1 1 32 19,75 -4,93 -156,492 1639583626
1 1 32 19,57 -4,74 -156,523 1639583627
1 1 32 19,32 -4,68 -156,529 1639583627
1 1 32 19,07 -4,74 -156,480 1639583628
1 1 32 18,89 -4,93 -156,523 1639583628
1 1 32 18,82 -5,18 -156,535 1639583628
1 1 32 18,89 -5,43 -156,523 1639583629
1 1 32 19,07 -5,61 -156,535 1639583629
1 1 32 19,32 -5,68 -156,547 1639583629
1 1 32 19,57 -5,61 -156,511 1639583630
1 1 32 19,75 -5,43 -156,565 1639583630
1 1 33 12,56 -3,36 -156,449 1639583631
1 1 33 13,06 -3,36 -156,504 1639583632
1 1 33 12,99 -3,11 -156,535 1639583632
1 1 33 12,81 -2,93 -156,529 1639583633
1 1 33 12,56 -2,86 -156,474 1639583633
1 1 33 12,31 -2,93 -156,523 1639583634
1 1 33 12,12 -3,11 -156,498 1639583634
1 1 33 12,06 -3,36 -156,456 1639583635
1 1 33 12,12 -3,61 -156,529 1639583636
1 1 33 12,31 -3,80 -156,480 1639583636
1 1 33 12,56 -3,86 -156,498 1639583637
1 1 33 12,81 -3,80 -156,553 1639583637
1 1 33 12,99 -3,61 -156,572 1639583637
1 1 34 9,19 -9,19 -156,541 1639583638
1 1 34 9,69 -9,19 -156,523 1639583639
1 1 34 9,63 -8,94 -156,541 1639583640
1 1 34 9,44 -8,76 -156,541 1639583640
1 1 34 9,19 -8,69 -156,517 1639583640
1 1 34 8,94 -8,76 -156,529 1639583641
1 1 34 8,76 -8,94 -156,523 1639583641
1 1 34 8,69 -9,19 -156,553 1639583642
1 1 34 8,76 -9,44 -156,541 1639583643
1 1 34 8,94 -9,63 -156,486 1639583643
1 1 34 9,19 -9,69 -156,523 1639583643
1 1 34 9,44 -9,63 -156,553 1639583644
1 1 34 9,63 -9,44 -156,529 1639583645
1 1 35 3,36 -12,56 -156,498 1639583645
1 1 35 3,86 -12,56 -156,468 1639583646
1 1 35 3,80 -12,31 -156,480 1639583647
1 1 35 3,61 -12,12 -156,504 1639583647
1 1 35 3,36 -12,06 -156,443 1639583647
1 1 35 3,11 -12,12 -156,584 1639583648
1 1 35 2,93 -12,31 -156,523 1639583648
1 1 35 2,86 -12,56 -156,468 1639583649
1 1 35 2,93 -12,81 -156,395 1639583649
1 1 35 3,11 -12,99 -156,413 1639583650
1 1 35 3,36 -13,06 -156,474 1639583650
1 1 35 3,61 -12,99 -156,498 1639583651
1 1 35 3,80 -12,81 -156,480 1639583651
1 1 36 4,24 -4,24 -156,590 1639583652
1 1 36 4,74 -4,24 -156,547 1639583653
1 1 36 4,68 -3,99 -156,559 1639583653
1 1 36 4,49 -3,81 -156,211 1639583654
1 1 36 4,24 -3,74 -156,449 1639583654
1 1 36 3,99 -3,81 -156,492 1639583655
1 1 36 3,81 -3,99 -156,523 1639583655
1 1 36 3,74 -4,24 -156,498 1639583655
1 1 36 3,81 -4,49 -156,462 1639583656
1 1 36 3,99 -4,68 -156,492 1639583656
1 1 36 4,24 -4,74 -156,523 1639583656
1 1 36 4,49 -4,68 -156,498 1639583657
1 1 36 4,68 -4,49 -156,523 1639583657
1 1 37 27,00 0,00 -156,468 1639583659
1 1 37 27,50 0,00 -156,437 1639583659
1 1 37 27,43 0,25 -156,480 1639583660
1 1 37 27,25 0,43 -156,462 1639583660
1 1 37 27,00 0,50 -156,511 1639583661
1 1 37 26,75 0,43 -156,498 1639583661
1 1 37 26,57 0,25 -156,559 1639583662
1 1 37 26,50 0,00 -156,480 1639583662
1 1 37 26,57 -0,25 -156,559 1639583663
1 1 37 26,75 -0,43 -156,504 1639583663
1 1 37 27,00 -0,50 -156,474 1639583664
1 1 37 27,25 -0,43 -156,492 1639583665
1 1 37 27,43 -0,25 -156,498 1639583665
1 1 38 26,08 6,99 -156,449 1639583666
1 1 38 26,58 6,99 -156,492 1639583666
1 1 38 26,51 7,24 -156,529 1639583666
1 1 38 26,33 7,42 -156,456 1639583667
1 1 38 26,08 7,49 -156,486 1639583668
1 1 38 25,83 7,42 -156,498 1639583668
1 1 38 25,65 7,24 -156,498 1639583668
1 1 38 25,58 6,99 -156,456 1639583669
1 1 38 25,65 6,74 -156,443 1639583670
1 1 38 25,83 6,56 -156,486 1639583670
1 1 38 26,08 6,49 -156,456 1639583671
1 1 38 26,33 6,56 -156,437 1639583671
1 1 38 26,51 6,74 -156,468 1639583671
1 1 39 23,38 13,50 -156,437 1639583673
1 1 39 23,88 13,50 -156,572 1639583673
1 1 39 23,82 13,75 -156,511 1639583673
1 1 39 23,63 13,93 -156,511 1639583674
1 1 39 23,38 14,00 -156,492 1639583674
1 1 39 23,13 13,93 -156,541 1639583674
1 1 39 22,95 13,75 -156,401 1639583675
1 1 39 22,88 13,50 -156,443 1639583675
1 1 39 22,95 13,25 -156,437 1639583675
1 1 39 23,13 13,07 -156,486 1639583676
1 1 39 23,38 13,00 -156,437 1639583676
1 1 39 23,63 13,07 -156,596 1639583676
1 1 39 23,82 13,25 -156,498 1639583677
1 1 40 19,09 19,09 -156,504 1639583678
1 1 40 19,59 19,09 -156,492 1639583678
1 1 40 19,52 19,34 -156,511 1639583678
1 1 40 19,34 19,52 -156,480 1639583679
1 1 40 19,09 19,59 -156,468 1639583679
1 1 40 18,84 19,52 -156,517 1639583679
1 1 40 18,66 19,34 -156,523 1639583680
1 1 40 18,59 19,09 -156,535 1639583680
1 1 40 18,66 18,84 -156,474 1639583681
1 1 40 18,84 18,66 -156,523 1639583681
1 1 40 19,09 18,59 -156,474 1639583682
1 1 40 19,34 18,66 -156,486 1639583682
1 1 40 19,52 18,84 -156,529 1639583683
1 1 41 13,50 23,38 -156,498 1639583684
1 1 41 14,00 23,38 -156,462 1639583684
1 1 41 13,93 23,63 -156,523 1639583685
1 1 41 13,75 23,82 -156,492 1639583685
1 1 41 13,50 23,88 -156,529 1639583686
1 1 41 13,25 23,82 -156,517 1639583686
1 1 41 13,07 23,63 -156,498 1639583687
1 1 41 13,00 23,38 -156,535 1639583687
1 1 41 13,07 23,13 -156,517 1639583687
1 1 41 13,25 22,95 -156,468 1639583688
1 1 41 13,50 22,88 -156,511 1639583688
1 1 41 13,75 22,95 -156,529 1639583689
1 1 41 13,93 23,13 -156,511 1639583689
1 1 42 6,99 26,08 -156,480 1639583690
1 1 42 7,49 26,08 -156,498 1639583690
1 1 42 7,42 26,33 -156,462 1639583691
1 1 42 7,24 26,51 -156,523 1639583691
1 1 42 6,99 26,58 -156,572 1639583692
1 1 42 6,74 26,51 -156,498 1639583693
1 1 42 6,56 26,33 -156,498 1639583693
1 1 42 6,49 26,08 -156,523 1639583693
1 1 42 6,56 25,83 -156,498 1639583694
1 1 42 6,74 25,65 -156,535 1639583694
1 1 42 6,99 25,58 -156,468 1639583695
1 1 42 7,24 25,65 -156,474 1639583695
1 1 42 7,42 25,83 -156,492 1639583696
1 1 43 0,00 27,00 -156,511 1639583697
1 1 43 0,50 27,00 -156,535 1639583697
1 1 43 0,43 27,25 -156,462 1639583698
1 1 43 0,25 27,43 -156,553 1639583698
1 1 43 0,00 27,50 -156,517 1639583699
1 1 43 -0,25 27,43 -156,559 1639583699
1 1 43 -0,43 27,25 -156,492 1639583700
1 1 43 -0,50 27,00 -156,559 1639583700
1 1 43 -0,43 26,75 -156,504 1639583701
1 1 43 -0,25 26,57 -156,468 1639583701
1 1 43 0,00 26,50 -156,541 1639583702
1 1 43 0,25 26,57 -156,517 1639583702
1 1 43 0,43 26,75 -156,517 1639583703
1 1 44 -6,99 26,08 -156,468 1639583704
1 1 44 -6,49 26,08 -156,468 1639583704
1 1 44 -6,56 26,33 -156,529 1639583704
1 1 44 -6,74 26,51 -156,498 1639583705
1 1 44 -6,99 26,58 -156,498 1639583705
1 1 44 -7,24 26,51 -156,492 1639583706
1 1 44 -7,42 26,33 -156,480 1639583706
1 1 44 -7,49 26,08 -156,474 1639583707
1 1 44 -7,42 25,83 -156,474 1639583707
1 1 44 -7,24 25,65 -156,480 1639583708
1 1 44 -6,99 25,58 -156,535 1639583708
1 1 44 -6,74 25,65 -156,523 1639583709
1 1 44 -6,56 25,83 -156,559 1639583709
1 1 45 -13,50 23,38 -156,498 1639583710
1 1 45 -13,00 23,38 -156,511 1639583711
1 1 45 -13,07 23,63 -156,511 1639583711
1 1 45 -13,25 23,82 -156,523 1639583712
1 1 45 -13,50 23,88 -156,529 1639583712
1 1 45 -13,75 23,82 -156,498 1639583713
1 1 45 -13,93 23,63 -156,474 1639583713
1 1 45 -14,00 23,38 -156,498 1639583714
1 1 45 -13,93 23,13 -156,480 1639583715
1 1 45 -13,75 22,95 -156,523 1639583715
1 1 45 -13,50 22,88 -156,523 1639583715
1 1 45 -13,25 22,95 -156,517 1639583716
1 1 45 -13,07 23,13 -156,492 1639583716
1 1 46 -19,09 19,09 -156,486 1639583717
1 1 46 -18,59 19,09 -156,486 1639583717
1 1 46 -18,66 19,34 -156,565 1639583718
1 1 46 -18,84 19,52 -156,529 1639583718
1 1 46 -19,09 19,59 -156,523 1639583718
1 1 46 -19,34 19,52 -156,523 1639583719
1 1 46 -19,52 19,34 -156,486 1639583720
1 1 46 -19,59 19,09 -156,523 1639583720
1 1 46 -19,52 18,84 -156,541 1639583721
1 1 46 -19,34 18,66 -156,504 1639583721
1 1 46 -19,09 18,59 -156,468 1639583722
1 1 46 -18,84 18,66 -156,492 1639583722
1 1 46 -18,66 18,84 -156,486 1639583722
1 1 47 -23,38 13,50 -156,504 1639583723
1 1 47 -22,88 13,50 -156,523 1639583724
1 1 47 -22,95 13,75 -156,492 1639583725
1 1 47 -23,13 13,93 -156,474 1639583725
1 1 47 -23,38 14,00 -156,523 1639583725
1 1 47 -23,63 13,93 -156,498 1639583726
1 1 47 -23,82 13,75 -156,486 1639583726
1 1 47 -23,88 13,50 -156,559 1639583727
1 1 47 -23,82 13,25 -156,498 1639583727
1 1 47 -23,63 13,07 -156,523 1639583728
1 1 47 -23,38 13,00 -156,504 1639583728
1 1 47 -23,13 13,07 -156,523 1639583729
1 1 47 -22,95 13,25 -156,456 1639583729
1 1 48 -26,08 6,99 -156,572 1639583730
1 1 48 -25,58 6,99 -156,523 1639583731
1 1 48 -25,65 7,24 -156,498 1639583731
1 1 48 -25,83 7,42 -156,541 1639583731
1 1 48 -26,08 7,49 -156,498 1639583732
1 1 48 -26,33 7,42 -156,529 1639583733
1 1 48 -26,51 7,24 -156,462 1639583733
1 1 48 -26,58 6,99 -156,529 1639583733
1 1 48 -26,51 6,74 -156,504 1639583734
1 1 48 -26,33 6,56 -156,511 1639583734
1 1 48 -26,08 6,49 -156,529 1639583735
1 1 48 -25,83 6,56 -156,492 1639583736
1 1 48 -25,65 6,74 -156,492 1639583736
1 1 49 -27,00 0,00 -156,517 1639583737
1 1 49 -26,50 0,00 -156,462 1639583737
1 1 49 -26,57 0,25 -156,449 1639583737
1 1 49 -26,75 0,43 -156,523 1639583738
1 1 49 -27,00 0,50 -156,511 1639583739
1 1 49 -27,25 0,43 -156,443 1639583739
1 1 49 -27,43 0,25 -156,486 1639583740
1 1 49 -27,50 0,00 -156,456 1639583740
1 1 49 -27,43 -0,25 -156,437 1639583741
1 1 49 -27,25 -0,43 -156,413 1639583741
1 1 49 -27,00 -0,50 -156,511 1639583742
1 1 49 -26,75 -0,43 -156,529 1639583742
1 1 49 -26,57 -0,25 -156,474 1639583742
1 1 50 -26,08 -6,99 -156,480 1639583744
1 1 50 -25,58 -6,99 -156,517 1639583744
1 1 50 -25,65 -6,74 -156,523 1639583745
1 1 50 -25,83 -6,56 -156,462 1639583745
1 1 50 -26,08 -6,49 -156,541 1639583746
1 1 50 -26,33 -6,56 -156,462 1639583746
1 1 50 -26,51 -6,74 -156,480 1639583746
1 1 50 -26,58 -6,99 -156,517 1639583747
1 1 50 -26,51 -7,24 -156,523 1639583747
1 1 50 -26,33 -7,42 -156,523 1639583747
1 1 50 -26,08 -7,49 -156,492 1639583748
1 1 50 -25,83 -7,42 -156,529 1639583748
1 1 50 -25,65 -7,24 -156,498 1639583749
1 1 51 -23,38 -13,50 -156,529 1639583750
1 1 51 -22,88 -13,50 -156,523 1639583750
1 1 51 -22,95 -13,25 -156,462 1639583750
1 1 51 -23,13 -13,07 -156,541 1639583751
1 1 51 -23,38 -13,00 -156,517 1639583751
1 1 51 -23,63 -13,07 -156,504 1639583752
1 1 51 -23,82 -13,25 -156,486 1639583752
1 1 51 -23,88 -13,50 -156,547 1639583752
1 1 51 -23,82 -13,75 -156,492 1639583753
1 1 51 -23,63 -13,93 -156,523 1639583753
1 1 51 -23,38 -14,00 -156,511 1639583753
1 1 51 -23,13 -13,93 -156,559 1639583754
1 1 51 -22,95 -13,75 -156,431 1639583754
1 1 52 -19,09 -19,09 -156,480 1639583755
1 1 52 -18,59 -19,09 -156,517 1639583755
1 1 52 -18,66 -18,84 -156,529 1639583756
1 1 52 -18,84 -18,66 -156,498 1639583756
1 1 52 -19,09 -18,59 -156,541 1639583756
1 1 52 -19,34 -18,66 -156,529 1639583757
1 1 52 -19,52 -18,84 -156,504 1639583758
1 1 52 -19,59 -19,09 -156,541 1639583758
1 1 52 -19,52 -19,34 -156,498 1639583759
1 1 52 -19,34 -19,52 -156,498 1639583759
1 1 52 -19,09 -19,59 -156,456 1639583760
1 1 52 -18,84 -19,52 -156,480 1639583760
1 1 52 -18,66 -19,34 -156,523 1639583761
1 1 53 -13,50 -23,38 -156,492 1639583761
1 1 53 -13,00 -23,38 -156,511 1639583762
1 1 53 -13,07 -23,13 -156,559 1639583763
1 1 53 -13,25 -22,95 -156,590 1639583763
1 1 53 -13,50 -22,88 -156,498 1639583764
1 1 53 -13,75 -22,95 -156,468 1639583764
1 1 53 -13,93 -23,13 -156,468 1639583764
1 1 53 -14,00 -23,38 -156,572 1639583765
1 1 53 -13,93 -23,63 -156,523 1639583765
1 1 53 -13,75 -23,82 -156,474 1639583766
1 1 53 -13,50 -23,88 -156,529 1639583766
1 1 53 -13,25 -23,82 -156,486 1639583767
1 1 53 -13,07 -23,63 -156,590 1639583767
1 1 54 -6,99 -26,08 -156,492 1639583768
1 1 54 -6,49 -26,08 -156,480 1639583768
1 1 54 -6,56 -25,83 -156,498 1639583769
1 1 54 -6,74 -25,65 -156,535 1639583769
1 1 54 -6,99 -25,58 -156,504 1639583769
1 1 54 -7,24 -25,65 -156,480 1639583770
1 1 54 -7,42 -25,83 -156,578 1639583770
1 1 54 -7,49 -26,08 -156,529 1639583771
1 1 54 -7,42 -26,33 -156,602 1639583772
1 1 54 -7,24 -26,51 -156,443 1639583772
1 1 54 -6,99 -26,58 -156,559 1639583772
1 1 54 -6,74 -26,51 -156,559 1639583773
1 1 54 -6,56 -26,33 -156,511 1639583773
1 1 55 -0,00 -27,00 -156,462 1639583774
1 1 55 0,50 -27,00 -156,468 1639583775
1 1 55 0,43 -26,75 -156,498 1639583775
1 1 55 0,25 -26,57 -156,474 1639583775
1 1 55 -0,00 -26,50 -156,498 1639583776
1 1 55 -0,25 -26,57 -156,486 1639583776
1 1 55 -0,43 -26,75 -156,614 1639583776
1 1 55 -0,50 -27,00 -156,468 1639583777
1 1 55 -0,43 -27,25 -156,480 1639583777
1 1 55 -0,25 -27,43 -156,572 1639583778
1 1 55 -0,00 -27,50 -156,511 1639583778
1 1 55 0,25 -27,43 -156,486 1639583779
1 1 55 0,43 -27,25 -156,462 1639583779
1 1 56 6,99 -26,08 -156,559 1639583780
1 1 56 7,49 -26,08 -156,511 1639583781
1 1 56 7,42 -25,83 -156,486 1639583781
1 1 56 7,24 -25,65 -156,547 1639583782
1 1 56 6,99 -25,58 -156,449 1639583782
1 1 56 6,74 -25,65 -156,468 1639583783
1 1 56 6,56 -25,83 -156,498 1639583783
1 1 56 6,49 -26,08 -156,486 1639583783
1 1 56 6,56 -26,33 -156,498 1639583784
1 1 56 6,74 -26,51 -156,474 1639583785
1 1 56 6,99 -26,58 -156,541 1639583785
1 1 56 7,24 -26,51 -156,498 1639583786
1 1 56 7,42 -26,33 -156,498 1639583786
1 1 57 13,50 -23,38 -156,474 1639583787
1 1 57 14,00 -23,38 -156,517 1639583787
1 1 57 13,93 -23,13 -156,492 1639583788
1 1 57 13,75 -22,95 -156,474 1639583788
1 1 57 13,50 -22,88 -156,468 1639583789
1 1 57 13,25 -22,95 -156,517 1639583789
1 1 57 13,07 -23,13 -156,498 1639583790
1 1 57 13,00 -23,38 -156,456 1639583790
1 1 57 13,07 -23,63 -156,535 1639583791
1 1 57 13,25 -23,82 -156,492 1639583791
1 1 57 13,50 -23,88 -156,462 1639583792
1 1 57 13,75 -23,82 -156,517 1639583792
1 1 57 13,93 -23,63 -156,517 1639583792
1 1 58 19,09 -19,09 -156,468 1639583793
1 1 58 19,59 -19,09 -156,529 1639583794
1 1 58 19,52 -18,84 -156,498 1639583794
1 1 58 19,34 -18,66 -156,504 1639583795
1 1 58 19,09 -18,59 -156,541 1639583795
1 1 58 18,84 -18,66 -156,449 1639583796
1 1 58 18,66 -18,84 -156,523 1639583796
1 1 58 18,59 -19,09 -156,480 1639583797
1 1 58 18,66 -19,34 -156,498 1639583797
1 1 58 18,84 -19,52 -156,535 1639583797
1 1 58 19,09 -19,59 -156,504 1639583798
1 1 58 19,34 -19,52 -156,474 1639583799
1 1 58 19,52 -19,34 -156,492 1639583799
1 1 59 23,38 -13,50 -156,517 1639583800
1 1 59 23,88 -13,50 -156,468 1639583800
1 1 59 23,82 -13,25 -156,462 1639583800
1 1 59 23,63 -13,07 -156,492 1639583801
1 1 59 23,38 -13,00 -156,462 1639583802
1 1 59 23,13 -13,07 -156,462 1639583802
1 1 59 22,95 -13,25 -156,401 1639583802
1 1 59 22,88 -13,50 -156,456 1639583803
1 1 59 22,95 -13,75 -156,437 1639583803
1 1 59 23,13 -13,93 -156,462 1639583804
1 1 59 23,38 -14,00 -156,474 1639583805
1 1 59 23,63 -13,93 -156,419 1639583805
1 1 59 23,82 -13,75 -156,449 1639583806
1 1 60 26,08 -6,99 -156,511 1639583807
1 1 60 26,58 -6,99 -156,462 1639583807
1 1 60 26,51 -6,74 -156,565 1639583807
1 1 60 26,33 -6,56 -156,517 1639583808
1 1 60 26,08 -6,49 -156,413 1639583808
1 1 60 25,83 -6,56 -156,462 1639583808
1 1 60 25,65 -6,74 -156,468 1639583809
1 1 60 25,58 -6,99 -156,456 1639583809
1 1 60 25,65 -7,24 -156,498 1639583809
1 1 60 25,83 -7,42 -156,492 1639583810
1 1 60 26,08 -7,49 -156,474 1639583811
1 1 60 26,33 -7,42 -156,480 1639583811
1 1 60 26,51 -7,24 -156,523 1639583812
