1 1 1 4,24 4,24 -156,413 1639577846
1 1 1 4,74 4,24 -156,431 1639577846
1 1 1 4,68 4,49 -156,443 1639577846
1 1 1 4,49 4,68 -156,462 1639577847
1 1 1 4,24 4,74 -156,382 1639577847
1 1 1 3,99 4,68 -156,413 1639577848
1 1 1 3,81 4,49 -156,413 1639577848
1 1 1 3,74 4,24 -156,364 1639577849
1 1 1 3,81 3,99 -156,407 1639577850
1 1 1 3,99 3,81 -156,388 1639577850
1 1 1 4,24 3,74 -156,425 1639577850
1 1 1 4,49 3,81 -156,462 1639577851
1 1 1 4,68 3,99 -156,462 1639577851
1 1 2 3,36 12,56 -156,388 1639577852
1 1 2 3,86 12,56 -156,382 1639577853
1 1 2 3,80 12,81 -156,388 1639577853
1 1 2 3,61 12,99 -156,437 1639577854
1 1 2 3,36 13,06 -156,449 1639577854
1 1 2 3,11 12,99 -156,468 1639577855
1 1 2 2,93 12,81 -156,431 1639577855
1 1 2 2,86 12,56 -156,437 1639577856
1 1 2 2,93 12,31 -156,437 1639577856
1 1 2 3,11 12,12 -156,462 1639577857
1 1 2 3,36 12,06 -156,376 1639577857
1 1 2 3,61 12,12 -156,364 1639577858
1 1 2 3,80 12,31 -156,388 1639577858
1 1 3 9,19 9,19 -156,443 1639577859
1 1 3 9,69 9,19 -156,358 1639577860
1 1 3 9,63 9,44 -156,407 1639577860
1 1 3 9,44 9,63 -156,382 1639577860
1 1 3 9,19 9,69 -156,407 1639577861
1 1 3 8,94 9,63 -156,449 1639577861
1 1 3 8,76 9,44 -156,443 1639577862
1 1 3 8,69 9,19 -156,468 1639577862
1 1 3 8,76 8,94 -156,437 1639577862
1 1 3 8,94 8,76 -156,443 1639577863
1 1 3 9,19 8,69 -156,437 1639577863
1 1 3 9,44 8,76 -156,395 1639577863
1 1 3 9,63 8,94 -156,437 1639577864
1 1 4 12,56 3,36 -156,462 1639577865
1 1 4 13,06 3,36 -156,352 1639577866
1 1 4 12,99 3,61 -156,395 1639577866
1 1 4 12,81 3,80 -156,492 1639577866
1 1 4 12,56 3,86 -156,498 1639577867
1 1 4 12,31 3,80 -156,437 1639577868
1 1 4 12,12 3,61 -156,480 1639577868
1 1 4 12,06 3,36 -156,468 1639577869
1 1 4 12,12 3,11 -156,498 1639577869
1 1 4 12,31 2,93 -156,425 1639577869
1 1 4 12,56 2,86 -156,413 1639577870
1 1 4 12,81 2,93 -156,395 1639577871
1 1 4 12,99 3,11 -156,468 1639577871
1 1 5 19,32 5,18 -156,413 1639577872
1 1 5 19,82 5,18 -156,468 1639577872
1 1 5 19,75 5,43 -156,437 1639577872
1 1 5 19,57 5,61 -156,407 1639577873
1 1 5 19,32 5,68 -156,419 1639577873
1 1 5 19,07 5,61 -156,443 1639577873
1 1 5 18,89 5,43 -156,437 1639577874
1 1 5 18,82 5,18 -156,443 1639577875
1 1 5 18,89 4,93 -156,395 1639577875
1 1 5 19,07 4,74 -156,291 1639577876
1 1 5 19,32 4,68 -156,468 1639577876
1 1 5 19,57 4,74 -156,334 1639577877
1 1 5 19,75 4,93 -156,407 1639577877
1 1 6 17,32 10,00 -156,370 1639577878
1 1 6 17,82 10,00 -156,413 1639577878
1 1 6 17,75 10,25 -156,370 1639577879
1 1 6 17,57 10,43 -156,346 1639577879
1 1 6 17,32 10,50 -156,401 1639577880
1 1 6 17,07 10,43 -156,364 1639577880
1 1 6 16,89 10,25 -156,468 1639577881
1 1 6 16,82 10,00 -156,480 1639577881
1 1 6 16,89 9,75 -156,382 1639577881
1 1 6 17,07 9,57 -156,437 1639577882
1 1 6 17,32 9,50 -156,437 1639577883
1 1 6 17,57 9,57 -156,443 1639577883
1 1 6 17,75 9,75 -156,449 1639577884
1 1 7 14,14 14,14 -156,395 1639577884
1 1 7 14,64 14,14 -156,413 1639577885
1 1 7 14,58 14,39 -156,449 1639577885
1 1 7 14,39 14,58 -156,407 1639577886
1 1 7 14,14 14,64 -156,401 1639577886
1 1 7 13,89 14,58 -156,431 1639577887
1 1 7 13,71 14,39 -156,437 1639577887
1 1 7 13,64 14,14 -156,327 1639577888
1 1 7 13,71 13,89 -156,395 1639577888
1 1 7 13,89 13,71 -156,443 1639577888
1 1 7 14,14 13,64 -156,388 1639577889
1 1 7 14,39 13,71 -156,352 1639577890
1 1 7 14,58 13,89 -156,413 1639577890
1 1 8 10,00 17,32 -156,443 1639577891
1 1 8 10,50 17,32 -156,437 1639577891
1 1 8 10,43 17,57 -156,474 1639577891
1 1 8 10,25 17,75 -156,327 1639577892
1 1 8 10,00 17,82 -156,468 1639577893
1 1 8 9,75 17,75 -156,431 1639577893
1 1 8 9,57 17,57 -156,419 1639577893
1 1 8 9,50 17,32 -156,462 1639577894
1 1 8 9,57 17,07 -156,474 1639577895
1 1 8 9,75 16,89 -156,468 1639577895
1 1 8 10,00 16,82 -156,395 1639577895
1 1 8 10,25 16,89 -156,413 1639577896
1 1 8 10,43 17,07 -156,462 1639577896
1 1 9 5,18 19,32 -156,443 1639577897
1 1 9 5,68 19,32 -156,462 1639577897
1 1 9 5,61 19,57 -156,395 1639577898
1 1 9 5,43 19,75 -156,498 1639577898
1 1 9 5,18 19,82 -156,443 1639577898
1 1 9 4,93 19,75 -156,486 1639577899
1 1 9 4,74 19,57 -156,376 1639577899
1 1 9 4,68 19,32 -156,303 1639577899
1 1 9 4,74 19,07 -156,321 1639577900
1 1 9 4,93 18,89 -156,376 1639577900
1 1 9 5,18 18,82 -156,462 1639577900
1 1 9 5,43 18,89 -156,456 1639577901
1 1 9 5,61 19,07 -156,462 1639577901
1 1 10 -5,18 19,32 -156,407 1639577903
1 1 10 -4,68 19,32 -156,352 1639577903
1 1 10 -4,74 19,57 -156,401 1639577904
1 1 10 -4,93 19,75 -156,419 1639577904
1 1 10 -5,18 19,82 -156,498 1639577905
1 1 10 -5,43 19,75 -156,401 1639577905
1 1 10 -5,61 19,57 -156,346 1639577905
1 1 10 -5,68 19,32 -156,382 1639577906
1 1 10 -5,61 19,07 -156,395 1639577906
1 1 10 -5,43 18,89 -156,358 1639577907
1 1 10 -5,18 18,82 -156,352 1639577908
1 1 10 -4,93 18,89 -156,437 1639577908
1 1 10 -4,74 19,07 -156,401 1639577909
1 1 11 -10,00 17,32 -156,364 1639577909
1 1 11 -9,50 17,32 -156,431 1639577910
1 1 11 -9,57 17,57 -156,443 1639577910
1 1 11 -9,75 17,75 -156,419 1639577911
1 1 11 -10,00 17,82 -156,413 1639577911
1 1 11 -10,25 17,75 -156,376 1639577912
1 1 11 -10,43 17,57 -156,437 1639577912
1 1 11 -10,50 17,32 -156,352 1639577913
1 1 11 -10,43 17,07 -156,407 1639577913
1 1 11 -10,25 16,89 -156,346 1639577914
1 1 11 -10,00 16,82 -156,401 1639577914
1 1 11 -9,75 16,89 -156,456 1639577915
1 1 11 -9,57 17,07 -156,486 1639577915
1 1 12 -14,14 14,14 -156,474 1639577916
1 1 12 -13,64 14,14 -156,382 1639577916
1 1 12 -13,71 14,39 -156,480 1639577916
1 1 12 -13,89 14,58 -156,419 1639577917
1 1 12 -14,14 14,64 -156,468 1639577917
1 1 12 -14,39 14,58 -156,468 1639577918
1 1 12 -14,58 14,39 -156,431 1639577918
1 1 12 -14,64 14,14 -156,468 1639577919
1 1 12 -14,58 13,89 -156,437 1639577919
1 1 12 -14,39 13,71 -156,456 1639577920
1 1 12 -14,14 13,64 -156,468 1639577920
1 1 12 -13,89 13,71 -156,327 1639577921
1 1 12 -13,71 13,89 -156,437 1639577921
1 1 13 -17,32 10,00 -156,376 1639577922
1 1 13 -16,82 10,00 -156,437 1639577922
1 1 13 -16,89 10,25 -156,395 1639577922
1 1 13 -17,07 10,43 -156,346 1639577923
1 1 13 -17,32 10,50 -156,382 1639577923
1 1 13 -17,57 10,43 -156,443 1639577924
1 1 13 -17,75 10,25 -156,370 1639577924
1 1 13 -17,82 10,00 -156,456 1639577925
1 1 13 -17,75 9,75 -156,358 1639577925
1 1 13 -17,57 9,57 -156,352 1639577926
1 1 13 -17,32 9,50 -156,407 1639577926
1 1 13 -17,07 9,57 -156,443 1639577927
1 1 13 -16,89 9,75 -156,443 1639577927
1 1 14 -19,32 5,18 -156,395 1639577928
1 1 14 -18,82 5,18 -156,407 1639577929
1 1 14 -18,89 5,43 -156,370 1639577929
1 1 14 -19,07 5,61 -156,437 1639577930
1 1 14 -19,32 5,68 -156,334 1639577930
1 1 14 -19,57 5,61 -156,437 1639577931
1 1 14 -19,75 5,43 -156,352 1639577931
1 1 14 -19,82 5,18 -156,346 1639577932
1 1 14 -19,75 4,93 -156,437 1639577932
1 1 14 -19,57 4,74 -156,358 1639577932
1 1 14 -19,32 4,68 -156,364 1639577933
1 1 14 -19,07 4,74 -156,388 1639577934
1 1 14 -18,89 4,93 -156,370 1639577934
1 1 15 -12,56 3,36 -156,456 1639577935
1 1 15 -12,06 3,36 -156,401 1639577935
1 1 15 -12,12 3,61 -156,346 1639577936
1 1 15 -12,31 3,80 -156,474 1639577936
1 1 15 -12,56 3,86 -156,327 1639577937
1 1 15 -12,81 3,80 -156,364 1639577937
1 1 15 -12,99 3,61 -156,443 1639577938
1 1 15 -13,06 3,36 -156,413 1639577938
1 1 15 -12,99 3,11 -156,413 1639577939
1 1 15 -12,81 2,93 -156,407 1639577939
1 1 15 -12,56 2,86 -156,407 1639577940
1 1 15 -12,31 2,93 -156,395 1639577940
1 1 15 -12,12 3,11 -156,462 1639577941
1 1 16 -9,19 9,19 -156,388 1639577942
1 1 16 -8,69 9,19 -156,449 1639577942
1 1 16 -8,76 9,44 -156,443 1639577943
1 1 16 -8,94 9,63 -156,456 1639577943
1 1 16 -9,19 9,69 -156,413 1639577944
1 1 16 -9,44 9,63 -156,413 1639577944
1 1 16 -9,63 9,44 -156,486 1639577945
1 1 16 -9,69 9,19 -156,437 1639577945
1 1 16 -9,63 8,94 -156,474 1639577946
1 1 16 -9,44 8,76 -156,407 1639577946
1 1 16 -9,19 8,69 -156,425 1639577947
1 1 16 -8,94 8,76 -156,413 1639577947
1 1 16 -8,76 8,94 -156,492 1639577947
1 1 17 -3,36 12,56 -156,413 1639577948
1 1 17 -2,86 12,56 -156,401 1639577949
1 1 17 -2,93 12,81 -156,437 1639577949
1 1 17 -3,11 12,99 -156,334 1639577949
1 1 17 -3,36 13,06 -156,425 1639577950
1 1 17 -3,61 12,99 -156,370 1639577951
1 1 17 -3,80 12,81 -156,376 1639577951
1 1 17 -3,86 12,56 -156,431 1639577951
1 1 17 -3,80 12,31 -156,352 1639577952
1 1 17 -3,61 12,12 -156,401 1639577952
1 1 17 -3,36 12,06 -156,443 1639577953
1 1 17 -3,11 12,12 -156,370 1639577954
1 1 17 -2,93 12,31 -156,358 1639577954
1 1 18 -4,24 4,24 -156,480 1639577955
1 1 18 -3,74 4,24 -156,462 1639577955
1 1 18 -3,81 4,49 -156,431 1639577956
1 1 18 -3,99 4,68 -156,443 1639577956
1 1 18 -4,24 4,74 -156,413 1639577957
1 1 18 -4,49 4,68 -156,364 1639577957
1 1 18 -4,68 4,49 -156,334 1639577958
1 1 18 -4,74 4,24 -156,449 1639577958
1 1 18 -4,68 3,99 -156,395 1639577959
1 1 18 -4,49 3,81 -156,413 1639577959
1 1 18 -4,24 3,74 -156,486 1639577960
1 1 18 -3,99 3,81 -156,437 1639577961
1 1 18 -3,81 3,99 -156,431 1639577961
1 1 19 -4,24 -4,24 -156,401 1639577962
1 1 19 -3,74 -4,24 -156,437 1639577962
1 1 19 -3,81 -3,99 -156,419 1639577963
1 1 19 -3,99 -3,81 -156,456 1639577963
1 1 19 -4,24 -3,74 -156,456 1639577964
1 1 19 -4,49 -3,81 -156,413 1639577964
1 1 19 -4,68 -3,99 -156,492 1639577965
1 1 19 -4,74 -4,24 -156,431 1639577965
1 1 19 -4,68 -4,49 -156,407 1639577966
1 1 19 -4,49 -4,68 -156,388 1639577966
1 1 19 -4,24 -4,74 -156,419 1639577967
1 1 19 -3,99 -4,68 -156,437 1639577967
1 1 19 -3,81 -4,49 -156,413 1639577968
1 1 20 -3,36 -12,56 -156,437 1639577969
1 1 20 -2,86 -12,56 -156,370 1639577969
1 1 20 -2,93 -12,31 -156,437 1639577970
1 1 20 -3,11 -12,12 -156,431 1639577970
1 1 20 -3,36 -12,06 -156,388 1639577971
1 1 20 -3,61 -12,12 -156,437 1639577971
1 1 20 -3,80 -12,31 -156,370 1639577972
1 1 20 -3,86 -12,56 -156,382 1639577972
1 1 20 -3,80 -12,81 -156,413 1639577973
1 1 20 -3,61 -12,99 -156,327 1639577973
1 1 20 -3,36 -13,06 -156,480 1639577974
1 1 20 -3,11 -12,99 -156,346 1639577974
1 1 20 -2,93 -12,81 -156,437 1639577975
1 1 21 -9,19 -9,19 -156,388 1639577975
1 1 21 -8,69 -9,19 -156,413 1639577976
1 1 21 -8,76 -8,94 -156,468 1639577977
1 1 21 -8,94 -8,76 -156,321 1639577977
1 1 21 -9,19 -8,69 -156,413 1639577977
1 1 21 -9,44 -8,76 -156,407 1639577978
1 1 21 -9,63 -8,94 -156,352 1639577978
1 1 21 -9,69 -9,19 -156,425 1639577979
1 1 21 -9,63 -9,44 -156,364 1639577979
1 1 21 -9,44 -9,63 -156,443 1639577980
1 1 21 -9,19 -9,69 -156,358 1639577980
1 1 21 -8,94 -9,63 -156,388 1639577981
1 1 21 -8,76 -9,44 -156,419 1639577981
1 1 22 -12,56 -3,36 -156,407 1639577982
1 1 22 -12,06 -3,36 -156,358 1639577983
1 1 22 -12,12 -3,11 -156,327 1639577983
1 1 22 -12,31 -2,93 -156,468 1639577983
1 1 22 -12,56 -2,86 -156,407 1639577984
1 1 22 -12,81 -2,93 -156,370 1639577985
1 1 22 -12,99 -3,11 -156,431 1639577985
1 1 22 -13,06 -3,36 -156,315 1639577985
1 1 22 -12,99 -3,61 -156,297 1639577986
1 1 22 -12,81 -3,80 -156,633 1639577986
1 1 22 -12,56 -3,86 -156,462 1639577987
1 1 22 -12,31 -3,80 -156,431 1639577987
1 1 22 -12,12 -3,61 -156,407 1639577988
1 1 23 -19,32 -5,18 -156,413 1639577989
1 1 23 -18,82 -5,18 -156,431 1639577989
1 1 23 -18,89 -4,93 -156,407 1639577990
1 1 23 -19,07 -4,74 -156,388 1639577990
1 1 23 -19,32 -4,68 -156,443 1639577991
1 1 23 -19,57 -4,74 -156,449 1639577991
1 1 23 -19,75 -4,93 -156,401 1639577992
1 1 23 -19,82 -5,18 -156,358 1639577992
1 1 23 -19,75 -5,43 -156,388 1639577993
1 1 23 -19,57 -5,61 -156,474 1639577993
1 1 23 -19,32 -5,68 -156,376 1639577994
1 1 23 -19,07 -5,61 -156,431 1639577994
1 1 23 -18,89 -5,43 -156,431 1639577995
1 1 24 -17,32 -10,00 -156,413 1639577996
1 1 24 -16,82 -10,00 -156,401 1639577996
1 1 24 -16,89 -9,75 -156,388 1639577997
1 1 24 -17,07 -9,57 -156,437 1639577997
1 1 24 -17,32 -9,50 -156,456 1639577998
1 1 24 -17,57 -9,57 -156,401 1639577998
1 1 24 -17,75 -9,75 -156,395 1639577998
1 1 24 -17,82 -10,00 -156,419 1639577999
1 1 24 -17,75 -10,25 -156,462 1639578000
1 1 24 -17,57 -10,43 -156,413 1639578000
1 1 24 -17,32 -10,50 -156,437 1639578001
1 1 24 -17,07 -10,43 -156,498 1639578001
1 1 24 -16,89 -10,25 -156,407 1639578001
1 1 25 -14,14 -14,14 -156,443 1639578002
1 1 25 -13,64 -14,14 -156,474 1639578002
1 1 25 -13,71 -13,89 -156,468 1639578003
1 1 25 -13,89 -13,71 -156,401 1639578004
1 1 25 -14,14 -13,64 -156,407 1639578004
1 1 25 -14,39 -13,71 -156,407 1639578005
1 1 25 -14,58 -13,89 -156,443 1639578005
1 1 25 -14,64 -14,14 -156,303 1639578006
1 1 25 -14,58 -14,39 -156,370 1639578007
1 1 25 -14,39 -14,58 -156,437 1639578007
1 1 25 -14,14 -14,64 -156,456 1639578008
1 1 25 -13,89 -14,58 -156,486 1639578008
1 1 25 -13,71 -14,39 -156,443 1639578008
1 1 26 -10,00 -17,32 -156,376 1639578009
1 1 26 -9,50 -17,32 -156,437 1639578009
1 1 26 -9,57 -17,07 -156,419 1639578010
1 1 26 -9,75 -16,89 -156,474 1639578010
1 1 26 -10,00 -16,82 -156,358 1639578011
1 1 26 -10,25 -16,89 -156,462 1639578011
1 1 26 -10,43 -17,07 -156,370 1639578012
1 1 26 -10,50 -17,32 -156,443 1639578013
1 1 26 -10,43 -17,57 -156,352 1639578013
1 1 26 -10,25 -17,75 -156,443 1639578013
1 1 26 -10,00 -17,82 -156,388 1639578014
1 1 26 -9,75 -17,75 -156,437 1639578015
1 1 26 -9,57 -17,57 -156,425 1639578015
1 1 27 -5,18 -19,32 -156,462 1639578016
1 1 27 -4,68 -19,32 -156,413 1639578016
1 1 27 -4,74 -19,07 -156,376 1639578016
1 1 27 -4,93 -18,89 -156,449 1639578017
1 1 27 -5,18 -18,82 -156,480 1639578017
1 1 27 -5,43 -18,89 -156,486 1639578017
1 1 27 -5,61 -19,07 -156,443 1639578018
1 1 27 -5,68 -19,32 -156,382 1639578019
1 1 27 -5,61 -19,57 -156,462 1639578019
1 1 27 -5,43 -19,75 -156,480 1639578019
1 1 27 -5,18 -19,82 -156,437 1639578020
1 1 27 -4,93 -19,75 -156,443 1639578021
1 1 27 -4,74 -19,57 -156,334 1639578021
1 1 28 5,18 -19,32 -156,395 1639578022
1 1 28 5,68 -19,32 -156,437 1639578023
1 1 28 5,61 -19,07 -156,419 1639578023
1 1 28 5,43 -18,89 -156,449 1639578024
1 1 28 5,18 -18,82 -156,425 1639578024
1 1 28 4,93 -18,89 -156,419 1639578025
1 1 28 4,74 -19,07 -156,462 1639578025
1 1 28 4,68 -19,32 -156,462 1639578026
1 1 28 4,74 -19,57 -156,431 1639578026
1 1 28 4,93 -19,75 -156,431 1639578027
1 1 28 5,18 -19,82 -156,431 1639578027
1 1 28 5,43 -19,75 -156,437 1639578028
1 1 28 5,61 -19,57 -156,468 1639578028
1 1 29 10,00 -17,32 -156,480 1639578029
1 1 29 10,50 -17,32 -156,504 1639578029
1 1 29 10,43 -17,07 -156,511 1639578030
1 1 29 10,25 -16,89 -156,364 1639578030
1 1 29 10,00 -16,82 -156,395 1639578031
1 1 29 9,75 -16,89 -156,395 1639578031
1 1 29 9,57 -17,07 -156,456 1639578032
1 1 29 9,50 -17,32 -156,437 1639578032
1 1 29 9,57 -17,57 -156,456 1639578033
1 1 29 9,75 -17,75 -156,419 1639578033
1 1 29 10,00 -17,82 -156,437 1639578034
1 1 29 10,25 -17,75 -156,437 1639578034
1 1 29 10,43 -17,57 -156,358 1639578034
1 1 30 14,14 -14,14 -156,437 1639578035
1 1 30 14,64 -14,14 -156,407 1639578036
1 1 30 14,58 -13,89 -156,468 1639578036
1 1 30 14,39 -13,71 -156,431 1639578036
1 1 30 14,14 -13,64 -156,443 1639578037
1 1 30 13,89 -13,71 -156,437 1639578037
1 1 30 13,71 -13,89 -156,437 1639578038
1 1 30 13,64 -14,14 -156,437 1639578038
1 1 30 13,71 -14,39 -156,443 1639578039
1 1 30 13,89 -14,58 -156,346 1639578039
1 1 30 14,14 -14,64 -156,358 1639578040
1 1 30 14,39 -14,58 -156,395 1639578040
1 1 30 14,58 -14,39 -156,425 1639578040
1 1 31 17,32 -10,00 -156,413 1639578041
1 1 31 17,82 -10,00 -156,492 1639578042
1 1 31 17,75 -9,75 -156,456 1639578042
1 1 31 17,57 -9,57 -156,407 1639578043
1 1 31 17,32 -9,50 -156,474 1639578043
1 1 31 17,07 -9,57 -156,376 1639578044
1 1 31 16,89 -9,75 -156,413 1639578044
1 1 31 16,82 -10,00 -156,443 1639578045
1 1 31 16,89 -10,25 -156,462 1639578045
1 1 31 17,07 -10,43 -156,468 1639578046
1 1 31 17,32 -10,50 -156,407 1639578046
1 1 31 17,57 -10,43 -156,346 1639578047
1 1 31 17,75 -10,25 -156,456 1639578047
1 1 32 19,32 -5,18 -156,260 1639578048
1 1 32 19,82 -5,18 -156,407 1639578048
1 1 32 19,75 -4,93 -156,474 1639578049
1 1 32 19,57 -4,74 -156,443 1639578049
1 1 32 19,32 -4,68 -156,443 1639578049
1 1 32 19,07 -4,74 -156,407 1639578050
1 1 32 18,89 -4,93 -156,456 1639578050
1 1 32 18,82 -5,18 -156,468 1639578050
1 1 32 18,89 -5,43 -156,395 1639578051
1 1 32 19,07 -5,61 -156,407 1639578051
1 1 32 19,32 -5,68 -156,437 1639578052
1 1 32 19,57 -5,61 -156,437 1639578053
1 1 32 19,75 -5,43 -156,370 1639578053
1 1 33 12,56 -3,36 -156,437 1639578054
1 1 33 13,06 -3,36 -156,382 1639578054
1 1 33 12,99 -3,11 -156,364 1639578055
1 1 33 12,81 -2,93 -156,462 1639578055
1 1 33 12,56 -2,86 -156,431 1639578056
1 1 33 12,31 -2,93 -156,388 1639578056
1 1 33 12,12 -3,11 -156,443 1639578057
1 1 33 12,06 -3,36 -156,437 1639578057
1 1 33 12,12 -3,61 -156,395 1639578058
1 1 33 12,31 -3,80 -156,419 1639578058
1 1 33 12,56 -3,86 -156,437 1639578059
1 1 33 12,81 -3,80 -156,431 1639578059
1 1 33 12,99 -3,61 -156,474 1639578060
1 1 34 9,19 -9,19 -156,388 1639578060
1 1 34 9,69 -9,19 -156,437 1639578061
1 1 34 9,63 -8,94 -156,462 1639578062
1 1 34 9,44 -8,76 -156,419 1639578062
1 1 34 9,19 -8,69 -156,413 1639578063
1 1 34 8,94 -8,76 -156,456 1639578063
1 1 34 8,76 -8,94 -156,468 1639578063
1 1 34 8,69 -9,19 -156,419 1639578064
1 1 34 8,76 -9,44 -156,437 1639578065
1 1 34 8,94 -9,63 -156,443 1639578065
1 1 34 9,19 -9,69 -156,419 1639578065
1 1 34 9,44 -9,63 -156,492 1639578066
1 1 34 9,63 -9,44 -156,419 1639578066
1 1 35 3,36 -12,56 -156,401 1639578067
1 1 35 3,86 -12,56 -156,340 1639578068
1 1 35 3,80 -12,31 -156,327 1639578068
1 1 35 3,61 -12,12 -156,517 1639578069
1 1 35 3,36 -12,06 -156,346 1639578069
1 1 35 3,11 -12,12 -156,388 1639578070
1 1 35 2,93 -12,31 -156,449 1639578070
1 1 35 2,86 -12,56 -156,419 1639578071
1 1 35 2,93 -12,81 -156,449 1639578071
1 1 35 3,11 -12,99 -156,437 1639578072
1 1 35 3,36 -13,06 -156,352 1639578072
1 1 35 3,61 -12,99 -156,456 1639578072
1 1 35 3,80 -12,81 -156,474 1639578073
1 1 36 4,24 -4,24 -156,437 1639578074
1 1 36 4,74 -4,24 -156,401 1639578075
1 1 36 4,68 -3,99 -156,395 1639578075
1 1 36 4,49 -3,81 -156,358 1639578075
1 1 36 4,24 -3,74 -156,456 1639578076
1 1 36 3,99 -3,81 -156,437 1639578076
1 1 36 3,81 -3,99 -156,340 1639578077
1 1 36 3,74 -4,24 -156,364 1639578077
1 1 36 3,81 -4,49 -156,358 1639578077
1 1 36 3,99 -4,68 -156,480 1639578078
1 1 36 4,24 -4,74 -156,364 1639578079
1 1 36 4,49 -4,68 -156,407 1639578079
1 1 36 4,68 -4,49 -156,437 1639578080
1 1 37 27,00 0,00 -156,498 1639578082
1 1 37 27,50 0,00 -156,437 1639578082
1 1 37 27,43 0,25 -156,401 1639578083
1 1 37 27,25 0,43 -156,474 1639578083
1 1 37 27,00 0,50 -156,462 1639578084
1 1 37 26,75 0,43 -156,285 1639578084
1 1 37 26,57 0,25 -156,462 1639578084
1 1 37 26,50 0,00 -156,437 1639578085
1 1 37 26,57 -0,25 -156,443 1639578086
1 1 37 26,75 -0,43 -156,297 1639578086
1 1 37 27,00 -0,50 -156,401 1639578086
1 1 37 27,25 -0,43 -156,388 1639578087
1 1 37 27,43 -0,25 -156,498 1639578087
1 1 38 26,08 6,99 -156,413 1639578088
1 1 38 26,58 6,99 -156,370 1639578089
1 1 38 26,51 7,24 -156,407 1639578089
1 1 38 26,33 7,42 -156,419 1639578090
1 1 38 26,08 7,49 -156,437 1639578090
1 1 38 25,83 7,42 -156,364 1639578091
1 1 38 25,65 7,24 -156,443 1639578091
1 1 38 25,58 6,99 -156,462 1639578092
1 1 38 25,65 6,74 -156,443 1639578092
1 1 38 25,83 6,56 -156,321 1639578093
1 1 38 26,08 6,49 -156,492 1639578093
1 1 38 26,33 6,56 -156,382 1639578094
1 1 38 26,51 6,74 -156,437 1639578094
1 1 39 23,38 13,50 -156,462 1639578095
1 1 39 23,88 13,50 -156,425 1639578095
1 1 39 23,82 13,75 -156,431 1639578096
1 1 39 23,63 13,93 -156,431 1639578096
1 1 39 23,38 14,00 -156,449 1639578096
1 1 39 23,13 13,93 -156,419 1639578097
1 1 39 22,95 13,75 -156,437 1639578097
1 1 39 22,88 13,50 -156,492 1639578098
1 1 39 22,95 13,25 -156,456 1639578099
1 1 39 23,13 13,07 -156,376 1639578099
1 1 39 23,38 13,00 -156,523 1639578099
1 1 39 23,63 13,07 -156,358 1639578100
1 1 39 23,82 13,25 -156,352 1639578100
1 1 40 19,09 19,09 -156,413 1639578101
1 1 40 19,59 19,09 -156,437 1639578102
1 1 40 19,52 19,34 -156,443 1639578102
1 1 40 19,34 19,52 -156,462 1639578103
1 1 40 19,09 19,59 -156,437 1639578103
1 1 40 18,84 19,52 -156,431 1639578104
1 1 40 18,66 19,34 -156,468 1639578104
1 1 40 18,59 19,09 -156,462 1639578105
1 1 40 18,66 18,84 -156,419 1639578105
1 1 40 18,84 18,66 -156,364 1639578105
1 1 40 19,09 18,59 -156,388 1639578106
1 1 40 19,34 18,66 -156,395 1639578107
1 1 40 19,52 18,84 -156,388 1639578107
1 1 41 13,50 23,38 -156,449 1639578108
1 1 41 14,00 23,38 -156,364 1639578108
1 1 41 13,93 23,63 -156,437 1639578108
1 1 41 13,75 23,82 -156,358 1639578109
1 1 41 13,50 23,88 -156,352 1639578110
1 1 41 13,25 23,82 -156,407 1639578110
1 1 41 13,07 23,63 -156,388 1639578110
1 1 41 13,00 23,38 -156,413 1639578111
1 1 41 13,07 23,13 -156,437 1639578112
1 1 41 13,25 22,95 -156,462 1639578112
1 1 41 13,50 22,88 -156,449 1639578113
1 1 41 13,75 22,95 -156,419 1639578113
1 1 41 13,93 23,13 -156,449 1639578114
1 1 42 6,99 26,08 -156,449 1639578115
1 1 42 7,49 26,08 -156,376 1639578115
1 1 42 7,42 26,33 -156,431 1639578115
1 1 42 7,24 26,51 -156,358 1639578116
1 1 42 6,99 26,58 -156,376 1639578117
1 1 42 6,74 26,51 -156,474 1639578117
1 1 42 6,56 26,33 -156,334 1639578118
1 1 42 6,49 26,08 -156,437 1639578118
1 1 42 6,56 25,83 -156,346 1639578119
1 1 42 6,74 25,65 -156,437 1639578119
1 1 42 6,99 25,58 -156,407 1639578120
1 1 42 7,24 25,65 -156,407 1639578120
1 1 42 7,42 25,83 -156,413 1639578120
1 1 43 0,00 27,00 -156,401 1639578121
1 1 43 0,50 27,00 -156,388 1639578122
1 1 43 0,43 27,25 -156,358 1639578122
1 1 43 0,25 27,43 -156,437 1639578122
1 1 43 0,00 27,50 -156,437 1639578123
1 1 43 -0,25 27,43 -156,388 1639578123
1 1 43 -0,43 27,25 -156,382 1639578123
1 1 43 -0,50 27,00 -156,364 1639578124
1 1 43 -0,43 26,75 -156,334 1639578124
1 1 43 -0,25 26,57 -156,443 1639578125
1 1 43 0,00 26,50 -156,462 1639578125
1 1 43 0,25 26,57 -156,401 1639578126
1 1 43 0,43 26,75 -156,413 1639578126
1 1 44 -6,99 26,08 -156,407 1639578127
1 1 44 -6,49 26,08 -156,413 1639578128
1 1 44 -6,56 26,33 -156,498 1639578128
1 1 44 -6,74 26,51 -156,437 1639578129
1 1 44 -6,99 26,58 -156,443 1639578129
1 1 44 -7,24 26,51 -156,449 1639578130
1 1 44 -7,42 26,33 -156,419 1639578130
1 1 44 -7,49 26,08 -156,462 1639578131
1 1 44 -7,42 25,83 -156,407 1639578131
1 1 44 -7,24 25,65 -156,407 1639578132
1 1 44 -6,99 25,58 -156,413 1639578132
1 1 44 -6,74 25,65 -156,395 1639578132
1 1 44 -6,56 25,83 -156,480 1639578133
1 1 45 -13,50 23,38 -156,401 1639578134
1 1 45 -13,00 23,38 -156,443 1639578134
1 1 45 -13,07 23,63 -156,437 1639578135
1 1 45 -13,25 23,82 -156,401 1639578135
1 1 45 -13,50 23,88 -156,437 1639578136
1 1 45 -13,75 23,82 -156,474 1639578137
1 1 45 -13,93 23,63 -156,388 1639578137
1 1 45 -14,00 23,38 -156,456 1639578137
1 1 45 -13,93 23,13 -156,413 1639578138
1 1 45 -13,75 22,95 -156,456 1639578138
1 1 45 -13,50 22,88 -156,462 1639578139
1 1 45 -13,25 22,95 -156,437 1639578140
1 1 45 -13,07 23,13 -156,395 1639578140
1 1 46 -19,09 19,09 -156,340 1639578141
1 1 46 -18,59 19,09 -156,437 1639578141
1 1 46 -18,66 19,34 -156,388 1639578141
1 1 46 -18,84 19,52 -156,443 1639578142
1 1 46 -19,09 19,59 -156,382 1639578143
1 1 46 -19,34 19,52 -156,437 1639578143
1 1 46 -19,52 19,34 -156,449 1639578143
1 1 46 -19,59 19,09 -156,443 1639578144
1 1 46 -19,52 18,84 -156,419 1639578145
1 1 46 -19,34 18,66 -156,462 1639578145
1 1 46 -19,09 18,59 -156,370 1639578145
1 1 46 -18,84 18,66 -156,425 1639578146
1 1 46 -18,66 18,84 -156,358 1639578146
1 1 47 -23,38 13,50 -156,370 1639578147
1 1 47 -22,88 13,50 -156,388 1639578147
1 1 47 -22,95 13,75 -156,358 1639578148
1 1 47 -23,13 13,93 -156,382 1639578148
1 1 47 -23,38 14,00 -156,401 1639578148
1 1 47 -23,63 13,93 -156,358 1639578149
1 1 47 -23,82 13,75 -156,364 1639578149
1 1 47 -23,88 13,50 -156,437 1639578150
1 1 47 -23,82 13,25 -156,443 1639578150
1 1 47 -23,63 13,07 -156,425 1639578150
1 1 47 -23,38 13,00 -156,449 1639578151
1 1 47 -23,13 13,07 -156,449 1639578151
1 1 47 -22,95 13,25 -156,395 1639578152
1 1 48 -26,08 6,99 -156,486 1639578153
1 1 48 -25,58 6,99 -156,419 1639578153
1 1 48 -25,65 7,24 -156,407 1639578153
1 1 48 -25,83 7,42 -156,456 1639578154
1 1 48 -26,08 7,49 -156,468 1639578155
1 1 48 -26,33 7,42 -156,419 1639578155
1 1 48 -26,51 7,24 -156,334 1639578156
1 1 48 -26,58 6,99 -156,327 1639578156
1 1 48 -26,51 6,74 -156,437 1639578157
1 1 48 -26,33 6,56 -156,468 1639578157
1 1 48 -26,08 6,49 -156,395 1639578158
1 1 48 -25,83 6,56 -156,370 1639578158
1 1 48 -25,65 6,74 -156,395 1639578159
1 1 49 -27,00 0,00 -156,437 1639578160
1 1 49 -26,50 0,00 -156,315 1639578160
1 1 49 -26,57 0,25 -156,352 1639578160
1 1 49 -26,75 0,43 -156,449 1639578161
1 1 49 -27,00 0,50 -156,480 1639578161
1 1 49 -27,25 0,43 -156,431 1639578161
1 1 49 -27,43 0,25 -156,443 1639578162
1 1 49 -27,50 0,00 -156,480 1639578162
1 1 49 -27,43 -0,25 -156,425 1639578162
1 1 49 -27,25 -0,43 -156,480 1639578163
1 1 49 -27,00 -0,50 -156,437 1639578164
1 1 49 -26,75 -0,43 -156,437 1639578164
1 1 49 -26,57 -0,25 -156,321 1639578164
1 1 50 -26,08 -6,99 -156,443 1639578165
1 1 50 -25,58 -6,99 -156,474 1639578166
1 1 50 -25,65 -6,74 -156,431 1639578167
1 1 50 -25,83 -6,56 -156,407 1639578167
1 1 50 -26,08 -6,49 -156,437 1639578168
1 1 50 -26,33 -6,56 -156,413 1639578168
1 1 50 -26,51 -6,74 -156,376 1639578168
1 1 50 -26,58 -6,99 -156,388 1639578169
1 1 50 -26,51 -7,24 -156,376 1639578170
1 1 50 -26,33 -7,42 -156,370 1639578170
1 1 50 -26,08 -7,49 -156,431 1639578171
1 1 50 -25,83 -7,42 -156,376 1639578171
1 1 50 -25,65 -7,24 -156,443 1639578172
1 1 51 -23,38 -13,50 -156,443 1639578172
1 1 51 -22,88 -13,50 -156,474 1639578173
1 1 51 -22,95 -13,25 -156,504 1639578173
1 1 51 -23,13 -13,07 -156,401 1639578173
1 1 51 -23,38 -13,00 -156,425 1639578174
1 1 51 -23,63 -13,07 -156,449 1639578174
1 1 51 -23,82 -13,25 -156,401 1639578174
1 1 51 -23,88 -13,50 -156,364 1639578175
1 1 51 -23,82 -13,75 -156,334 1639578175
1 1 51 -23,63 -13,93 -156,498 1639578176
1 1 51 -23,38 -14,00 -156,443 1639578177
1 1 51 -23,13 -13,93 -156,358 1639578177
1 1 51 -22,95 -13,75 -156,480 1639578177
1 1 52 -19,09 -19,09 -156,449 1639578178
1 1 52 -18,59 -19,09 -156,437 1639578178
1 1 52 -18,66 -18,84 -156,443 1639578179
1 1 52 -18,84 -18,66 -156,456 1639578179
1 1 52 -19,09 -18,59 -156,401 1639578179
1 1 52 -19,34 -18,66 -156,382 1639578180
1 1 52 -19,52 -18,84 -156,364 1639578180
1 1 52 -19,59 -19,09 -156,364 1639578181
1 1 52 -19,52 -19,34 -156,407 1639578181
1 1 52 -19,34 -19,52 -156,443 1639578182
1 1 52 -19,09 -19,59 -156,431 1639578182
1 1 52 -18,84 -19,52 -156,437 1639578183
1 1 52 -18,66 -19,34 -156,437 1639578183
1 1 53 -13,50 -23,38 -156,388 1639578184
1 1 53 -13,00 -23,38 -156,370 1639578184
1 1 53 -13,07 -23,13 -156,443 1639578185
1 1 53 -13,25 -22,95 -156,468 1639578185
1 1 53 -13,50 -22,88 -156,492 1639578186
1 1 53 -13,75 -22,95 -156,456 1639578186
1 1 53 -13,93 -23,13 -156,358 1639578186
1 1 53 -14,00 -23,38 -156,388 1639578187
1 1 53 -13,93 -23,63 -156,407 1639578187
1 1 53 -13,75 -23,82 -156,431 1639578188
1 1 53 -13,50 -23,88 -156,401 1639578188
1 1 53 -13,25 -23,82 -156,437 1639578189
1 1 53 -13,07 -23,63 -156,456 1639578189
1 1 54 -6,99 -26,08 -156,456 1639578190
1 1 54 -6,49 -26,08 -156,407 1639578190
1 1 54 -6,56 -25,83 -156,395 1639578191
1 1 54 -6,74 -25,65 -156,468 1639578191
1 1 54 -6,99 -25,58 -156,370 1639578191
1 1 54 -7,24 -25,65 -156,437 1639578192
1 1 54 -7,42 -25,83 -156,419 1639578192
1 1 54 -7,49 -26,08 -156,352 1639578192
1 1 54 -7,42 -26,33 -156,364 1639578193
1 1 54 -7,24 -26,51 -156,437 1639578193
1 1 54 -6,99 -26,58 -156,413 1639578193
1 1 54 -6,74 -26,51 -156,468 1639578194
1 1 54 -6,56 -26,33 -156,437 1639578195
1 1 55 -0,00 -27,00 -156,388 1639578195
1 1 55 0,50 -27,00 -156,401 1639578196
1 1 55 0,43 -26,75 -156,437 1639578196
1 1 55 0,25 -26,57 -156,492 1639578196
1 1 55 -0,00 -26,50 -156,413 1639578197
1 1 55 -0,25 -26,57 -156,498 1639578197
1 1 55 -0,43 -26,75 -156,437 1639578198
1 1 55 -0,50 -27,00 -156,425 1639578198
1 1 55 -0,43 -27,25 -156,358 1639578199
1 1 55 -0,25 -27,43 -156,437 1639578199
1 1 55 -0,00 -27,50 -156,388 1639578200
1 1 55 0,25 -27,43 -156,401 1639578200
1 1 55 0,43 -27,25 -156,504 1639578200
1 1 56 6,99 -26,08 -156,462 1639578201
1 1 56 7,49 -26,08 -156,511 1639578202
1 1 56 7,42 -25,83 -156,474 1639578203
1 1 56 7,24 -25,65 -156,474 1639578203
1 1 56 6,99 -25,58 -156,401 1639578203
1 1 56 6,74 -25,65 -156,413 1639578204
1 1 56 6,56 -25,83 -156,462 1639578204
1 1 56 6,49 -26,08 -156,529 1639578205
1 1 56 6,56 -26,33 -156,437 1639578206
1 1 56 6,74 -26,51 -156,376 1639578206
1 1 56 6,99 -26,58 -156,462 1639578206
1 1 56 7,24 -26,51 -156,382 1639578207
1 1 56 7,42 -26,33 -156,407 1639578207
1 1 57 13,50 -23,38 -156,468 1639578208
1 1 57 14,00 -23,38 -156,407 1639578208
1 1 57 13,93 -23,13 -156,376 1639578209
1 1 57 13,75 -22,95 -156,437 1639578209
1 1 57 13,50 -22,88 -156,474 1639578209
1 1 57 13,25 -22,95 -156,327 1639578210
1 1 57 13,07 -23,13 -156,462 1639578210
1 1 57 13,00 -23,38 -156,456 1639578210
1 1 57 13,07 -23,63 -156,547 1639578211
1 1 57 13,25 -23,82 -156,425 1639578211
1 1 57 13,50 -23,88 -156,443 1639578212
1 1 57 13,75 -23,82 -156,425 1639578212
1 1 57 13,93 -23,63 -156,443 1639578213
1 1 58 19,09 -19,09 -156,486 1639578213
1 1 58 19,59 -19,09 -156,462 1639578214
1 1 58 19,52 -18,84 -156,413 1639578214
1 1 58 19,34 -18,66 -156,443 1639578215
1 1 58 19,09 -18,59 -156,419 1639578215
1 1 58 18,84 -18,66 -156,358 1639578216
1 1 58 18,66 -18,84 -156,517 1639578216
1 1 58 18,59 -19,09 -156,480 1639578217
1 1 58 18,66 -19,34 -156,462 1639578218
1 1 58 18,84 -19,52 -156,437 1639578218
1 1 58 19,09 -19,59 -156,437 1639578218
1 1 58 19,34 -19,52 -156,395 1639578219
1 1 58 19,52 -19,34 -156,480 1639578219
1 1 59 23,38 -13,50 -156,443 1639578220
1 1 59 23,88 -13,50 -156,370 1639578220
1 1 59 23,82 -13,25 -156,382 1639578221
1 1 59 23,63 -13,07 -156,504 1639578221
1 1 59 23,38 -13,00 -156,462 1639578221
1 1 59 23,13 -13,07 -156,492 1639578222
1 1 59 22,95 -13,25 -156,395 1639578222
1 1 59 22,88 -13,50 -156,370 1639578223
1 1 59 22,95 -13,75 -156,395 1639578223
1 1 59 23,13 -13,93 -156,474 1639578224
1 1 59 23,38 -14,00 -156,437 1639578224
1 1 59 23,63 -13,93 -156,395 1639578225
1 1 59 23,82 -13,75 -156,321 1639578225
1 1 60 26,08 -6,99 -156,413 1639578226
1 1 60 26,58 -6,99 -156,449 1639578226
1 1 60 26,51 -6,74 -156,370 1639578227
1 1 60 26,33 -6,56 -156,376 1639578228
1 1 60 26,08 -6,49 -156,431 1639578228
1 1 60 25,83 -6,56 -156,468 1639578229
1 1 60 25,65 -6,74 -156,437 1639578229
1 1 60 25,58 -6,99 -156,352 1639578230
1 1 60 25,65 -7,24 -156,431 1639578230
1 1 60 25,83 -7,42 -156,437 1639578231
1 1 60 26,08 -7,49 -156,419 1639578231
1 1 60 26,33 -7,42 -156,370 1639578232
1 1 60 26,51 -7,24 -156,309 1639578232
