1 1 1 4,24 4,24 -156,413 1639579574
1 1 1 4,74 4,24 -156,425 1639579575
1 1 1 4,68 4,49 -156,425 1639579575
1 1 1 4,49 4,68 -156,456 1639579576
1 1 1 4,24 4,74 -156,376 1639579576
1 1 1 3,99 4,68 -156,413 1639579577
1 1 1 3,81 4,49 -156,401 1639579577
1 1 1 3,74 4,24 -156,364 1639579578
1 1 1 3,81 3,99 -156,401 1639579578
1 1 1 3,99 3,81 -156,376 1639579579
1 1 1 4,24 3,74 -156,419 1639579579
1 1 1 4,49 3,81 -156,462 1639579580
1 1 1 4,68 3,99 -156,462 1639579580
1 1 2 3,36 12,56 -156,388 1639579581
1 1 2 3,86 12,56 -156,370 1639579581
1 1 2 3,80 12,81 -156,388 1639579582
1 1 2 3,61 12,99 -156,437 1639579582
1 1 2 3,36 13,06 -156,443 1639579583
1 1 2 3,11 12,99 -156,462 1639579583
1 1 2 2,93 12,81 -156,425 1639579584
1 1 2 2,86 12,56 -156,431 1639579584
1 1 2 2,93 12,31 -156,431 1639579585
1 1 2 3,11 12,12 -156,462 1639579585
1 1 2 3,36 12,06 -156,370 1639579586
1 1 2 3,61 12,12 -156,358 1639579586
1 1 2 3,80 12,31 -156,388 1639579587
1 1 3 9,19 9,19 -156,443 1639579587
1 1 3 9,69 9,19 -156,358 1639579588
1 1 3 9,63 9,44 -156,407 1639579589
1 1 3 9,44 9,63 -156,382 1639579589
1 1 3 9,19 9,69 -156,401 1639579590
1 1 3 8,94 9,63 -156,437 1639579590
1 1 3 8,76 9,44 -156,437 1639579590
1 1 3 8,69 9,19 -156,474 1639579591
1 1 3 8,76 8,94 -156,443 1639579592
1 1 3 8,94 8,76 -156,443 1639579592
1 1 3 9,19 8,69 -156,437 1639579592
1 1 3 9,44 8,76 -156,395 1639579593
1 1 3 9,63 8,94 -156,437 1639579593
1 1 4 12,56 3,36 -156,449 1639579594
1 1 4 13,06 3,36 -156,346 1639579595
1 1 4 12,99 3,61 -156,407 1639579595
1 1 4 12,81 3,80 -156,480 1639579596
1 1 4 12,56 3,86 -156,486 1639579596
1 1 4 12,31 3,80 -156,437 1639579597
1 1 4 12,12 3,61 -156,474 1639579597
1 1 4 12,06 3,36 -156,462 1639579598
1 1 4 12,12 3,11 -156,492 1639579598
1 1 4 12,31 2,93 -156,425 1639579599
1 1 4 12,56 2,86 -156,413 1639579599
1 1 4 12,81 2,93 -156,388 1639579599
1 1 4 12,99 3,11 -156,462 1639579600
1 1 5 19,32 5,18 -156,407 1639579601
1 1 5 19,82 5,18 -156,468 1639579602
1 1 5 19,75 5,43 -156,413 1639579602
1 1 5 19,57 5,61 -156,407 1639579602
1 1 5 19,32 5,68 -156,419 1639579603
1 1 5 19,07 5,61 -156,443 1639579604
1 1 5 18,89 5,43 -156,437 1639579604
1 1 5 18,82 5,18 -156,443 1639579604
1 1 5 18,89 4,93 -156,388 1639579605
1 1 5 19,07 4,74 -156,291 1639579605
1 1 5 19,32 4,68 -156,462 1639579605
1 1 5 19,57 4,74 -156,327 1639579606
1 1 5 19,75 4,93 -156,407 1639579606
1 1 6 17,32 10,00 -156,364 1639579607
1 1 6 17,82 10,00 -156,407 1639579608
1 1 6 17,75 10,25 -156,364 1639579608
1 1 6 17,57 10,43 -156,334 1639579608
1 1 6 17,32 10,50 -156,395 1639579609
1 1 6 17,07 10,43 -156,364 1639579610
1 1 6 16,89 10,25 -156,468 1639579610
1 1 6 16,82 10,00 -156,492 1639579610
1 1 6 16,89 9,75 -156,370 1639579611
1 1 6 17,07 9,57 -156,431 1639579611
1 1 6 17,32 9,50 -156,437 1639579612
1 1 6 17,57 9,57 -156,443 1639579612
1 1 6 17,75 9,75 -156,443 1639579613
1 1 7 14,14 14,14 -156,382 1639579613
1 1 7 14,64 14,14 -156,413 1639579614
1 1 7 14,58 14,39 -156,449 1639579614
1 1 7 14,39 14,58 -156,395 1639579614
1 1 7 14,14 14,64 -156,395 1639579615
1 1 7 13,89 14,58 -156,425 1639579615
1 1 7 13,71 14,39 -156,437 1639579616
1 1 7 13,64 14,14 -156,327 1639579616
1 1 7 13,71 13,89 -156,376 1639579616
1 1 7 13,89 13,71 -156,437 1639579617
1 1 7 14,14 13,64 -156,388 1639579617
1 1 7 14,39 13,71 -156,352 1639579617
1 1 7 14,58 13,89 -156,407 1639579618
1 1 8 10,00 17,32 -156,443 1639579619
1 1 8 10,50 17,32 -156,425 1639579620
1 1 8 10,43 17,57 -156,468 1639579620
1 1 8 10,25 17,75 -156,327 1639579620
1 1 8 10,00 17,82 -156,468 1639579621
1 1 8 9,75 17,75 -156,425 1639579622
1 1 8 9,57 17,57 -156,419 1639579622
1 1 8 9,50 17,32 -156,456 1639579622
1 1 8 9,57 17,07 -156,474 1639579623
1 1 8 9,75 16,89 -156,462 1639579623
1 1 8 10,00 16,82 -156,388 1639579624
1 1 8 10,25 16,89 -156,413 1639579624
1 1 8 10,43 17,07 -156,456 1639579625
1 1 9 5,18 19,32 -156,443 1639579626
1 1 9 5,68 19,32 -156,462 1639579626
1 1 9 5,61 19,57 -156,382 1639579627
1 1 9 5,43 19,75 -156,498 1639579627
1 1 9 5,18 19,82 -156,437 1639579628
1 1 9 4,93 19,75 -156,486 1639579628
1 1 9 4,74 19,57 -156,376 1639579629
1 1 9 4,68 19,32 -156,315 1639579629
1 1 9 4,74 19,07 -156,327 1639579630
1 1 9 4,93 18,89 -156,370 1639579630
1 1 9 5,18 18,82 -156,462 1639579631
1 1 9 5,43 18,89 -156,449 1639579631
1 1 9 5,61 19,07 -156,456 1639579632
1 1 10 -5,18 19,32 -156,401 1639579633
1 1 10 -4,68 19,32 -156,346 1639579633
1 1 10 -4,74 19,57 -156,401 1639579634
1 1 10 -4,93 19,75 -156,413 1639579634
1 1 10 -5,18 19,82 -156,498 1639579635
1 1 10 -5,43 19,75 -156,395 1639579635
1 1 10 -5,61 19,57 -156,346 1639579636
1 1 10 -5,68 19,32 -156,382 1639579636
1 1 10 -5,61 19,07 -156,388 1639579637
1 1 10 -5,43 18,89 -156,358 1639579637
1 1 10 -5,18 18,82 -156,352 1639579638
1 1 10 -4,93 18,89 -156,425 1639579638
1 1 10 -4,74 19,07 -156,395 1639579639
1 1 11 -10,00 17,32 -156,358 1639579639
1 1 11 -9,50 17,32 -156,425 1639579640
1 1 11 -9,57 17,57 -156,437 1639579641
1 1 11 -9,75 17,75 -156,413 1639579641
1 1 11 -10,00 17,82 -156,401 1639579641
1 1 11 -10,25 17,75 -156,370 1639579642
1 1 11 -10,43 17,57 -156,437 1639579642
1 1 11 -10,50 17,32 -156,346 1639579643
1 1 11 -10,43 17,07 -156,407 1639579643
1 1 11 -10,25 16,89 -156,340 1639579643
1 1 11 -10,00 16,82 -156,395 1639579644
1 1 11 -9,75 16,89 -156,449 1639579645
1 1 11 -9,57 17,07 -156,486 1639579645
1 1 12 -14,14 14,14 -156,474 1639579646
1 1 12 -13,64 14,14 -156,376 1639579646
1 1 12 -13,71 14,39 -156,474 1639579646
1 1 12 -13,89 14,58 -156,413 1639579647
1 1 12 -14,14 14,64 -156,456 1639579647
1 1 12 -14,39 14,58 -156,468 1639579648
1 1 12 -14,58 14,39 -156,413 1639579648
1 1 12 -14,64 14,14 -156,462 1639579648
1 1 12 -14,58 13,89 -156,407 1639579649
1 1 12 -14,39 13,71 -156,449 1639579649
1 1 12 -14,14 13,64 -156,462 1639579649
1 1 12 -13,89 13,71 -156,321 1639579650
1 1 12 -13,71 13,89 -156,431 1639579650
1 1 13 -17,32 10,00 -156,370 1639579651
1 1 13 -16,82 10,00 -156,431 1639579652
1 1 13 -16,89 10,25 -156,388 1639579652
1 1 13 -17,07 10,43 -156,340 1639579653
1 1 13 -17,32 10,50 -156,376 1639579653
1 1 13 -17,57 10,43 -156,443 1639579654
1 1 13 -17,75 10,25 -156,370 1639579654
1 1 13 -17,82 10,00 -156,456 1639579655
1 1 13 -17,75 9,75 -156,358 1639579655
1 1 13 -17,57 9,57 -156,352 1639579655
1 1 13 -17,32 9,50 -156,407 1639579656
1 1 13 -17,07 9,57 -156,443 1639579657
1 1 13 -16,89 9,75 -156,443 1639579657
1 1 14 -19,32 5,18 -156,395 1639579658
1 1 14 -18,82 5,18 -156,407 1639579658
1 1 14 -18,89 5,43 -156,376 1639579658
1 1 14 -19,07 5,61 -156,419 1639579659
1 1 14 -19,32 5,68 -156,334 1639579660
1 1 14 -19,57 5,61 -156,431 1639579660
1 1 14 -19,75 5,43 -156,346 1639579661
1 1 14 -19,82 5,18 -156,340 1639579661
1 1 14 -19,75 4,93 -156,437 1639579662
1 1 14 -19,57 4,74 -156,352 1639579662
1 1 14 -19,32 4,68 -156,364 1639579663
1 1 14 -19,07 4,74 -156,382 1639579663
1 1 14 -18,89 4,93 -156,370 1639579663
1 1 15 -12,56 3,36 -156,449 1639579664
1 1 15 -12,06 3,36 -156,395 1639579665
1 1 15 -12,12 3,61 -156,340 1639579666
1 1 15 -12,31 3,80 -156,468 1639579666
1 1 15 -12,56 3,86 -156,327 1639579666
1 1 15 -12,81 3,80 -156,358 1639579667
1 1 15 -12,99 3,61 -156,443 1639579667
1 1 15 -13,06 3,36 -156,407 1639579668
1 1 15 -12,99 3,11 -156,407 1639579668
1 1 15 -12,81 2,93 -156,413 1639579669
1 1 15 -12,56 2,86 -156,407 1639579669
1 1 15 -12,31 2,93 -156,395 1639579670
1 1 15 -12,12 3,11 -156,468 1639579670
1 1 16 -9,19 9,19 -156,382 1639579671
1 1 16 -8,69 9,19 -156,443 1639579671
1 1 16 -8,76 9,44 -156,443 1639579672
1 1 16 -8,94 9,63 -156,449 1639579672
1 1 16 -9,19 9,69 -156,407 1639579673
1 1 16 -9,44 9,63 -156,407 1639579673
1 1 16 -9,63 9,44 -156,486 1639579674
1 1 16 -9,69 9,19 -156,437 1639579674
1 1 16 -9,63 8,94 -156,474 1639579675
1 1 16 -9,44 8,76 -156,407 1639579676
1 1 16 -9,19 8,69 -156,425 1639579676
1 1 16 -8,94 8,76 -156,407 1639579677
1 1 16 -8,76 8,94 -156,486 1639579677
1 1 17 -3,36 12,56 -156,407 1639579678
1 1 17 -2,86 12,56 -156,395 1639579678
1 1 17 -2,93 12,81 -156,437 1639579678
1 1 17 -3,11 12,99 -156,327 1639579679
1 1 17 -3,36 13,06 -156,431 1639579679
1 1 17 -3,61 12,99 -156,370 1639579680
1 1 17 -3,80 12,81 -156,364 1639579680
1 1 17 -3,86 12,56 -156,413 1639579680
1 1 17 -3,80 12,31 -156,346 1639579681
1 1 17 -3,61 12,12 -156,395 1639579681
1 1 17 -3,36 12,06 -156,437 1639579681
1 1 17 -3,11 12,12 -156,370 1639579682
1 1 17 -2,93 12,31 -156,352 1639579682
1 1 18 -4,24 4,24 -156,474 1639579683
1 1 18 -3,74 4,24 -156,462 1639579684
1 1 18 -3,81 4,49 -156,437 1639579684
1 1 18 -3,99 4,68 -156,443 1639579685
1 1 18 -4,24 4,74 -156,413 1639579685
1 1 18 -4,49 4,68 -156,364 1639579686
1 1 18 -4,68 4,49 -156,321 1639579686
1 1 18 -4,74 4,24 -156,449 1639579687
1 1 18 -4,68 3,99 -156,388 1639579687
1 1 18 -4,49 3,81 -156,401 1639579688
1 1 18 -4,24 3,74 -156,486 1639579688
1 1 18 -3,99 3,81 -156,437 1639579689
1 1 18 -3,81 3,99 -156,431 1639579689
1 1 19 -4,24 -4,24 -156,395 1639579690
1 1 19 -3,74 -4,24 -156,431 1639579691
1 1 19 -3,81 -3,99 -156,419 1639579691
1 1 19 -3,99 -3,81 -156,449 1639579691
1 1 19 -4,24 -3,74 -156,449 1639579692
1 1 19 -4,49 -3,81 -156,413 1639579693
1 1 19 -4,68 -3,99 -156,492 1639579693
1 1 19 -4,74 -4,24 -156,431 1639579693
1 1 19 -4,68 -4,49 -156,407 1639579694
1 1 19 -4,49 -4,68 -156,388 1639579694
1 1 19 -4,24 -4,74 -156,413 1639579695
1 1 19 -3,99 -4,68 -156,431 1639579695
1 1 19 -3,81 -4,49 -156,413 1639579696
1 1 20 -3,36 -12,56 -156,437 1639579697
1 1 20 -2,86 -12,56 -156,364 1639579697
1 1 20 -2,93 -12,31 -156,437 1639579698
1 1 20 -3,11 -12,12 -156,425 1639579698
1 1 20 -3,36 -12,06 -156,382 1639579698
1 1 20 -3,61 -12,12 -156,437 1639579699
1 1 20 -3,80 -12,31 -156,364 1639579699
1 1 20 -3,86 -12,56 -156,382 1639579700
1 1 20 -3,80 -12,81 -156,413 1639579700
1 1 20 -3,61 -12,99 -156,327 1639579701
1 1 20 -3,36 -13,06 -156,474 1639579701
1 1 20 -3,11 -12,99 -156,340 1639579702
1 1 20 -2,93 -12,81 -156,437 1639579702
1 1 21 -9,19 -9,19 -156,388 1639579703
1 1 21 -8,69 -9,19 -156,407 1639579703
1 1 21 -8,76 -8,94 -156,474 1639579704
1 1 21 -8,94 -8,76 -156,315 1639579704
1 1 21 -9,19 -8,69 -156,407 1639579705
1 1 21 -9,44 -8,76 -156,401 1639579705
1 1 21 -9,63 -8,94 -156,352 1639579706
1 1 21 -9,69 -9,19 -156,419 1639579706
1 1 21 -9,63 -9,44 -156,358 1639579707
1 1 21 -9,44 -9,63 -156,443 1639579707
1 1 21 -9,19 -9,69 -156,352 1639579708
1 1 21 -8,94 -9,63 -156,382 1639579709
1 1 21 -8,76 -9,44 -156,413 1639579709
1 1 22 -12,56 -3,36 -156,401 1639579710
1 1 22 -12,06 -3,36 -156,352 1639579710
1 1 22 -12,12 -3,11 -156,334 1639579710
1 1 22 -12,31 -2,93 -156,456 1639579711
1 1 22 -12,56 -2,86 -156,407 1639579711
1 1 22 -12,81 -2,93 -156,370 1639579711
1 1 22 -12,99 -3,11 -156,425 1639579712
1 1 22 -13,06 -3,36 -156,315 1639579713
1 1 22 -12,99 -3,61 -156,297 1639579713
1 1 22 -12,81 -3,80 -156,626 1639579713
1 1 22 -12,56 -3,86 -156,456 1639579714
1 1 22 -12,31 -3,80 -156,425 1639579715
1 1 22 -12,12 -3,61 -156,401 1639579715
1 1 23 -19,32 -5,18 -156,407 1639579716
1 1 23 -18,82 -5,18 -156,425 1639579717
1 1 23 -18,89 -4,93 -156,401 1639579717
1 1 23 -19,07 -4,74 -156,376 1639579717
1 1 23 -19,32 -4,68 -156,437 1639579718
1 1 23 -19,57 -4,74 -156,443 1639579719
1 1 23 -19,75 -4,93 -156,395 1639579719
1 1 23 -19,82 -5,18 -156,358 1639579720
1 1 23 -19,75 -5,43 -156,376 1639579720
1 1 23 -19,57 -5,61 -156,468 1639579720
1 1 23 -19,32 -5,68 -156,376 1639579721
1 1 23 -19,07 -5,61 -156,419 1639579722
1 1 23 -18,89 -5,43 -156,437 1639579722
1 1 24 -17,32 -10,00 -156,407 1639579723
1 1 24 -16,82 -10,00 -156,401 1639579723
1 1 24 -16,89 -9,75 -156,395 1639579723
1 1 24 -17,07 -9,57 -156,431 1639579724
1 1 24 -17,32 -9,50 -156,456 1639579724
1 1 24 -17,57 -9,57 -156,395 1639579724
1 1 24 -17,75 -9,75 -156,382 1639579725
1 1 24 -17,82 -10,00 -156,407 1639579725
1 1 24 -17,75 -10,25 -156,462 1639579725
1 1 24 -17,57 -10,43 -156,407 1639579726
1 1 24 -17,32 -10,50 -156,431 1639579727
1 1 24 -17,07 -10,43 -156,498 1639579727
1 1 24 -16,89 -10,25 -156,382 1639579728
1 1 25 -14,14 -14,14 -156,437 1639579729
1 1 25 -13,64 -14,14 -156,474 1639579729
1 1 25 -13,71 -13,89 -156,462 1639579729
1 1 25 -13,89 -13,71 -156,395 1639579730
1 1 25 -14,14 -13,64 -156,401 1639579730
1 1 25 -14,39 -13,71 -156,401 1639579731
1 1 25 -14,58 -13,89 -156,443 1639579731
1 1 25 -14,64 -14,14 -156,297 1639579732
1 1 25 -14,58 -14,39 -156,370 1639579732
1 1 25 -14,39 -14,58 -156,425 1639579733
1 1 25 -14,14 -14,64 -156,456 1639579733
1 1 25 -13,89 -14,58 -156,486 1639579734
1 1 25 -13,71 -14,39 -156,443 1639579734
1 1 26 -10,00 -17,32 -156,370 1639579735
1 1 26 -9,50 -17,32 -156,437 1639579736
1 1 26 -9,57 -17,07 -156,419 1639579736
1 1 26 -9,75 -16,89 -156,474 1639579736
1 1 26 -10,00 -16,82 -156,358 1639579737
1 1 26 -10,25 -16,89 -156,456 1639579738
1 1 26 -10,43 -17,07 -156,370 1639579738
1 1 26 -10,50 -17,32 -156,443 1639579738
1 1 26 -10,43 -17,57 -156,358 1639579739
1 1 26 -10,25 -17,75 -156,443 1639579739
1 1 26 -10,00 -17,82 -156,382 1639579740
1 1 26 -9,75 -17,75 -156,437 1639579741
1 1 26 -9,57 -17,57 -156,413 1639579741
1 1 27 -5,18 -19,32 -156,462 1639579742
1 1 27 -4,68 -19,32 -156,407 1639579742
1 1 27 -4,74 -19,07 -156,376 1639579742
1 1 27 -4,93 -18,89 -156,449 1639579743
1 1 27 -5,18 -18,82 -156,480 1639579743
1 1 27 -5,43 -18,89 -156,492 1639579743
1 1 27 -5,61 -19,07 -156,443 1639579744
1 1 27 -5,68 -19,32 -156,388 1639579744
1 1 27 -5,61 -19,57 -156,456 1639579745
1 1 27 -5,43 -19,75 -156,474 1639579746
1 1 27 -5,18 -19,82 -156,437 1639579746
1 1 27 -4,93 -19,75 -156,437 1639579747
1 1 27 -4,74 -19,57 -156,327 1639579747
1 1 28 5,18 -19,32 -156,388 1639579748
1 1 28 5,68 -19,32 -156,437 1639579749
1 1 28 5,61 -19,07 -156,413 1639579749
1 1 28 5,43 -18,89 -156,443 1639579749
1 1 28 5,18 -18,82 -156,419 1639579750
1 1 28 4,93 -18,89 -156,413 1639579750
1 1 28 4,74 -19,07 -156,462 1639579751
1 1 28 4,68 -19,32 -156,449 1639579751
1 1 28 4,74 -19,57 -156,419 1639579751
1 1 28 4,93 -19,75 -156,419 1639579752
1 1 28 5,18 -19,82 -156,425 1639579752
1 1 28 5,43 -19,75 -156,437 1639579752
1 1 28 5,61 -19,57 -156,468 1639579753
1 1 29 10,00 -17,32 -156,474 1639579754
1 1 29 10,50 -17,32 -156,504 1639579754
1 1 29 10,43 -17,07 -156,517 1639579754
1 1 29 10,25 -16,89 -156,358 1639579755
1 1 29 10,00 -16,82 -156,388 1639579756
1 1 29 9,75 -16,89 -156,388 1639579756
1 1 29 9,57 -17,07 -156,456 1639579757
1 1 29 9,50 -17,32 -156,437 1639579757
1 1 29 9,57 -17,57 -156,449 1639579758
1 1 29 9,75 -17,75 -156,413 1639579758
1 1 29 10,00 -17,82 -156,437 1639579759
1 1 29 10,25 -17,75 -156,437 1639579759
1 1 29 10,43 -17,57 -156,352 1639579760
1 1 30 14,14 -14,14 -156,431 1639579760
1 1 30 14,64 -14,14 -156,401 1639579761
1 1 30 14,58 -13,89 -156,468 1639579762
1 1 30 14,39 -13,71 -156,425 1639579762
1 1 30 14,14 -13,64 -156,437 1639579763
1 1 30 13,89 -13,71 -156,437 1639579763
1 1 30 13,71 -13,89 -156,437 1639579763
1 1 30 13,64 -14,14 -156,431 1639579764
1 1 30 13,71 -14,39 -156,437 1639579765
1 1 30 13,89 -14,58 -156,346 1639579765
1 1 30 14,14 -14,64 -156,358 1639579765
1 1 30 14,39 -14,58 -156,395 1639579766
1 1 30 14,58 -14,39 -156,401 1639579766
1 1 31 17,32 -10,00 -156,413 1639579767
1 1 31 17,82 -10,00 -156,492 1639579768
1 1 31 17,75 -9,75 -156,437 1639579768
1 1 31 17,57 -9,57 -156,395 1639579769
1 1 31 17,32 -9,50 -156,468 1639579769
1 1 31 17,07 -9,57 -156,370 1639579770
1 1 31 16,89 -9,75 -156,425 1639579770
1 1 31 16,82 -10,00 -156,443 1639579771
1 1 31 16,89 -10,25 -156,462 1639579771
1 1 31 17,07 -10,43 -156,462 1639579772
1 1 31 17,32 -10,50 -156,401 1639579772
1 1 31 17,57 -10,43 -156,340 1639579773
1 1 31 17,75 -10,25 -156,443 1639579773
1 1 32 19,32 -5,18 -156,254 1639579774
1 1 32 19,82 -5,18 -156,401 1639579774
1 1 32 19,75 -4,93 -156,468 1639579775
1 1 32 19,57 -4,74 -156,443 1639579775
1 1 32 19,32 -4,68 -156,443 1639579776
1 1 32 19,07 -4,74 -156,407 1639579776
1 1 32 18,89 -4,93 -156,449 1639579777
1 1 32 18,82 -5,18 -156,468 1639579777
1 1 32 18,89 -5,43 -156,376 1639579777
1 1 32 19,07 -5,61 -156,407 1639579778
1 1 32 19,32 -5,68 -156,437 1639579778
1 1 32 19,57 -5,61 -156,431 1639579779
1 1 32 19,75 -5,43 -156,370 1639579779
1 1 33 12,56 -3,36 -156,437 1639579780
1 1 33 13,06 -3,36 -156,376 1639579781
1 1 33 12,99 -3,11 -156,352 1639579781
1 1 33 12,81 -2,93 -156,462 1639579781
1 1 33 12,56 -2,86 -156,431 1639579782
1 1 33 12,31 -2,93 -156,382 1639579783
1 1 33 12,12 -3,11 -156,443 1639579783
1 1 33 12,06 -3,36 -156,437 1639579783
1 1 33 12,12 -3,61 -156,388 1639579784
1 1 33 12,31 -3,80 -156,407 1639579784
1 1 33 12,56 -3,86 -156,437 1639579785
1 1 33 12,81 -3,80 -156,431 1639579785
1 1 33 12,99 -3,61 -156,468 1639579786
1 1 34 9,19 -9,19 -156,388 1639579787
1 1 34 9,69 -9,19 -156,437 1639579787
1 1 34 9,63 -8,94 -156,468 1639579787
1 1 34 9,44 -8,76 -156,419 1639579788
1 1 34 9,19 -8,69 -156,407 1639579789
1 1 34 8,94 -8,76 -156,443 1639579789
1 1 34 8,76 -8,94 -156,462 1639579790
1 1 34 8,69 -9,19 -156,419 1639579790
1 1 34 8,76 -9,44 -156,437 1639579791
1 1 34 8,94 -9,63 -156,443 1639579791
1 1 34 9,19 -9,69 -156,419 1639579792
1 1 34 9,44 -9,63 -156,492 1639579792
1 1 34 9,63 -9,44 -156,419 1639579793
1 1 35 3,36 -12,56 -156,395 1639579793
1 1 35 3,86 -12,56 -156,334 1639579794
1 1 35 3,80 -12,31 -156,346 1639579794
1 1 35 3,61 -12,12 -156,511 1639579794
1 1 35 3,36 -12,06 -156,340 1639579795
1 1 35 3,11 -12,12 -156,376 1639579795
1 1 35 2,93 -12,31 -156,449 1639579795
1 1 35 2,86 -12,56 -156,407 1639579796
1 1 35 2,93 -12,81 -156,443 1639579796
1 1 35 3,11 -12,99 -156,443 1639579797
1 1 35 3,36 -13,06 -156,352 1639579798
1 1 35 3,61 -12,99 -156,449 1639579798
1 1 35 3,80 -12,81 -156,474 1639579798
1 1 36 4,24 -4,24 -156,437 1639579799
1 1 36 4,74 -4,24 -156,401 1639579800
1 1 36 4,68 -3,99 -156,388 1639579801
1 1 36 4,49 -3,81 -156,352 1639579801
1 1 36 4,24 -3,74 -156,449 1639579801
1 1 36 3,99 -3,81 -156,437 1639579802
1 1 36 3,81 -3,99 -156,334 1639579802
1 1 36 3,74 -4,24 -156,364 1639579803
1 1 36 3,81 -4,49 -156,364 1639579803
1 1 36 3,99 -4,68 -156,474 1639579804
1 1 36 4,24 -4,74 -156,358 1639579804
1 1 36 4,49 -4,68 -156,401 1639579805
1 1 36 4,68 -4,49 -156,437 1639579805
1 1 37 27,00 0,00 -156,498 1639579807
1 1 37 27,50 0,00 -156,437 1639579807
1 1 37 27,43 0,25 -156,407 1639579808
1 1 37 27,25 0,43 -156,474 1639579808
1 1 37 27,00 0,50 -156,462 1639579809
1 1 37 26,75 0,43 -156,279 1639579809
1 1 37 26,57 0,25 -156,462 1639579810
1 1 37 26,50 0,00 -156,437 1639579810
1 1 37 26,57 -0,25 -156,437 1639579811
1 1 37 26,75 -0,43 -156,291 1639579811
1 1 37 27,00 -0,50 -156,395 1639579812
1 1 37 27,25 -0,43 -156,382 1639579812
1 1 37 27,43 -0,25 -156,492 1639579813
1 1 38 26,08 6,99 -156,407 1639579813
1 1 38 26,58 6,99 -156,370 1639579814
1 1 38 26,51 7,24 -156,407 1639579815
1 1 38 26,33 7,42 -156,419 1639579815
1 1 38 26,08 7,49 -156,437 1639579816
1 1 38 25,83 7,42 -156,364 1639579816
1 1 38 25,65 7,24 -156,443 1639579816
1 1 38 25,58 6,99 -156,449 1639579817
1 1 38 25,65 6,74 -156,443 1639579818
1 1 38 25,83 6,56 -156,315 1639579818
1 1 38 26,08 6,49 -156,486 1639579819
1 1 38 26,33 6,56 -156,382 1639579819
1 1 38 26,51 6,74 -156,437 1639579819
1 1 39 23,38 13,50 -156,462 1639579820
1 1 39 23,88 13,50 -156,419 1639579821
1 1 39 23,82 13,75 -156,419 1639579822
1 1 39 23,63 13,93 -156,425 1639579822
1 1 39 23,38 14,00 -156,443 1639579822
1 1 39 23,13 13,93 -156,413 1639579823
1 1 39 22,95 13,75 -156,425 1639579823
1 1 39 22,88 13,50 -156,486 1639579824
1 1 39 22,95 13,25 -156,456 1639579824
1 1 39 23,13 13,07 -156,370 1639579825
1 1 39 23,38 13,00 -156,523 1639579825
1 1 39 23,63 13,07 -156,358 1639579826
1 1 39 23,82 13,25 -156,352 1639579826
1 1 40 19,09 19,09 -156,413 1639579827
1 1 40 19,59 19,09 -156,431 1639579828
1 1 40 19,52 19,34 -156,443 1639579828
1 1 40 19,34 19,52 -156,456 1639579828
1 1 40 19,09 19,59 -156,437 1639579829
1 1 40 18,84 19,52 -156,425 1639579830
1 1 40 18,66 19,34 -156,468 1639579830
1 1 40 18,59 19,09 -156,456 1639579830
1 1 40 18,66 18,84 -156,419 1639579831
1 1 40 18,84 18,66 -156,358 1639579831
1 1 40 19,09 18,59 -156,376 1639579831
1 1 40 19,34 18,66 -156,388 1639579832
1 1 40 19,52 18,84 -156,382 1639579832
1 1 41 13,50 23,38 -156,443 1639579833
1 1 41 14,00 23,38 -156,358 1639579834
1 1 41 13,93 23,63 -156,413 1639579834
1 1 41 13,75 23,82 -156,358 1639579835
1 1 41 13,50 23,88 -156,352 1639579835
1 1 41 13,25 23,82 -156,401 1639579836
1 1 41 13,07 23,63 -156,382 1639579836
1 1 41 13,00 23,38 -156,407 1639579837
1 1 41 13,07 23,13 -156,431 1639579837
1 1 41 13,25 22,95 -156,462 1639579838
1 1 41 13,50 22,88 -156,443 1639579838
1 1 41 13,75 22,95 -156,419 1639579839
1 1 41 13,93 23,13 -156,449 1639579839
1 1 42 6,99 26,08 -156,443 1639579840
1 1 42 7,49 26,08 -156,370 1639579841
1 1 42 7,42 26,33 -156,419 1639579841
1 1 42 7,24 26,51 -156,358 1639579842
1 1 42 6,99 26,58 -156,388 1639579842
1 1 42 6,74 26,51 -156,462 1639579842
1 1 42 6,56 26,33 -156,334 1639579843
1 1 42 6,49 26,08 -156,437 1639579844
1 1 42 6,56 25,83 -156,340 1639579844
1 1 42 6,74 25,65 -156,437 1639579845
1 1 42 6,99 25,58 -156,407 1639579845
1 1 42 7,24 25,65 -156,401 1639579846
1 1 42 7,42 25,83 -156,413 1639579846
1 1 43 0,00 27,00 -156,395 1639579847
1 1 43 0,50 27,00 -156,388 1639579847
1 1 43 0,43 27,25 -156,352 1639579848
1 1 43 0,25 27,43 -156,437 1639579848
1 1 43 0,00 27,50 -156,437 1639579849
1 1 43 -0,25 27,43 -156,388 1639579850
1 1 43 -0,43 27,25 -156,388 1639579850
1 1 43 -0,50 27,00 -156,370 1639579851
1 1 43 -0,43 26,75 -156,340 1639579851
1 1 43 -0,25 26,57 -156,437 1639579851
1 1 43 0,00 26,50 -156,456 1639579852
1 1 43 0,25 26,57 -156,395 1639579852
1 1 43 0,43 26,75 -156,413 1639579853
1 1 44 -6,99 26,08 -156,401 1639579854
1 1 44 -6,49 26,08 -156,407 1639579855
1 1 44 -6,56 26,33 -156,480 1639579855
1 1 44 -6,74 26,51 -156,437 1639579856
1 1 44 -6,99 26,58 -156,437 1639579856
1 1 44 -7,24 26,51 -156,443 1639579857
1 1 44 -7,42 26,33 -156,413 1639579857
1 1 44 -7,49 26,08 -156,462 1639579858
1 1 44 -7,42 25,83 -156,407 1639579858
1 1 44 -7,24 25,65 -156,401 1639579858
1 1 44 -6,99 25,58 -156,401 1639579859
1 1 44 -6,74 25,65 -156,388 1639579859
1 1 44 -6,56 25,83 -156,480 1639579859
1 1 45 -13,50 23,38 -156,395 1639579860
1 1 45 -13,00 23,38 -156,437 1639579861
1 1 45 -13,07 23,63 -156,437 1639579861
1 1 45 -13,25 23,82 -156,395 1639579862
1 1 45 -13,50 23,88 -156,431 1639579862
1 1 45 -13,75 23,82 -156,468 1639579862
1 1 45 -13,93 23,63 -156,382 1639579863
1 1 45 -14,00 23,38 -156,456 1639579864
1 1 45 -13,93 23,13 -156,425 1639579864
1 1 45 -13,75 22,95 -156,449 1639579864
1 1 45 -13,50 22,88 -156,456 1639579865
1 1 45 -13,25 22,95 -156,431 1639579866
1 1 45 -13,07 23,13 -156,388 1639579866
1 1 46 -19,09 19,09 -156,334 1639579867
1 1 46 -18,59 19,09 -156,437 1639579867
1 1 46 -18,66 19,34 -156,382 1639579867
1 1 46 -18,84 19,52 -156,437 1639579868
1 1 46 -19,09 19,59 -156,376 1639579869
1 1 46 -19,34 19,52 -156,437 1639579869
1 1 46 -19,52 19,34 -156,449 1639579869
1 1 46 -19,59 19,09 -156,443 1639579870
1 1 46 -19,52 18,84 -156,419 1639579871
1 1 46 -19,34 18,66 -156,462 1639579871
1 1 46 -19,09 18,59 -156,370 1639579871
1 1 46 -18,84 18,66 -156,419 1639579872
1 1 46 -18,66 18,84 -156,358 1639579872
1 1 47 -23,38 13,50 -156,364 1639579873
1 1 47 -22,88 13,50 -156,382 1639579874
1 1 47 -22,95 13,75 -156,346 1639579874
1 1 47 -23,13 13,93 -156,382 1639579875
1 1 47 -23,38 14,00 -156,388 1639579875
1 1 47 -23,63 13,93 -156,352 1639579876
1 1 47 -23,82 13,75 -156,352 1639579876
1 1 47 -23,88 13,50 -156,443 1639579877
1 1 47 -23,82 13,25 -156,449 1639579877
1 1 47 -23,63 13,07 -156,419 1639579878
1 1 47 -23,38 13,00 -156,443 1639579878
1 1 47 -23,13 13,07 -156,449 1639579879
1 1 47 -22,95 13,25 -156,388 1639579879
1 1 48 -26,08 6,99 -156,480 1639579880
1 1 48 -25,58 6,99 -156,413 1639579881
1 1 48 -25,65 7,24 -156,395 1639579881
1 1 48 -25,83 7,42 -156,449 1639579882
1 1 48 -26,08 7,49 -156,462 1639579882
1 1 48 -26,33 7,42 -156,419 1639579883
1 1 48 -26,51 7,24 -156,327 1639579883
1 1 48 -26,58 6,99 -156,327 1639579884
1 1 48 -26,51 6,74 -156,431 1639579884
1 1 48 -26,33 6,56 -156,468 1639579884
1 1 48 -26,08 6,49 -156,395 1639579885
1 1 48 -25,83 6,56 -156,388 1639579885
1 1 48 -25,65 6,74 -156,388 1639579886
1 1 49 -27,00 0,00 -156,437 1639579887
1 1 49 -26,50 0,00 -156,309 1639579887
1 1 49 -26,57 0,25 -156,352 1639579888
1 1 49 -26,75 0,43 -156,443 1639579888
1 1 49 -27,00 0,50 -156,480 1639579889
1 1 49 -27,25 0,43 -156,425 1639579889
1 1 49 -27,43 0,25 -156,443 1639579890
1 1 49 -27,50 0,00 -156,486 1639579890
1 1 49 -27,43 -0,25 -156,419 1639579891
1 1 49 -27,25 -0,43 -156,480 1639579891
1 1 49 -27,00 -0,50 -156,437 1639579892
1 1 49 -26,75 -0,43 -156,437 1639579892
1 1 49 -26,57 -0,25 -156,321 1639579893
1 1 50 -26,08 -6,99 -156,443 1639579894
1 1 50 -25,58 -6,99 -156,474 1639579894
1 1 50 -25,65 -6,74 -156,425 1639579895
1 1 50 -25,83 -6,56 -156,401 1639579895
1 1 50 -26,08 -6,49 -156,437 1639579896
1 1 50 -26,33 -6,56 -156,407 1639579896
1 1 50 -26,51 -6,74 -156,370 1639579896
1 1 50 -26,58 -6,99 -156,382 1639579897
1 1 50 -26,51 -7,24 -156,376 1639579897
1 1 50 -26,33 -7,42 -156,370 1639579898
1 1 50 -26,08 -7,49 -156,431 1639579898
1 1 50 -25,83 -7,42 -156,370 1639579899
1 1 50 -25,65 -7,24 -156,443 1639579899
1 1 51 -23,38 -13,50 -156,443 1639579900
1 1 51 -22,88 -13,50 -156,468 1639579900
1 1 51 -22,95 -13,25 -156,492 1639579901
1 1 51 -23,13 -13,07 -156,395 1639579901
1 1 51 -23,38 -13,00 -156,419 1639579902
1 1 51 -23,63 -13,07 -156,443 1639579902
1 1 51 -23,82 -13,25 -156,395 1639579903
1 1 51 -23,88 -13,50 -156,358 1639579904
1 1 51 -23,82 -13,75 -156,334 1639579904
1 1 51 -23,63 -13,93 -156,498 1639579904
1 1 51 -23,38 -14,00 -156,443 1639579905
1 1 51 -23,13 -13,93 -156,352 1639579906
1 1 51 -22,95 -13,75 -156,480 1639579906
1 1 52 -19,09 -19,09 -156,443 1639579907
1 1 52 -18,59 -19,09 -156,437 1639579907
1 1 52 -18,66 -18,84 -156,437 1639579908
1 1 52 -18,84 -18,66 -156,456 1639579908
1 1 52 -19,09 -18,59 -156,401 1639579909
1 1 52 -19,34 -18,66 -156,376 1639579910
1 1 52 -19,52 -18,84 -156,364 1639579910
1 1 52 -19,59 -19,09 -156,388 1639579910
1 1 52 -19,52 -19,34 -156,437 1639579911
1 1 52 -19,34 -19,52 -156,437 1639579911
1 1 52 -19,09 -19,59 -156,419 1639579912
1 1 52 -18,84 -19,52 -156,431 1639579912
1 1 52 -18,66 -19,34 -156,437 1639579913
1 1 53 -13,50 -23,38 -156,382 1639579913
1 1 53 -13,00 -23,38 -156,364 1639579914
1 1 53 -13,07 -23,13 -156,431 1639579914
1 1 53 -13,25 -22,95 -156,468 1639579915
1 1 53 -13,50 -22,88 -156,486 1639579915
1 1 53 -13,75 -22,95 -156,449 1639579915
1 1 53 -13,93 -23,13 -156,352 1639579916
1 1 53 -14,00 -23,38 -156,395 1639579916
1 1 53 -13,93 -23,63 -156,395 1639579917
1 1 53 -13,75 -23,82 -156,425 1639579917
1 1 53 -13,50 -23,88 -156,401 1639579918
1 1 53 -13,25 -23,82 -156,437 1639579918
1 1 53 -13,07 -23,63 -156,456 1639579919
1 1 54 -6,99 -26,08 -156,456 1639579920
1 1 54 -6,49 -26,08 -156,401 1639579920
1 1 54 -6,56 -25,83 -156,388 1639579921
1 1 54 -6,74 -25,65 -156,462 1639579921
1 1 54 -6,99 -25,58 -156,370 1639579922
1 1 54 -7,24 -25,65 -156,437 1639579922
1 1 54 -7,42 -25,83 -156,425 1639579922
1 1 54 -7,49 -26,08 -156,352 1639579923
1 1 54 -7,42 -26,33 -156,358 1639579923
1 1 54 -7,24 -26,51 -156,437 1639579924
1 1 54 -6,99 -26,58 -156,407 1639579925
1 1 54 -6,74 -26,51 -156,462 1639579925
1 1 54 -6,56 -26,33 -156,437 1639579925
1 1 55 -0,00 -27,00 -156,388 1639579926
1 1 55 0,50 -27,00 -156,395 1639579927
1 1 55 0,43 -26,75 -156,437 1639579927
1 1 55 0,25 -26,57 -156,492 1639579927
1 1 55 -0,00 -26,50 -156,407 1639579928
1 1 55 -0,25 -26,57 -156,498 1639579928
1 1 55 -0,43 -26,75 -156,437 1639579928
1 1 55 -0,50 -27,00 -156,425 1639579929
1 1 55 -0,43 -27,25 -156,358 1639579929
1 1 55 -0,25 -27,43 -156,425 1639579930
1 1 55 -0,00 -27,50 -156,382 1639579930
1 1 55 0,25 -27,43 -156,407 1639579930
1 1 55 0,43 -27,25 -156,498 1639579931
1 1 56 6,99 -26,08 -156,456 1639579932
1 1 56 7,49 -26,08 -156,511 1639579932
1 1 56 7,42 -25,83 -156,474 1639579933
1 1 56 7,24 -25,65 -156,468 1639579933
1 1 56 6,99 -25,58 -156,401 1639579934
1 1 56 6,74 -25,65 -156,413 1639579934
1 1 56 6,56 -25,83 -156,456 1639579935
1 1 56 6,49 -26,08 -156,523 1639579935
1 1 56 6,56 -26,33 -156,425 1639579936
1 1 56 6,74 -26,51 -156,370 1639579936
1 1 56 6,99 -26,58 -156,462 1639579937
1 1 56 7,24 -26,51 -156,376 1639579937
1 1 56 7,42 -26,33 -156,407 1639579938
1 1 57 13,50 -23,38 -156,468 1639579938
1 1 57 14,00 -23,38 -156,407 1639579939
1 1 57 13,93 -23,13 -156,364 1639579940
1 1 57 13,75 -22,95 -156,437 1639579940
1 1 57 13,50 -22,88 -156,474 1639579941
1 1 57 13,25 -22,95 -156,327 1639579941
1 1 57 13,07 -23,13 -156,456 1639579941
1 1 57 13,00 -23,38 -156,462 1639579942
1 1 57 13,07 -23,63 -156,547 1639579942
1 1 57 13,25 -23,82 -156,419 1639579943
1 1 57 13,50 -23,88 -156,437 1639579943
1 1 57 13,75 -23,82 -156,419 1639579944
1 1 57 13,93 -23,63 -156,437 1639579944
1 1 58 19,09 -19,09 -156,480 1639579945
1 1 58 19,59 -19,09 -156,462 1639579946
1 1 58 19,52 -18,84 -156,407 1639579946
1 1 58 19,34 -18,66 -156,437 1639579946
1 1 58 19,09 -18,59 -156,413 1639579947
1 1 58 18,84 -18,66 -156,358 1639579947
1 1 58 18,66 -18,84 -156,511 1639579947
1 1 58 18,59 -19,09 -156,468 1639579948
1 1 58 18,66 -19,34 -156,449 1639579948
1 1 58 18,84 -19,52 -156,425 1639579949
1 1 58 19,09 -19,59 -156,437 1639579949
1 1 58 19,34 -19,52 -156,395 1639579950
1 1 58 19,52 -19,34 -156,480 1639579950
1 1 59 23,38 -13,50 -156,437 1639579951
1 1 59 23,88 -13,50 -156,364 1639579951
1 1 59 23,82 -13,25 -156,376 1639579951
1 1 59 23,63 -13,07 -156,504 1639579952
1 1 59 23,38 -13,00 -156,462 1639579953
1 1 59 23,13 -13,07 -156,486 1639579953
1 1 59 22,95 -13,25 -156,395 1639579954
1 1 59 22,88 -13,50 -156,370 1639579954
1 1 59 22,95 -13,75 -156,401 1639579955
1 1 59 23,13 -13,93 -156,474 1639579955
1 1 59 23,38 -14,00 -156,437 1639579955
1 1 59 23,63 -13,93 -156,388 1639579956
1 1 59 23,82 -13,75 -156,309 1639579957
1 1 60 26,08 -6,99 -156,407 1639579957
1 1 60 26,58 -6,99 -156,449 1639579958
1 1 60 26,51 -6,74 -156,370 1639579959
1 1 60 26,33 -6,56 -156,370 1639579959
1 1 60 26,08 -6,49 -156,425 1639579959
1 1 60 25,83 -6,56 -156,468 1639579960
1 1 60 25,65 -6,74 -156,431 1639579960
1 1 60 25,58 -6,99 -156,346 1639579961
1 1 60 25,65 -7,24 -156,425 1639579962
1 1 60 25,83 -7,42 -156,437 1639579962
1 1 60 26,08 -7,49 -156,419 1639579962
1 1 60 26,33 -7,42 -156,370 1639579963
1 1 60 26,51 -7,24 -156,303 1639579963
