1 1 1 4,24 4,24 -156,535 1639581260
1 1 1 4,74 4,24 -156,480 1639581261
1 1 1 4,68 4,49 -156,437 1639581261
1 1 1 4,49 4,68 -156,486 1639581261
1 1 1 4,24 4,74 -156,535 1639581262
1 1 1 3,99 4,68 -156,474 1639581263
1 1 1 3,81 4,49 -156,407 1639581263
1 1 1 3,74 4,24 -156,462 1639581264
1 1 1 3,81 3,99 -156,474 1639581264
1 1 1 3,99 3,81 -156,468 1639581265
1 1 1 4,24 3,74 -156,511 1639581265
1 1 1 4,49 3,81 -156,523 1639581266
1 1 1 4,68 3,99 -156,523 1639581266
1 1 2 3,36 12,56 -156,578 1639581267
1 1 2 3,86 12,56 -156,425 1639581268
1 1 2 3,80 12,81 -156,480 1639581268
1 1 2 3,61 12,99 -156,474 1639581269
1 1 2 3,36 13,06 -156,523 1639581269
1 1 2 3,11 12,99 -156,492 1639581270
1 1 2 2,93 12,81 -156,480 1639581270
1 1 2 2,86 12,56 -156,511 1639581271
1 1 2 2,93 12,31 -156,449 1639581271
1 1 2 3,11 12,12 -156,492 1639581271
1 1 2 3,36 12,06 -156,535 1639581272
1 1 2 3,61 12,12 -156,498 1639581273
1 1 2 3,80 12,31 -156,449 1639581273
1 1 3 9,19 9,19 -156,511 1639581274
1 1 3 9,69 9,19 -156,535 1639581274
1 1 3 9,63 9,44 -156,572 1639581275
1 1 3 9,44 9,63 -156,572 1639581275
1 1 3 9,19 9,69 -156,523 1639581275
1 1 3 8,94 9,63 -156,547 1639581276
1 1 3 8,76 9,44 -156,498 1639581276
1 1 3 8,69 9,19 -156,504 1639581277
1 1 3 8,76 8,94 -156,559 1639581277
1 1 3 8,94 8,76 -156,504 1639581278
1 1 3 9,19 8,69 -156,559 1639581278
1 1 3 9,44 8,76 -156,486 1639581279
1 1 3 9,63 8,94 -156,602 1639581279
1 1 4 12,56 3,36 -156,517 1639581280
1 1 4 13,06 3,36 -156,498 1639581281
1 1 4 12,99 3,61 -156,492 1639581281
1 1 4 12,81 3,80 -156,504 1639581282
1 1 4 12,56 3,86 -156,504 1639581282
1 1 4 12,31 3,80 -156,462 1639581283
1 1 4 12,12 3,61 -156,498 1639581283
1 1 4 12,06 3,36 -156,553 1639581284
1 1 4 12,12 3,11 -156,529 1639581284
1 1 4 12,31 2,93 -156,498 1639581285
1 1 4 12,56 2,86 -156,523 1639581285
1 1 4 12,81 2,93 -156,517 1639581286
1 1 4 12,99 3,11 -156,523 1639581286
1 1 5 19,32 5,18 -156,456 1639581287
1 1 5 19,82 5,18 -156,498 1639581288
1 1 5 19,75 5,43 -156,559 1639581288
1 1 5 19,57 5,61 -156,468 1639581288
1 1 5 19,32 5,68 -156,486 1639581289
1 1 5 19,07 5,61 -156,565 1639581289
1 1 5 18,89 5,43 -156,523 1639581290
1 1 5 18,82 5,18 -156,511 1639581290
1 1 5 18,89 4,93 -156,498 1639581291
1 1 5 19,07 4,74 -156,553 1639581291
1 1 5 19,32 4,68 -156,474 1639581292
1 1 5 19,57 4,74 -156,523 1639581293
1 1 5 19,75 4,93 -156,474 1639581293
1 1 6 17,32 10,00 -156,504 1639581294
1 1 6 17,82 10,00 -156,529 1639581294
1 1 6 17,75 10,25 -156,529 1639581295
1 1 6 17,57 10,43 -156,498 1639581295
1 1 6 17,32 10,50 -156,572 1639581296
1 1 6 17,07 10,43 -156,498 1639581297
1 1 6 16,89 10,25 -156,480 1639581297
1 1 6 16,82 10,00 -156,523 1639581297
1 1 6 16,89 9,75 -156,517 1639581298
1 1 6 17,07 9,57 -156,504 1639581298
1 1 6 17,32 9,50 -156,498 1639581299
1 1 6 17,57 9,57 -156,504 1639581299
1 1 6 17,75 9,75 -156,572 1639581300
1 1 7 14,14 14,14 -156,480 1639581300
1 1 7 14,64 14,14 -156,504 1639581301
1 1 7 14,58 14,39 -156,498 1639581301
1 1 7 14,39 14,58 -156,449 1639581302
1 1 7 14,14 14,64 -156,517 1639581302
1 1 7 13,89 14,58 -156,511 1639581303
1 1 7 13,71 14,39 -156,535 1639581303
1 1 7 13,64 14,14 -156,456 1639581304
1 1 7 13,71 13,89 -156,553 1639581304
1 1 7 13,89 13,71 -156,535 1639581305
1 1 7 14,14 13,64 -156,474 1639581305
1 1 7 14,39 13,71 -156,523 1639581306
1 1 7 14,58 13,89 -156,498 1639581306
1 1 8 10,00 17,32 -156,517 1639581307
1 1 8 10,50 17,32 -156,474 1639581308
1 1 8 10,43 17,57 -156,504 1639581308
1 1 8 10,25 17,75 -156,547 1639581309
1 1 8 10,00 17,82 -156,523 1639581310
1 1 8 9,75 17,75 -156,529 1639581310
1 1 8 9,57 17,57 -156,486 1639581310
1 1 8 9,50 17,32 -156,529 1639581311
1 1 8 9,57 17,07 -156,480 1639581311
1 1 8 9,75 16,89 -156,541 1639581312
1 1 8 10,00 16,82 -156,541 1639581312
1 1 8 10,25 16,89 -156,504 1639581313
1 1 8 10,43 17,07 -156,486 1639581313
1 1 9 5,18 19,32 -156,541 1639581314
1 1 9 5,68 19,32 -156,517 1639581314
1 1 9 5,61 19,57 -156,523 1639581315
1 1 9 5,43 19,75 -156,541 1639581315
1 1 9 5,18 19,82 -156,498 1639581315
1 1 9 4,93 19,75 -156,498 1639581316
1 1 9 4,74 19,57 -156,541 1639581316
1 1 9 4,68 19,32 -156,523 1639581317
1 1 9 4,74 19,07 -156,498 1639581318
1 1 9 4,93 18,89 -156,529 1639581318
1 1 9 5,18 18,82 -156,529 1639581318
1 1 9 5,43 18,89 -156,498 1639581319
1 1 9 5,61 19,07 -156,504 1639581319
1 1 10 -5,18 19,32 -156,523 1639581321
1 1 10 -4,68 19,32 -156,468 1639581321
1 1 10 -4,74 19,57 -156,547 1639581322
1 1 10 -4,93 19,75 -156,474 1639581322
1 1 10 -5,18 19,82 -156,504 1639581323
1 1 10 -5,43 19,75 -156,498 1639581323
1 1 10 -5,61 19,57 -156,486 1639581323
1 1 10 -5,68 19,32 -156,523 1639581324
1 1 10 -5,61 19,07 -156,523 1639581324
1 1 10 -5,43 18,89 -156,498 1639581324
1 1 10 -5,18 18,82 -156,486 1639581325
1 1 10 -4,93 18,89 -156,572 1639581325
1 1 10 -4,74 19,07 -156,462 1639581325
1 1 11 -10,00 17,32 -156,523 1639581326
1 1 11 -9,50 17,32 -156,504 1639581327
1 1 11 -9,57 17,57 -156,462 1639581328
1 1 11 -9,75 17,75 -156,474 1639581328
1 1 11 -10,00 17,82 -156,559 1639581329
1 1 11 -10,25 17,75 -156,486 1639581329
1 1 11 -10,43 17,57 -156,492 1639581329
1 1 11 -10,50 17,32 -156,492 1639581330
1 1 11 -10,43 17,07 -156,492 1639581331
1 1 11 -10,25 16,89 -156,456 1639581331
1 1 11 -10,00 16,82 -156,523 1639581332
1 1 11 -9,75 16,89 -156,504 1639581332
1 1 11 -9,57 17,07 -156,462 1639581332
1 1 12 -14,14 14,14 -156,559 1639581333
1 1 12 -13,64 14,14 -156,541 1639581334
1 1 12 -13,71 14,39 -156,517 1639581334
1 1 12 -13,89 14,58 -156,523 1639581335
1 1 12 -14,14 14,64 -156,529 1639581335
1 1 12 -14,39 14,58 -156,468 1639581336
1 1 12 -14,58 14,39 -156,523 1639581336
1 1 12 -14,64 14,14 -156,437 1639581337
1 1 12 -14,58 13,89 -156,535 1639581338
1 1 12 -14,39 13,71 -156,498 1639581338
1 1 12 -14,14 13,64 -156,468 1639581339
1 1 12 -13,89 13,71 -156,498 1639581339
1 1 12 -13,71 13,89 -156,535 1639581340
1 1 13 -17,32 10,00 -156,529 1639581340
1 1 13 -16,82 10,00 -156,474 1639581341
1 1 13 -16,89 10,25 -156,517 1639581341
1 1 13 -17,07 10,43 -156,565 1639581342
1 1 13 -17,32 10,50 -156,572 1639581342
1 1 13 -17,57 10,43 -156,462 1639581343
1 1 13 -17,75 10,25 -156,498 1639581343
1 1 13 -17,82 10,00 -156,462 1639581344
1 1 13 -17,75 9,75 -156,443 1639581344
1 1 13 -17,57 9,57 -156,529 1639581345
1 1 13 -17,32 9,50 -156,468 1639581345
1 1 13 -17,07 9,57 -156,492 1639581346
1 1 13 -16,89 9,75 -156,498 1639581346
1 1 14 -19,32 5,18 -156,529 1639581347
1 1 14 -18,82 5,18 -156,498 1639581347
1 1 14 -18,89 5,43 -156,553 1639581347
1 1 14 -19,07 5,61 -156,559 1639581348
1 1 14 -19,32 5,68 -156,840 1639581348
1 1 14 -19,57 5,61 -156,572 1639581349
1 1 14 -19,75 5,43 -156,437 1639581349
1 1 14 -19,82 5,18 -156,462 1639581349
1 1 14 -19,75 4,93 -156,529 1639581350
1 1 14 -19,57 4,74 -156,437 1639581350
1 1 14 -19,32 4,68 -156,498 1639581350
1 1 14 -19,07 4,74 -156,498 1639581351
1 1 14 -18,89 4,93 -156,498 1639581351
1 1 15 -12,56 3,36 -156,523 1639581352
1 1 15 -12,06 3,36 -156,498 1639581353
1 1 15 -12,12 3,61 -156,565 1639581354
1 1 15 -12,31 3,80 -156,486 1639581354
1 1 15 -12,56 3,86 -156,504 1639581354
1 1 15 -12,81 3,80 -156,468 1639581355
1 1 15 -12,99 3,61 -156,486 1639581355
1 1 15 -13,06 3,36 -156,492 1639581356
1 1 15 -12,99 3,11 -156,498 1639581356
1 1 15 -12,81 2,93 -156,492 1639581357
1 1 15 -12,56 2,86 -156,492 1639581357
1 1 15 -12,31 2,93 -156,498 1639581358
1 1 15 -12,12 3,11 -156,529 1639581358
1 1 16 -9,19 9,19 -156,480 1639581359
1 1 16 -8,69 9,19 -156,541 1639581360
1 1 16 -8,76 9,44 -156,559 1639581360
1 1 16 -8,94 9,63 -156,523 1639581360
1 1 16 -9,19 9,69 -156,529 1639581361
1 1 16 -9,44 9,63 -156,498 1639581361
1 1 16 -9,63 9,44 -156,480 1639581362
1 1 16 -9,69 9,19 -156,498 1639581362
1 1 16 -9,63 8,94 -156,474 1639581363
1 1 16 -9,44 8,76 -156,462 1639581363
1 1 16 -9,19 8,69 -156,504 1639581364
1 1 16 -8,94 8,76 -156,541 1639581364
1 1 16 -8,76 8,94 -156,535 1639581365
1 1 17 -3,36 12,56 -156,523 1639581365
1 1 17 -2,86 12,56 -156,486 1639581366
1 1 17 -2,93 12,81 -156,559 1639581367
1 1 17 -3,11 12,99 -156,480 1639581367
1 1 17 -3,36 13,06 -156,523 1639581368
1 1 17 -3,61 12,99 -156,498 1639581368
1 1 17 -3,80 12,81 -156,474 1639581368
1 1 17 -3,86 12,56 -156,437 1639581369
1 1 17 -3,80 12,31 -156,523 1639581370
1 1 17 -3,61 12,12 -156,529 1639581370
1 1 17 -3,36 12,06 -156,523 1639581370
1 1 17 -3,11 12,12 -156,565 1639581371
1 1 17 -2,93 12,31 -156,511 1639581371
1 1 18 -4,24 4,24 -156,492 1639581372
1 1 18 -3,74 4,24 -156,517 1639581373
1 1 18 -3,81 4,49 -156,553 1639581374
1 1 18 -3,99 4,68 -156,529 1639581374
1 1 18 -4,24 4,74 -156,504 1639581374
1 1 18 -4,49 4,68 -156,468 1639581375
1 1 18 -4,68 4,49 -156,572 1639581375
1 1 18 -4,74 4,24 -156,547 1639581375
1 1 18 -4,68 3,99 -156,572 1639581376
1 1 18 -4,49 3,81 -156,462 1639581376
1 1 18 -4,24 3,74 -156,565 1639581377
1 1 18 -3,99 3,81 -156,559 1639581377
1 1 18 -3,81 3,99 -156,462 1639581378
1 1 19 -4,24 -4,24 -156,523 1639581379
1 1 19 -3,74 -4,24 -156,565 1639581379
1 1 19 -3,81 -3,99 -156,498 1639581380
1 1 19 -3,99 -3,81 -156,523 1639581380
1 1 19 -4,24 -3,74 -156,468 1639581381
1 1 19 -4,49 -3,81 -156,553 1639581381
1 1 19 -4,68 -3,99 -156,529 1639581382
1 1 19 -4,74 -4,24 -156,565 1639581382
1 1 19 -4,68 -4,49 -156,523 1639581383
1 1 19 -4,49 -4,68 -156,523 1639581383
1 1 19 -4,24 -4,74 -156,559 1639581384
1 1 19 -3,99 -4,68 -156,492 1639581384
1 1 19 -3,81 -4,49 -156,468 1639581384
1 1 20 -3,36 -12,56 -156,504 1639581386
1 1 20 -2,86 -12,56 -156,559 1639581386
1 1 20 -2,93 -12,31 -156,517 1639581386
1 1 20 -3,11 -12,12 -156,523 1639581387
1 1 20 -3,36 -12,06 -156,504 1639581388
1 1 20 -3,61 -12,12 -156,480 1639581388
1 1 20 -3,80 -12,31 -156,498 1639581388
1 1 20 -3,86 -12,56 -156,498 1639581389
1 1 20 -3,80 -12,81 -156,474 1639581390
1 1 20 -3,61 -12,99 -156,511 1639581390
1 1 20 -3,36 -13,06 -156,492 1639581391
1 1 20 -3,11 -12,99 -156,523 1639581391
1 1 20 -2,93 -12,81 -156,480 1639581391
1 1 21 -9,19 -9,19 -156,523 1639581392
1 1 21 -8,69 -9,19 -156,541 1639581393
1 1 21 -8,76 -8,94 -156,511 1639581393
1 1 21 -8,94 -8,76 -156,480 1639581393
1 1 21 -9,19 -8,69 -156,504 1639581394
1 1 21 -9,44 -8,76 -156,492 1639581394
1 1 21 -9,63 -8,94 -156,529 1639581395
1 1 21 -9,69 -9,19 -156,541 1639581395
1 1 21 -9,63 -9,44 -156,504 1639581396
1 1 21 -9,44 -9,63 -156,492 1639581396
1 1 21 -9,19 -9,69 -156,474 1639581397
1 1 21 -8,94 -9,63 -156,474 1639581397
1 1 21 -8,76 -9,44 -156,517 1639581398
1 1 22 -12,56 -3,36 -156,504 1639581399
1 1 22 -12,06 -3,36 -156,535 1639581399
1 1 22 -12,12 -3,11 -156,498 1639581399
1 1 22 -12,31 -2,93 -156,498 1639581399
1 1 22 -12,56 -2,86 -156,468 1639581400
1 1 22 -12,81 -2,93 -156,504 1639581400
1 1 22 -12,99 -3,11 -156,474 1639581401
1 1 22 -13,06 -3,36 -156,504 1639581401
1 1 22 -12,99 -3,61 -156,523 1639581402
1 1 22 -12,81 -3,80 -156,462 1639581402
1 1 22 -12,56 -3,86 -156,511 1639581403
1 1 22 -12,31 -3,80 -156,535 1639581403
1 1 22 -12,12 -3,61 -156,535 1639581404
1 1 23 -19,32 -5,18 -156,462 1639581405
1 1 23 -18,82 -5,18 -156,480 1639581405
1 1 23 -18,89 -4,93 -156,511 1639581405
1 1 23 -19,07 -4,74 -156,474 1639581406
1 1 23 -19,32 -4,68 -156,462 1639581406
1 1 23 -19,57 -4,74 -156,443 1639581406
1 1 23 -19,75 -4,93 -156,511 1639581407
1 1 23 -19,82 -5,18 -156,657 1639581407
1 1 23 -19,75 -5,43 -156,437 1639581407
1 1 23 -19,57 -5,61 -156,498 1639581408
1 1 23 -19,32 -5,68 -156,462 1639581409
1 1 23 -19,07 -5,61 -156,437 1639581409
1 1 23 -18,89 -5,43 -156,486 1639581410
1 1 24 -17,32 -10,00 -156,492 1639581411
1 1 24 -16,82 -10,00 -156,504 1639581411
1 1 24 -16,89 -9,75 -156,523 1639581412
1 1 24 -17,07 -9,57 -156,468 1639581412
1 1 24 -17,32 -9,50 -156,511 1639581413
1 1 24 -17,57 -9,57 -156,492 1639581413
1 1 24 -17,75 -9,75 -156,443 1639581414
1 1 24 -17,82 -10,00 -156,468 1639581414
1 1 24 -17,75 -10,25 -156,517 1639581415
1 1 24 -17,57 -10,43 -156,462 1639581415
1 1 24 -17,32 -10,50 -156,474 1639581416
1 1 24 -17,07 -10,43 -156,517 1639581416
1 1 24 -16,89 -10,25 -156,474 1639581417
1 1 25 -14,14 -14,14 -156,511 1639581418
1 1 25 -13,64 -14,14 -156,498 1639581418
1 1 25 -13,71 -13,89 -156,559 1639581419
1 1 25 -13,89 -13,71 -156,511 1639581419
1 1 25 -14,14 -13,64 -156,517 1639581420
1 1 25 -14,39 -13,71 -156,529 1639581420
1 1 25 -14,58 -13,89 -156,498 1639581420
1 1 25 -14,64 -14,14 -156,474 1639581421
1 1 25 -14,58 -14,39 -156,504 1639581422
1 1 25 -14,39 -14,58 -156,480 1639581422
1 1 25 -14,14 -14,64 -156,553 1639581422
1 1 25 -13,89 -14,58 -156,492 1639581423
1 1 25 -13,71 -14,39 -156,596 1639581423
1 1 26 -10,00 -17,32 -156,498 1639581424
1 1 26 -9,50 -17,32 -156,468 1639581425
1 1 26 -9,57 -17,07 -156,541 1639581425
1 1 26 -9,75 -16,89 -156,492 1639581426
1 1 26 -10,00 -16,82 -156,504 1639581426
1 1 26 -10,25 -16,89 -156,486 1639581427
1 1 26 -10,43 -17,07 -156,529 1639581427
1 1 26 -10,50 -17,32 -156,559 1639581428
1 1 26 -10,43 -17,57 -156,559 1639581428
1 1 26 -10,25 -17,75 -156,553 1639581428
1 1 26 -10,00 -17,82 -156,517 1639581429
1 1 26 -9,75 -17,75 -156,559 1639581429
1 1 26 -9,57 -17,57 -156,553 1639581429
1 1 27 -5,18 -19,32 -156,480 1639581430
1 1 27 -4,68 -19,32 -156,462 1639581431
1 1 27 -4,74 -19,07 -156,486 1639581431
1 1 27 -4,93 -18,89 -156,492 1639581432
1 1 27 -5,18 -18,82 -156,504 1639581432
1 1 27 -5,43 -18,89 -156,480 1639581433
1 1 27 -5,61 -19,07 -156,468 1639581433
1 1 27 -5,68 -19,32 -156,535 1639581434
1 1 27 -5,61 -19,57 -156,523 1639581434
1 1 27 -5,43 -19,75 -156,541 1639581435
1 1 27 -5,18 -19,82 -156,437 1639581435
1 1 27 -4,93 -19,75 -156,468 1639581436
1 1 27 -4,74 -19,57 -156,492 1639581436
1 1 28 5,18 -19,32 -156,529 1639581437
1 1 28 5,68 -19,32 -156,492 1639581438
1 1 28 5,61 -19,07 -156,498 1639581438
1 1 28 5,43 -18,89 -156,578 1639581439
1 1 28 5,18 -18,82 -156,462 1639581439
1 1 28 4,93 -18,89 -156,553 1639581440
1 1 28 4,74 -19,07 -156,492 1639581440
1 1 28 4,68 -19,32 -156,535 1639581441
1 1 28 4,74 -19,57 -156,498 1639581441
1 1 28 4,93 -19,75 -156,517 1639581442
1 1 28 5,18 -19,82 -156,486 1639581442
1 1 28 5,43 -19,75 -156,449 1639581443
1 1 28 5,61 -19,57 -156,517 1639581443
1 1 29 10,00 -17,32 -156,468 1639581444
1 1 29 10,50 -17,32 -156,474 1639581445
1 1 29 10,43 -17,07 -156,541 1639581445
1 1 29 10,25 -16,89 -156,504 1639581446
1 1 29 10,00 -16,82 -156,474 1639581446
1 1 29 9,75 -16,89 -156,517 1639581447
1 1 29 9,57 -17,07 -156,486 1639581447
1 1 29 9,50 -17,32 -156,492 1639581448
1 1 29 9,57 -17,57 -156,504 1639581448
1 1 29 9,75 -17,75 -156,462 1639581449
1 1 29 10,00 -17,82 -156,565 1639581449
1 1 29 10,25 -17,75 -156,504 1639581450
1 1 29 10,43 -17,57 -156,517 1639581450
1 1 30 14,14 -14,14 -156,468 1639581451
1 1 30 14,64 -14,14 -156,541 1639581451
1 1 30 14,58 -13,89 -156,523 1639581452
1 1 30 14,39 -13,71 -156,547 1639581452
1 1 30 14,14 -13,64 -156,492 1639581453
1 1 30 13,89 -13,71 -156,443 1639581454
1 1 30 13,71 -13,89 -156,504 1639581454
1 1 30 13,64 -14,14 -156,535 1639581454
1 1 30 13,71 -14,39 -156,327 1639581455
1 1 30 13,89 -14,58 -156,498 1639581455
1 1 30 14,14 -14,64 -156,529 1639581456
1 1 30 14,39 -14,58 -156,504 1639581456
1 1 30 14,58 -14,39 -156,553 1639581457
1 1 31 17,32 -10,00 -156,492 1639581458
1 1 31 17,82 -10,00 -156,498 1639581458
1 1 31 17,75 -9,75 -156,523 1639581458
1 1 31 17,57 -9,57 -156,529 1639581459
1 1 31 17,32 -9,50 -156,486 1639581460
1 1 31 17,07 -9,57 -156,553 1639581461
1 1 31 16,89 -9,75 -156,474 1639581461
1 1 31 16,82 -10,00 -156,565 1639581461
1 1 31 16,89 -10,25 -156,498 1639581462
1 1 31 17,07 -10,43 -156,480 1639581462
1 1 31 17,32 -10,50 -156,504 1639581463
1 1 31 17,57 -10,43 -156,523 1639581463
1 1 31 17,75 -10,25 -156,596 1639581464
1 1 32 19,32 -5,18 -156,443 1639581464
1 1 32 19,82 -5,18 -156,517 1639581465
1 1 32 19,75 -4,93 -156,492 1639581466
1 1 32 19,57 -4,74 -156,498 1639581466
1 1 32 19,32 -4,68 -156,535 1639581467
1 1 32 19,07 -4,74 -156,468 1639581467
1 1 32 18,89 -4,93 -156,523 1639581468
1 1 32 18,82 -5,18 -156,541 1639581468
1 1 32 18,89 -5,43 -156,498 1639581469
1 1 32 19,07 -5,61 -156,541 1639581469
1 1 32 19,32 -5,68 -156,565 1639581469
1 1 32 19,57 -5,61 -156,504 1639581470
1 1 32 19,75 -5,43 -156,565 1639581470
1 1 33 12,56 -3,36 -156,462 1639581471
1 1 33 13,06 -3,36 -156,486 1639581472
1 1 33 12,99 -3,11 -156,523 1639581472
1 1 33 12,81 -2,93 -156,529 1639581472
1 1 33 12,56 -2,86 -156,492 1639581473
1 1 33 12,31 -2,93 -156,535 1639581473
1 1 33 12,12 -3,11 -156,492 1639581473
1 1 33 12,06 -3,36 -156,456 1639581474
1 1 33 12,12 -3,61 -156,535 1639581474
1 1 33 12,31 -3,80 -156,517 1639581474
1 1 33 12,56 -3,86 -156,504 1639581475
1 1 33 12,81 -3,80 -156,541 1639581475
1 1 33 12,99 -3,61 -156,517 1639581476
1 1 34 9,19 -9,19 -156,529 1639581477
1 1 34 9,69 -9,19 -156,529 1639581477
1 1 34 9,63 -8,94 -156,565 1639581477
1 1 34 9,44 -8,76 -156,517 1639581477
1 1 34 9,19 -8,69 -156,468 1639581478
1 1 34 8,94 -8,76 -156,535 1639581479
1 1 34 8,76 -8,94 -156,504 1639581479
1 1 34 8,69 -9,19 -156,523 1639581480
1 1 34 8,76 -9,44 -156,517 1639581480
1 1 34 8,94 -9,63 -156,529 1639581480
1 1 34 9,19 -9,69 -156,553 1639581481
1 1 34 9,44 -9,63 -156,504 1639581482
1 1 34 9,63 -9,44 -156,541 1639581482
1 1 35 3,36 -12,56 -156,492 1639581483
1 1 35 3,86 -12,56 -156,468 1639581483
1 1 35 3,80 -12,31 -156,498 1639581484
1 1 35 3,61 -12,12 -156,504 1639581484
1 1 35 3,36 -12,06 -156,443 1639581485
1 1 35 3,11 -12,12 -156,462 1639581485
1 1 35 2,93 -12,31 -156,529 1639581485
1 1 35 2,86 -12,56 -156,456 1639581486
1 1 35 2,93 -12,81 -156,443 1639581487
1 1 35 3,11 -12,99 -156,413 1639581487
1 1 35 3,36 -13,06 -156,480 1639581487
1 1 35 3,61 -12,99 -156,498 1639581488
1 1 35 3,80 -12,81 -156,486 1639581488
1 1 36 4,24 -4,24 -156,559 1639581489
1 1 36 4,74 -4,24 -156,572 1639581489
1 1 36 4,68 -3,99 -156,584 1639581490
1 1 36 4,49 -3,81 -156,565 1639581490
1 1 36 4,24 -3,74 -156,474 1639581491
1 1 36 3,99 -3,81 -156,535 1639581492
1 1 36 3,81 -3,99 -156,523 1639581492
1 1 36 3,74 -4,24 -156,529 1639581493
1 1 36 3,81 -4,49 -156,468 1639581493
1 1 36 3,99 -4,68 -156,486 1639581493
1 1 36 4,24 -4,74 -156,523 1639581494
1 1 36 4,49 -4,68 -156,486 1639581495
1 1 36 4,68 -4,49 -156,517 1639581495
1 1 37 27,00 0,00 -156,474 1639581496
1 1 37 27,50 0,00 -156,449 1639581497
1 1 37 27,43 0,25 -156,498 1639581497
1 1 37 27,25 0,43 -156,474 1639581497
1 1 37 27,00 0,50 -156,492 1639581498
1 1 37 26,75 0,43 -156,504 1639581499
1 1 37 26,57 0,25 -156,529 1639581499
1 1 37 26,50 0,00 -156,480 1639581500
1 1 37 26,57 -0,25 -156,511 1639581500
1 1 37 26,75 -0,43 -156,486 1639581500
1 1 37 27,00 -0,50 -156,456 1639581501
1 1 37 27,25 -0,43 -156,498 1639581502
1 1 37 27,43 -0,25 -156,523 1639581502
1 1 38 26,08 6,99 -156,492 1639581503
1 1 38 26,58 6,99 -156,492 1639581504
1 1 38 26,51 7,24 -156,523 1639581504
1 1 38 26,33 7,42 -156,443 1639581505
1 1 38 26,08 7,49 -156,498 1639581505
1 1 38 25,83 7,42 -156,480 1639581506
1 1 38 25,65 7,24 -156,468 1639581506
1 1 38 25,58 6,99 -156,474 1639581506
1 1 38 25,65 6,74 -156,456 1639581507
1 1 38 25,83 6,56 -156,486 1639581507
1 1 38 26,08 6,49 -156,498 1639581508
1 1 38 26,33 6,56 -156,437 1639581509
1 1 38 26,51 6,74 -156,504 1639581509
1 1 39 23,38 13,50 -156,443 1639581510
1 1 39 23,88 13,50 -156,565 1639581510
1 1 39 23,82 13,75 -156,523 1639581511
1 1 39 23,63 13,93 -156,486 1639581511
1 1 39 23,38 14,00 -156,523 1639581512
1 1 39 23,13 13,93 -156,559 1639581513
1 1 39 22,95 13,75 -156,480 1639581513
1 1 39 22,88 13,50 -156,474 1639581514
1 1 39 22,95 13,25 -156,456 1639581514
1 1 39 23,13 13,07 -156,498 1639581514
1 1 39 23,38 13,00 -156,462 1639581515
1 1 39 23,63 13,07 -156,511 1639581516
1 1 39 23,82 13,25 -156,517 1639581516
1 1 40 19,09 19,09 -156,523 1639581517
1 1 40 19,59 19,09 -156,504 1639581517
1 1 40 19,52 19,34 -156,553 1639581517
1 1 40 19,34 19,52 -156,511 1639581518
1 1 40 19,09 19,59 -156,480 1639581519
1 1 40 18,84 19,52 -156,529 1639581519
1 1 40 18,66 19,34 -156,559 1639581520
1 1 40 18,59 19,09 -156,523 1639581520
1 1 40 18,66 18,84 -156,504 1639581521
1 1 40 18,84 18,66 -156,517 1639581521
1 1 40 19,09 18,59 -156,480 1639581522
1 1 40 19,34 18,66 -156,468 1639581522
1 1 40 19,52 18,84 -156,541 1639581523
1 1 41 13,50 23,38 -156,529 1639581524
1 1 41 14,00 23,38 -156,462 1639581524
1 1 41 13,93 23,63 -156,559 1639581524
1 1 41 13,75 23,82 -156,474 1639581525
1 1 41 13,50 23,88 -156,523 1639581525
1 1 41 13,25 23,82 -156,504 1639581525
1 1 41 13,07 23,63 -156,498 1639581526
1 1 41 13,00 23,38 -156,547 1639581527
1 1 41 13,07 23,13 -156,529 1639581527
1 1 41 13,25 22,95 -156,474 1639581527
1 1 41 13,50 22,88 -156,535 1639581528
1 1 41 13,75 22,95 -156,486 1639581529
1 1 41 13,93 23,13 -156,474 1639581529
1 1 42 6,99 26,08 -156,468 1639581530
1 1 42 7,49 26,08 -156,517 1639581530
1 1 42 7,42 26,33 -156,443 1639581531
1 1 42 7,24 26,51 -156,535 1639581531
1 1 42 6,99 26,58 -156,541 1639581531
1 1 42 6,74 26,51 -156,559 1639581532
1 1 42 6,56 26,33 -156,498 1639581532
1 1 42 6,49 26,08 -156,523 1639581533
1 1 42 6,56 25,83 -156,529 1639581534
1 1 42 6,74 25,65 -156,486 1639581534
1 1 42 6,99 25,58 -156,486 1639581535
1 1 42 7,24 25,65 -156,541 1639581535
1 1 42 7,42 25,83 -156,511 1639581535
1 1 43 0,00 27,00 -156,498 1639581536
1 1 43 0,50 27,00 -156,498 1639581537
1 1 43 0,43 27,25 -156,504 1639581537
1 1 43 0,25 27,43 -156,504 1639581538
1 1 43 0,00 27,50 -156,504 1639581539
1 1 43 -0,25 27,43 -156,511 1639581539
1 1 43 -0,43 27,25 -156,529 1639581539
1 1 43 -0,50 27,00 -156,584 1639581540
1 1 43 -0,43 26,75 -156,578 1639581540
1 1 43 -0,25 26,57 -156,486 1639581541
1 1 43 0,00 26,50 -156,504 1639581541
1 1 43 0,25 26,57 -156,517 1639581542
1 1 43 0,43 26,75 -156,498 1639581542
1 1 44 -6,99 26,08 -156,504 1639581543
1 1 44 -6,49 26,08 -156,504 1639581544
1 1 44 -6,56 26,33 -156,547 1639581544
1 1 44 -6,74 26,51 -156,547 1639581545
1 1 44 -6,99 26,58 -156,498 1639581545
1 1 44 -7,24 26,51 -156,504 1639581546
1 1 44 -7,42 26,33 -156,431 1639581546
1 1 44 -7,49 26,08 -156,529 1639581547
1 1 44 -7,42 25,83 -156,480 1639581547
1 1 44 -7,24 25,65 -156,480 1639581548
1 1 44 -6,99 25,58 -156,474 1639581548
1 1 44 -6,74 25,65 -156,535 1639581549
1 1 44 -6,56 25,83 -156,498 1639581549
1 1 45 -13,50 23,38 -156,480 1639581550
1 1 45 -13,00 23,38 -156,504 1639581550
1 1 45 -13,07 23,63 -156,553 1639581550
1 1 45 -13,25 23,82 -156,523 1639581551
1 1 45 -13,50 23,88 -156,511 1639581551
1 1 45 -13,75 23,82 -156,498 1639581552
1 1 45 -13,93 23,63 -156,486 1639581552
1 1 45 -14,00 23,38 -156,511 1639581552
1 1 45 -13,93 23,13 -156,456 1639581553
1 1 45 -13,75 22,95 -156,498 1639581553
1 1 45 -13,50 22,88 -156,498 1639581553
1 1 45 -13,25 22,95 -156,517 1639581554
1 1 45 -13,07 23,13 -156,486 1639581554
1 1 46 -19,09 19,09 -156,523 1639581555
1 1 46 -18,59 19,09 -156,492 1639581556
1 1 46 -18,66 19,34 -156,553 1639581556
1 1 46 -18,84 19,52 -156,529 1639581557
1 1 46 -19,09 19,59 -156,529 1639581557
1 1 46 -19,34 19,52 -156,523 1639581558
1 1 46 -19,52 19,34 -156,486 1639581558
1 1 46 -19,59 19,09 -156,492 1639581559
1 1 46 -19,52 18,84 -156,535 1639581559
1 1 46 -19,34 18,66 -156,498 1639581560
1 1 46 -19,09 18,59 -156,498 1639581560
1 1 46 -18,84 18,66 -156,492 1639581561
1 1 46 -18,66 18,84 -156,480 1639581561
1 1 47 -23,38 13,50 -156,498 1639581562
1 1 47 -22,88 13,50 -156,486 1639581562
1 1 47 -22,95 13,75 -156,547 1639581563
1 1 47 -23,13 13,93 -156,474 1639581563
1 1 47 -23,38 14,00 -156,504 1639581563
1 1 47 -23,63 13,93 -156,498 1639581564
1 1 47 -23,82 13,75 -156,504 1639581564
1 1 47 -23,88 13,50 -156,553 1639581565
1 1 47 -23,82 13,25 -156,492 1639581566
1 1 47 -23,63 13,07 -156,553 1639581566
1 1 47 -23,38 13,00 -156,498 1639581566
1 1 47 -23,13 13,07 -156,517 1639581567
1 1 47 -22,95 13,25 -156,468 1639581567
1 1 48 -26,08 6,99 -156,523 1639581568
1 1 48 -25,58 6,99 -156,517 1639581569
1 1 48 -25,65 7,24 -156,529 1639581569
1 1 48 -25,83 7,42 -156,559 1639581570
1 1 48 -26,08 7,49 -156,474 1639581570
1 1 48 -26,33 7,42 -156,504 1639581571
1 1 48 -26,51 7,24 -156,474 1639581571
1 1 48 -26,58 6,99 -156,523 1639581572
1 1 48 -26,51 6,74 -156,486 1639581572
1 1 48 -26,33 6,56 -156,547 1639581573
1 1 48 -26,08 6,49 -156,541 1639581573
1 1 48 -25,83 6,56 -156,504 1639581574
1 1 48 -25,65 6,74 -156,498 1639581574
1 1 49 -27,00 0,00 -156,529 1639581575
1 1 49 -26,50 0,00 -156,431 1639581575
1 1 49 -26,57 0,25 -156,498 1639581576
1 1 49 -26,75 0,43 -156,492 1639581576
1 1 49 -27,00 0,50 -156,541 1639581576
1 1 49 -27,25 0,43 -156,443 1639581577
1 1 49 -27,43 0,25 -156,498 1639581577
1 1 49 -27,50 0,00 -156,419 1639581577
1 1 49 -27,43 -0,25 -156,413 1639581578
1 1 49 -27,25 -0,43 -156,443 1639581578
1 1 49 -27,00 -0,50 -156,474 1639581579
1 1 49 -26,75 -0,43 -156,547 1639581580
1 1 49 -26,57 -0,25 -156,492 1639581580
1 1 50 -26,08 -6,99 -156,523 1639581581
1 1 50 -25,58 -6,99 -156,565 1639581581
1 1 50 -25,65 -6,74 -156,541 1639581581
1 1 50 -25,83 -6,56 -156,449 1639581582
1 1 50 -26,08 -6,49 -156,468 1639581583
1 1 50 -26,33 -6,56 -156,529 1639581583
1 1 50 -26,51 -6,74 -156,529 1639581584
1 1 50 -26,58 -6,99 -156,486 1639581584
1 1 50 -26,51 -7,24 -156,523 1639581585
1 1 50 -26,33 -7,42 -156,529 1639581585
1 1 50 -26,08 -7,49 -156,480 1639581586
1 1 50 -25,83 -7,42 -156,553 1639581586
1 1 50 -25,65 -7,24 -156,517 1639581586
1 1 51 -23,38 -13,50 -156,511 1639581587
1 1 51 -22,88 -13,50 -156,559 1639581587
1 1 51 -22,95 -13,25 -156,511 1639581588
1 1 51 -23,13 -13,07 -156,547 1639581588
1 1 51 -23,38 -13,00 -156,504 1639581588
1 1 51 -23,63 -13,07 -156,480 1639581589
1 1 51 -23,82 -13,25 -156,517 1639581589
1 1 51 -23,88 -13,50 -156,523 1639581590
1 1 51 -23,82 -13,75 -156,486 1639581591
1 1 51 -23,63 -13,93 -156,504 1639581591
1 1 51 -23,38 -14,00 -156,480 1639581591
1 1 51 -23,13 -13,93 -156,474 1639581592
1 1 51 -22,95 -13,75 -156,486 1639581592
1 1 52 -19,09 -19,09 -156,462 1639581593
1 1 52 -18,59 -19,09 -156,511 1639581593
1 1 52 -18,66 -18,84 -156,529 1639581594
1 1 52 -18,84 -18,66 -156,523 1639581594
1 1 52 -19,09 -18,59 -156,572 1639581594
1 1 52 -19,34 -18,66 -156,523 1639581595
1 1 52 -19,52 -18,84 -156,523 1639581595
1 1 52 -19,59 -19,09 -156,517 1639581596
1 1 52 -19,52 -19,34 -156,523 1639581596
1 1 52 -19,34 -19,52 -156,468 1639581597
1 1 52 -19,09 -19,59 -156,492 1639581597
1 1 52 -18,84 -19,52 -156,523 1639581598
1 1 52 -18,66 -19,34 -156,511 1639581598
1 1 53 -13,50 -23,38 -156,498 1639581599
1 1 53 -13,00 -23,38 -156,498 1639581599
1 1 53 -13,07 -23,13 -156,553 1639581600
1 1 53 -13,25 -22,95 -156,559 1639581600
1 1 53 -13,50 -22,88 -156,468 1639581600
1 1 53 -13,75 -22,95 -156,468 1639581601
1 1 53 -13,93 -23,13 -156,498 1639581601
1 1 53 -14,00 -23,38 -156,553 1639581602
1 1 53 -13,93 -23,63 -156,541 1639581603
1 1 53 -13,75 -23,82 -156,492 1639581603
1 1 53 -13,50 -23,88 -156,529 1639581603
1 1 53 -13,25 -23,82 -156,474 1639581604
1 1 53 -13,07 -23,63 -156,559 1639581604
1 1 54 -6,99 -26,08 -156,468 1639581605
1 1 54 -6,49 -26,08 -156,486 1639581606
1 1 54 -6,56 -25,83 -156,498 1639581606
1 1 54 -6,74 -25,65 -156,541 1639581607
1 1 54 -6,99 -25,58 -156,517 1639581607
1 1 54 -7,24 -25,65 -156,480 1639581608
1 1 54 -7,42 -25,83 -156,517 1639581608
1 1 54 -7,49 -26,08 -156,541 1639581608
1 1 54 -7,42 -26,33 -156,559 1639581609
1 1 54 -7,24 -26,51 -156,511 1639581609
1 1 54 -6,99 -26,58 -156,504 1639581610
1 1 54 -6,74 -26,51 -156,547 1639581611
1 1 54 -6,56 -26,33 -156,486 1639581611
1 1 55 -0,00 -27,00 -156,511 1639581612
1 1 55 0,50 -27,00 -156,462 1639581612
1 1 55 0,43 -26,75 -156,480 1639581612
1 1 55 0,25 -26,57 -156,504 1639581613
1 1 55 -0,00 -26,50 -156,529 1639581614
1 1 55 -0,25 -26,57 -156,529 1639581614
1 1 55 -0,43 -26,75 -156,559 1639581615
1 1 55 -0,50 -27,00 -156,474 1639581615
1 1 55 -0,43 -27,25 -156,523 1639581616
1 1 55 -0,25 -27,43 -156,535 1639581616
1 1 55 -0,00 -27,50 -156,523 1639581617
1 1 55 0,25 -27,43 -156,492 1639581617
1 1 55 0,43 -27,25 -156,498 1639581617
1 1 56 6,99 -26,08 -156,498 1639581618
1 1 56 7,49 -26,08 -156,535 1639581619
1 1 56 7,42 -25,83 -156,529 1639581620
1 1 56 7,24 -25,65 -156,572 1639581620
1 1 56 6,99 -25,58 -156,486 1639581620
1 1 56 6,74 -25,65 -156,486 1639581621
1 1 56 6,56 -25,83 -156,480 1639581621
1 1 56 6,49 -26,08 -156,523 1639581622
1 1 56 6,56 -26,33 -156,535 1639581622
1 1 56 6,74 -26,51 -156,504 1639581623
1 1 56 6,99 -26,58 -156,553 1639581623
1 1 56 7,24 -26,51 -156,511 1639581623
1 1 56 7,42 -26,33 -156,462 1639581624
1 1 57 13,50 -23,38 -156,480 1639581625
1 1 57 14,00 -23,38 -156,517 1639581625
1 1 57 13,93 -23,13 -156,529 1639581626
1 1 57 13,75 -22,95 -156,498 1639581626
1 1 57 13,50 -22,88 -156,462 1639581627
1 1 57 13,25 -22,95 -156,523 1639581627
1 1 57 13,07 -23,13 -156,474 1639581628
1 1 57 13,00 -23,38 -156,474 1639581628
1 1 57 13,07 -23,63 -156,504 1639581629
1 1 57 13,25 -23,82 -156,504 1639581629
1 1 57 13,50 -23,88 -156,523 1639581630
1 1 57 13,75 -23,82 -156,468 1639581630
1 1 57 13,93 -23,63 -156,504 1639581630
1 1 58 19,09 -19,09 -156,486 1639581631
1 1 58 19,59 -19,09 -156,517 1639581632
1 1 58 19,52 -18,84 -156,504 1639581633
1 1 58 19,34 -18,66 -156,511 1639581633
1 1 58 19,09 -18,59 -156,523 1639581634
1 1 58 18,84 -18,66 -156,797 1639581634
1 1 58 18,66 -18,84 -156,529 1639581635
1 1 58 18,59 -19,09 -156,486 1639581635
1 1 58 18,66 -19,34 -156,498 1639581636
1 1 58 18,84 -19,52 -156,523 1639581636
1 1 58 19,09 -19,59 -156,504 1639581637
1 1 58 19,34 -19,52 -156,462 1639581637
1 1 58 19,52 -19,34 -156,462 1639581637
1 1 59 23,38 -13,50 -156,498 1639581638
1 1 59 23,88 -13,50 -156,462 1639581639
1 1 59 23,82 -13,25 -156,468 1639581640
1 1 59 23,63 -13,07 -156,480 1639581640
1 1 59 23,38 -13,00 -156,468 1639581641
1 1 59 23,13 -13,07 -156,456 1639581641
1 1 59 22,95 -13,25 -156,437 1639581641
1 1 59 22,88 -13,50 -156,437 1639581642
1 1 59 22,95 -13,75 -156,419 1639581643
1 1 59 23,13 -13,93 -156,474 1639581643
1 1 59 23,38 -14,00 -156,456 1639581644
1 1 59 23,63 -13,93 -156,456 1639581644
1 1 59 23,82 -13,75 -156,474 1639581644
1 1 60 26,08 -6,99 -156,504 1639581645
1 1 60 26,58 -6,99 -156,474 1639581646
1 1 60 26,51 -6,74 -156,541 1639581647
1 1 60 26,33 -6,56 -156,523 1639581647
1 1 60 26,08 -6,49 -156,431 1639581648
1 1 60 25,83 -6,56 -156,468 1639581648
1 1 60 25,65 -6,74 -156,504 1639581648
1 1 60 25,58 -6,99 -156,443 1639581649
1 1 60 25,65 -7,24 -156,468 1639581650
1 1 60 25,83 -7,42 -156,511 1639581650
1 1 60 26,08 -7,49 -156,596 1639581650
1 1 60 26,33 -7,42 -156,492 1639581651
1 1 60 26,51 -7,24 -156,547 1639581651
