1 1 1 4,24 4,24 -156,547 1639581808
1 1 1 4,74 4,24 -156,492 1639581808
1 1 1 4,68 4,49 -156,468 1639581808
1 1 1 4,49 4,68 -156,468 1639581809
1 1 1 4,24 4,74 -156,511 1639581810
1 1 1 3,99 4,68 -156,468 1639581810
1 1 1 3,81 4,49 -156,413 1639581810
1 1 1 3,74 4,24 -156,443 1639581811
1 1 1 3,81 3,99 -156,474 1639581812
1 1 1 3,99 3,81 -156,498 1639581812
1 1 1 4,24 3,74 -156,498 1639581813
1 1 1 4,49 3,81 -156,504 1639581813
1 1 1 4,68 3,99 -156,480 1639581813
1 1 2 3,36 12,56 -156,565 1639581814
1 1 2 3,86 12,56 -156,437 1639581815
1 1 2 3,80 12,81 -156,462 1639581816
1 1 2 3,61 12,99 -156,480 1639581816
1 1 2 3,36 13,06 -156,517 1639581816
1 1 2 3,11 12,99 -156,480 1639581817
1 1 2 2,93 12,81 -156,523 1639581817
1 1 2 2,86 12,56 -156,498 1639581818
1 1 2 2,93 12,31 -156,474 1639581818
1 1 2 3,11 12,12 -156,462 1639581819
1 1 2 3,36 12,06 -156,523 1639581819
1 1 2 3,61 12,12 -156,498 1639581820
1 1 2 3,80 12,31 -156,462 1639581820
1 1 3 9,19 9,19 -156,523 1639581821
1 1 3 9,69 9,19 -156,559 1639581822
1 1 3 9,63 9,44 -156,572 1639581822
1 1 3 9,44 9,63 -156,565 1639581822
1 1 3 9,19 9,69 -156,529 1639581823
1 1 3 8,94 9,63 -156,547 1639581824
1 1 3 8,76 9,44 -156,492 1639581824
1 1 3 8,69 9,19 -156,492 1639581825
1 1 3 8,76 8,94 -156,553 1639581825
1 1 3 8,94 8,76 -156,504 1639581826
1 1 3 9,19 8,69 -156,541 1639581826
1 1 3 9,44 8,76 -156,480 1639581827
1 1 3 9,63 8,94 -156,584 1639581827
1 1 4 12,56 3,36 -156,517 1639581828
1 1 4 13,06 3,36 -156,492 1639581828
1 1 4 12,99 3,61 -156,480 1639581829
1 1 4 12,81 3,80 -156,492 1639581829
1 1 4 12,56 3,86 -156,547 1639581830
1 1 4 12,31 3,80 -156,456 1639581831
1 1 4 12,12 3,61 -156,498 1639581831
1 1 4 12,06 3,36 -156,523 1639581831
1 1 4 12,12 3,11 -156,535 1639581832
1 1 4 12,31 2,93 -156,523 1639581832
1 1 4 12,56 2,86 -156,511 1639581833
1 1 4 12,81 2,93 -156,498 1639581834
1 1 4 12,99 3,11 -156,523 1639581834
1 1 5 19,32 5,18 -156,474 1639581835
1 1 5 19,82 5,18 -156,541 1639581835
1 1 5 19,75 5,43 -156,572 1639581836
1 1 5 19,57 5,61 -156,437 1639581836
1 1 5 19,32 5,68 -156,480 1639581836
1 1 5 19,07 5,61 -156,547 1639581837
1 1 5 18,89 5,43 -156,523 1639581838
1 1 5 18,82 5,18 -156,498 1639581838
1 1 5 18,89 4,93 -156,498 1639581839
1 1 5 19,07 4,74 -156,529 1639581839
1 1 5 19,32 4,68 -156,468 1639581839
1 1 5 19,57 4,74 -156,504 1639581840
1 1 5 19,75 4,93 -156,523 1639581840
1 1 6 17,32 10,00 -156,517 1639581841
1 1 6 17,82 10,00 -156,486 1639581841
1 1 6 17,75 10,25 -156,541 1639581842
1 1 6 17,57 10,43 -156,498 1639581842
1 1 6 17,32 10,50 -156,553 1639581843
1 1 6 17,07 10,43 -156,523 1639581843
1 1 6 16,89 10,25 -156,474 1639581843
1 1 6 16,82 10,00 -156,498 1639581844
1 1 6 16,89 9,75 -156,462 1639581844
1 1 6 17,07 9,57 -156,517 1639581844
1 1 6 17,32 9,50 -156,511 1639581845
1 1 6 17,57 9,57 -156,517 1639581845
1 1 6 17,75 9,75 -156,572 1639581846
1 1 7 14,14 14,14 -156,468 1639581847
1 1 7 14,64 14,14 -156,511 1639581847
1 1 7 14,58 14,39 -156,523 1639581847
1 1 7 14,39 14,58 -156,462 1639581848
1 1 7 14,14 14,64 -156,517 1639581849
1 1 7 13,89 14,58 -156,523 1639581849
1 1 7 13,71 14,39 -156,559 1639581849
1 1 7 13,64 14,14 -156,474 1639581850
1 1 7 13,71 13,89 -156,535 1639581851
1 1 7 13,89 13,71 -156,511 1639581851
1 1 7 14,14 13,64 -156,468 1639581851
1 1 7 14,39 13,71 -156,511 1639581852
1 1 7 14,58 13,89 -156,498 1639581852
1 1 8 10,00 17,32 -156,498 1639581853
1 1 8 10,50 17,32 -156,492 1639581853
1 1 8 10,43 17,57 -156,535 1639581854
1 1 8 10,25 17,75 -156,523 1639581854
1 1 8 10,00 17,82 -156,535 1639581854
1 1 8 9,75 17,75 -156,511 1639581855
1 1 8 9,57 17,57 -156,480 1639581855
1 1 8 9,50 17,32 -156,480 1639581856
1 1 8 9,57 17,07 -156,462 1639581857
1 1 8 9,75 16,89 -156,584 1639581857
1 1 8 10,00 16,82 -156,541 1639581857
1 1 8 10,25 16,89 -156,498 1639581857
1 1 8 10,43 17,07 -156,456 1639581858
1 1 9 5,18 19,32 -156,547 1639581859
1 1 9 5,68 19,32 -156,498 1639581859
1 1 9 5,61 19,57 -156,498 1639581860
1 1 9 5,43 19,75 -156,523 1639581860
1 1 9 5,18 19,82 -156,511 1639581860
1 1 9 4,93 19,75 -156,535 1639581861
1 1 9 4,74 19,57 -156,529 1639581861
1 1 9 4,68 19,32 -156,504 1639581861
1 1 9 4,74 19,07 -156,474 1639581862
1 1 9 4,93 18,89 -156,572 1639581863
1 1 9 5,18 18,82 -156,517 1639581863
1 1 9 5,43 18,89 -156,474 1639581864
1 1 9 5,61 19,07 -156,523 1639581864
1 1 10 -5,18 19,32 -156,511 1639581865
1 1 10 -4,68 19,32 -156,468 1639581865
1 1 10 -4,74 19,57 -156,529 1639581866
1 1 10 -4,93 19,75 -156,480 1639581866
1 1 10 -5,18 19,82 -156,511 1639581866
1 1 10 -5,43 19,75 -156,468 1639581867
1 1 10 -5,61 19,57 -156,474 1639581867
1 1 10 -5,68 19,32 -156,553 1639581868
1 1 10 -5,61 19,07 -156,486 1639581869
1 1 10 -5,43 18,89 -156,486 1639581869
1 1 10 -5,18 18,82 -156,486 1639581870
1 1 10 -4,93 18,89 -156,565 1639581870
1 1 10 -4,74 19,07 -156,468 1639581870
1 1 11 -10,00 17,32 -156,523 1639581871
1 1 11 -9,50 17,32 -156,517 1639581872
1 1 11 -9,57 17,57 -156,474 1639581872
1 1 11 -9,75 17,75 -156,468 1639581873
1 1 11 -10,00 17,82 -156,541 1639581873
1 1 11 -10,25 17,75 -156,523 1639581874
1 1 11 -10,43 17,57 -156,462 1639581874
1 1 11 -10,50 17,32 -156,492 1639581875
1 1 11 -10,43 17,07 -156,498 1639581875
1 1 11 -10,25 16,89 -156,468 1639581875
1 1 11 -10,00 16,82 -156,535 1639581876
1 1 11 -9,75 16,89 -156,523 1639581877
1 1 11 -9,57 17,07 -156,462 1639581877
1 1 12 -14,14 14,14 -156,559 1639581878
1 1 12 -13,64 14,14 -156,547 1639581878
1 1 12 -13,71 14,39 -156,547 1639581878
1 1 12 -13,89 14,58 -156,504 1639581879
1 1 12 -14,14 14,64 -156,608 1639581879
1 1 12 -14,39 14,58 -156,486 1639581880
1 1 12 -14,58 14,39 -156,517 1639581880
1 1 12 -14,64 14,14 -156,474 1639581881
1 1 12 -14,58 13,89 -156,547 1639581881
1 1 12 -14,39 13,71 -156,504 1639581882
1 1 12 -14,14 13,64 -156,462 1639581882
1 1 12 -13,89 13,71 -156,523 1639581883
1 1 12 -13,71 13,89 -156,529 1639581883
1 1 13 -17,32 10,00 -156,877 1639581884
1 1 13 -16,82 10,00 -156,474 1639581884
1 1 13 -16,89 10,25 -156,498 1639581885
1 1 13 -17,07 10,43 -156,559 1639581885
1 1 13 -17,32 10,50 -156,541 1639581886
1 1 13 -17,57 10,43 -156,462 1639581886
1 1 13 -17,75 10,25 -156,498 1639581887
1 1 13 -17,82 10,00 -156,852 1639581887
1 1 13 -17,75 9,75 -156,456 1639581888
1 1 13 -17,57 9,57 -156,529 1639581888
1 1 13 -17,32 9,50 -156,456 1639581889
1 1 13 -17,07 9,57 -156,480 1639581889
1 1 13 -16,89 9,75 -156,498 1639581890
1 1 14 -19,32 5,18 -156,541 1639581891
1 1 14 -18,82 5,18 -156,492 1639581891
1 1 14 -18,89 5,43 -156,498 1639581891
1 1 14 -19,07 5,61 -156,871 1639581892
1 1 14 -19,32 5,68 -156,462 1639581892
1 1 14 -19,57 5,61 -156,535 1639581892
1 1 14 -19,75 5,43 -156,443 1639581893
1 1 14 -19,82 5,18 -156,498 1639581894
1 1 14 -19,75 4,93 -156,608 1639581894
1 1 14 -19,57 4,74 -156,443 1639581894
1 1 14 -19,32 4,68 -156,504 1639581895
1 1 14 -19,07 4,74 -156,352 1639581895
1 1 14 -18,89 4,93 -156,553 1639581896
1 1 15 -12,56 3,36 -156,511 1639581897
1 1 15 -12,06 3,36 -156,535 1639581897
1 1 15 -12,12 3,61 -156,578 1639581897
1 1 15 -12,31 3,80 -156,492 1639581898
1 1 15 -12,56 3,86 -156,498 1639581899
1 1 15 -12,81 3,80 -156,474 1639581899
1 1 15 -12,99 3,61 -156,486 1639581900
1 1 15 -13,06 3,36 -156,480 1639581900
1 1 15 -12,99 3,11 -156,529 1639581901
1 1 15 -12,81 2,93 -156,523 1639581901
1 1 15 -12,56 2,86 -156,517 1639581902
1 1 15 -12,31 2,93 -156,504 1639581902
1 1 15 -12,12 3,11 -156,523 1639581903
1 1 16 -9,19 9,19 -156,498 1639581904
1 1 16 -8,69 9,19 -156,523 1639581904
1 1 16 -8,76 9,44 -156,511 1639581905
1 1 16 -8,94 9,63 -156,511 1639581905
1 1 16 -9,19 9,69 -156,511 1639581906
1 1 16 -9,44 9,63 -156,498 1639581906
1 1 16 -9,63 9,44 -156,480 1639581906
1 1 16 -9,69 9,19 -156,504 1639581907
1 1 16 -9,63 8,94 -156,462 1639581908
1 1 16 -9,44 8,76 -156,456 1639581908
1 1 16 -9,19 8,69 -156,523 1639581908
1 1 16 -8,94 8,76 -156,523 1639581909
1 1 16 -8,76 8,94 -156,547 1639581909
1 1 17 -3,36 12,56 -156,511 1639581910
1 1 17 -2,86 12,56 -156,504 1639581910
1 1 17 -2,93 12,81 -156,553 1639581911
1 1 17 -3,11 12,99 -156,535 1639581911
1 1 17 -3,36 13,06 -156,535 1639581912
1 1 17 -3,61 12,99 -156,498 1639581912
1 1 17 -3,80 12,81 -156,480 1639581913
1 1 17 -3,86 12,56 -156,480 1639581913
1 1 17 -3,80 12,31 -156,486 1639581914
1 1 17 -3,61 12,12 -156,517 1639581914
1 1 17 -3,36 12,06 -156,523 1639581915
1 1 17 -3,11 12,12 -156,529 1639581915
1 1 17 -2,93 12,31 -156,462 1639581916
1 1 18 -4,24 4,24 -156,492 1639581917
1 1 18 -3,74 4,24 -156,517 1639581917
1 1 18 -3,81 4,49 -156,511 1639581918
1 1 18 -3,99 4,68 -156,541 1639581918
1 1 18 -4,24 4,74 -156,504 1639581919
1 1 18 -4,49 4,68 -156,492 1639581920
1 1 18 -4,68 4,49 -156,529 1639581920
1 1 18 -4,74 4,24 -156,553 1639581920
1 1 18 -4,68 3,99 -156,572 1639581921
1 1 18 -4,49 3,81 -156,456 1639581921
1 1 18 -4,24 3,74 -156,553 1639581922
1 1 18 -3,99 3,81 -156,523 1639581922
1 1 18 -3,81 3,99 -156,480 1639581923
1 1 19 -4,24 -4,24 -156,498 1639581924
1 1 19 -3,74 -4,24 -156,559 1639581924
1 1 19 -3,81 -3,99 -156,492 1639581925
1 1 19 -3,99 -3,81 -156,541 1639581925
1 1 19 -4,24 -3,74 -156,486 1639581926
1 1 19 -4,49 -3,81 -156,565 1639581927
1 1 19 -4,68 -3,99 -156,517 1639581927
1 1 19 -4,74 -4,24 -156,553 1639581927
1 1 19 -4,68 -4,49 -156,511 1639581928
1 1 19 -4,49 -4,68 -156,535 1639581928
1 1 19 -4,24 -4,74 -156,559 1639581929
1 1 19 -3,99 -4,68 -156,498 1639581929
1 1 19 -3,81 -4,49 -156,431 1639581930
1 1 20 -3,36 -12,56 -156,504 1639581931
1 1 20 -2,86 -12,56 -156,559 1639581931
1 1 20 -2,93 -12,31 -156,517 1639581931
1 1 20 -3,11 -12,12 -156,529 1639581932
1 1 20 -3,36 -12,06 -156,498 1639581932
1 1 20 -3,61 -12,12 -156,474 1639581932
1 1 20 -3,80 -12,31 -156,529 1639581933
1 1 20 -3,86 -12,56 -156,492 1639581933
1 1 20 -3,80 -12,81 -156,468 1639581934
1 1 20 -3,61 -12,99 -156,529 1639581934
1 1 20 -3,36 -13,06 -156,504 1639581935
1 1 20 -3,11 -12,99 -156,529 1639581935
1 1 20 -2,93 -12,81 -156,462 1639581936
1 1 21 -9,19 -9,19 -156,535 1639581936
1 1 21 -8,69 -9,19 -156,517 1639581937
1 1 21 -8,76 -8,94 -156,523 1639581938
1 1 21 -8,94 -8,76 -156,498 1639581938
1 1 21 -9,19 -8,69 -156,468 1639581939
1 1 21 -9,44 -8,76 -156,468 1639581939
1 1 21 -9,63 -8,94 -156,523 1639581939
1 1 21 -9,69 -9,19 -156,541 1639581940
1 1 21 -9,63 -9,44 -156,523 1639581941
1 1 21 -9,44 -9,63 -156,498 1639581941
1 1 21 -9,19 -9,69 -156,517 1639581941
1 1 21 -8,94 -9,63 -156,492 1639581942
1 1 21 -8,76 -9,44 -156,498 1639581942
1 1 22 -12,56 -3,36 -156,523 1639581943
1 1 22 -12,06 -3,36 -156,511 1639581944
1 1 22 -12,12 -3,11 -156,498 1639581944
1 1 22 -12,31 -2,93 -156,492 1639581945
1 1 22 -12,56 -2,86 -156,462 1639581945
1 1 22 -12,81 -2,93 -156,498 1639581946
1 1 22 -12,99 -3,11 -156,498 1639581946
1 1 22 -13,06 -3,36 -156,504 1639581947
1 1 22 -12,99 -3,61 -156,517 1639581947
1 1 22 -12,81 -3,80 -156,449 1639581948
1 1 22 -12,56 -3,86 -156,498 1639581948
1 1 22 -12,31 -3,80 -156,523 1639581949
1 1 22 -12,12 -3,61 -156,572 1639581949
1 1 23 -19,32 -5,18 -156,468 1639581950
1 1 23 -18,82 -5,18 -156,486 1639581950
1 1 23 -18,89 -4,93 -156,504 1639581951
1 1 23 -19,07 -4,74 -156,498 1639581951
1 1 23 -19,32 -4,68 -156,437 1639581952
1 1 23 -19,57 -4,74 -156,456 1639581953
1 1 23 -19,75 -4,93 -156,498 1639581953
1 1 23 -19,82 -5,18 -156,523 1639581954
1 1 23 -19,75 -5,43 -156,474 1639581954
1 1 23 -19,57 -5,61 -156,871 1639581954
1 1 23 -19,32 -5,68 -156,456 1639581955
1 1 23 -19,07 -5,61 -156,437 1639581956
1 1 23 -18,89 -5,43 -156,468 1639581956
1 1 24 -17,32 -10,00 -156,529 1639581957
1 1 24 -16,82 -10,00 -156,511 1639581957
1 1 24 -16,89 -9,75 -156,559 1639581957
1 1 24 -17,07 -9,57 -156,480 1639581958
1 1 24 -17,32 -9,50 -156,474 1639581958
1 1 24 -17,57 -9,57 -156,468 1639581958
1 1 24 -17,75 -9,75 -156,443 1639581959
1 1 24 -17,82 -10,00 -156,449 1639581959
1 1 24 -17,75 -10,25 -156,498 1639581960
1 1 24 -17,57 -10,43 -156,468 1639581960
1 1 24 -17,32 -10,50 -156,529 1639581961
1 1 24 -17,07 -10,43 -156,572 1639581961
1 1 24 -16,89 -10,25 -156,535 1639581962
1 1 25 -14,14 -14,14 -156,511 1639581962
1 1 25 -13,64 -14,14 -156,504 1639581963
1 1 25 -13,71 -13,89 -156,565 1639581963
1 1 25 -13,89 -13,71 -156,529 1639581963
1 1 25 -14,14 -13,64 -156,529 1639581964
1 1 25 -14,39 -13,71 -156,529 1639581964
1 1 25 -14,58 -13,89 -156,517 1639581965
1 1 25 -14,64 -14,14 -156,498 1639581965
1 1 25 -14,58 -14,39 -156,504 1639581966
1 1 25 -14,39 -14,58 -156,492 1639581966
1 1 25 -14,14 -14,64 -156,535 1639581967
1 1 25 -13,89 -14,58 -156,498 1639581967
1 1 25 -13,71 -14,39 -156,578 1639581968
1 1 26 -10,00 -17,32 -156,517 1639581968
1 1 26 -9,50 -17,32 -156,468 1639581969
1 1 26 -9,57 -17,07 -156,559 1639581970
1 1 26 -9,75 -16,89 -156,492 1639581970
1 1 26 -10,00 -16,82 -156,486 1639581970
1 1 26 -10,25 -16,89 -156,480 1639581971
1 1 26 -10,43 -17,07 -156,529 1639581971
1 1 26 -10,50 -17,32 -156,547 1639581971
1 1 26 -10,43 -17,57 -156,602 1639581972
1 1 26 -10,25 -17,75 -156,565 1639581972
1 1 26 -10,00 -17,82 -156,535 1639581973
1 1 26 -9,75 -17,75 -156,541 1639581973
1 1 26 -9,57 -17,57 -156,535 1639581974
1 1 27 -5,18 -19,32 -156,480 1639581974
1 1 27 -4,68 -19,32 -156,437 1639581975
1 1 27 -4,74 -19,07 -156,486 1639581975
1 1 27 -4,93 -18,89 -156,474 1639581975
1 1 27 -5,18 -18,82 -156,480 1639581976
1 1 27 -5,43 -18,89 -156,474 1639581976
1 1 27 -5,61 -19,07 -156,474 1639581977
1 1 27 -5,68 -19,32 -156,535 1639581978
1 1 27 -5,61 -19,57 -156,523 1639581978
1 1 27 -5,43 -19,75 -156,535 1639581978
1 1 27 -5,18 -19,82 -156,449 1639581979
1 1 27 -4,93 -19,75 -156,474 1639581980
1 1 27 -4,74 -19,57 -156,492 1639581980
1 1 28 5,18 -19,32 -156,504 1639581981
1 1 28 5,68 -19,32 -156,474 1639581982
1 1 28 5,61 -19,07 -156,504 1639581982
1 1 28 5,43 -18,89 -156,529 1639581982
1 1 28 5,18 -18,82 -156,474 1639581983
1 1 28 4,93 -18,89 -156,565 1639581984
1 1 28 4,74 -19,07 -156,492 1639581984
1 1 28 4,68 -19,32 -156,498 1639581984
1 1 28 4,74 -19,57 -156,553 1639581985
1 1 28 4,93 -19,75 -156,511 1639581985
1 1 28 5,18 -19,82 -156,492 1639581986
1 1 28 5,43 -19,75 -156,419 1639581986
1 1 28 5,61 -19,57 -156,517 1639581987
1 1 29 10,00 -17,32 -156,480 1639581988
1 1 29 10,50 -17,32 -156,474 1639581988
1 1 29 10,43 -17,07 -156,541 1639581989
1 1 29 10,25 -16,89 -156,523 1639581989
1 1 29 10,00 -16,82 -156,462 1639581990
1 1 29 9,75 -16,89 -156,492 1639581990
1 1 29 9,57 -17,07 -156,462 1639581990
1 1 29 9,50 -17,32 -156,504 1639581991
1 1 29 9,57 -17,57 -156,517 1639581992
1 1 29 9,75 -17,75 -156,492 1639581992
1 1 29 10,00 -17,82 -156,572 1639581992
1 1 29 10,25 -17,75 -156,517 1639581993
1 1 29 10,43 -17,57 -156,523 1639581993
1 1 30 14,14 -14,14 -156,449 1639581994
1 1 30 14,64 -14,14 -156,523 1639581994
1 1 30 14,58 -13,89 -156,541 1639581995
1 1 30 14,39 -13,71 -156,529 1639581995
1 1 30 14,14 -13,64 -156,504 1639581995
1 1 30 13,89 -13,71 -156,462 1639581996
1 1 30 13,71 -13,89 -156,498 1639581996
1 1 30 13,64 -14,14 -156,541 1639581997
1 1 30 13,71 -14,39 -156,456 1639581998
1 1 30 13,89 -14,58 -156,498 1639581998
1 1 30 14,14 -14,64 -156,486 1639581999
1 1 30 14,39 -14,58 -156,535 1639581999
1 1 30 14,58 -14,39 -156,529 1639581999
1 1 31 17,32 -10,00 -156,523 1639582000
1 1 31 17,82 -10,00 -156,498 1639582000
1 1 31 17,75 -9,75 -156,529 1639582001
1 1 31 17,57 -9,57 -156,523 1639582001
1 1 31 17,32 -9,50 -156,474 1639582002
1 1 31 17,07 -9,57 -156,541 1639582002
1 1 31 16,89 -9,75 -156,486 1639582003
1 1 31 16,82 -10,00 -156,523 1639582003
1 1 31 16,89 -10,25 -156,480 1639582003
1 1 31 17,07 -10,43 -156,498 1639582004
1 1 31 17,32 -10,50 -156,523 1639582005
1 1 31 17,57 -10,43 -156,517 1639582005
1 1 31 17,75 -10,25 -156,559 1639582006
1 1 32 19,32 -5,18 -156,462 1639582006
1 1 32 19,82 -5,18 -156,517 1639582007
1 1 32 19,75 -4,93 -156,504 1639582007
1 1 32 19,57 -4,74 -156,523 1639582007
1 1 32 19,32 -4,68 -156,547 1639582008
1 1 32 19,07 -4,74 -156,468 1639582008
1 1 32 18,89 -4,93 -156,504 1639582009
1 1 32 18,82 -5,18 -156,517 1639582009
1 1 32 18,89 -5,43 -156,504 1639582009
1 1 32 19,07 -5,61 -156,535 1639582010
1 1 32 19,32 -5,68 -156,498 1639582011
1 1 32 19,57 -5,61 -156,523 1639582011
1 1 32 19,75 -5,43 -156,559 1639582011
1 1 33 12,56 -3,36 -156,449 1639582012
1 1 33 13,06 -3,36 -156,504 1639582013
1 1 33 12,99 -3,11 -156,511 1639582014
1 1 33 12,81 -2,93 -156,498 1639582014
1 1 33 12,56 -2,86 -156,498 1639582015
1 1 33 12,31 -2,93 -156,541 1639582015
1 1 33 12,12 -3,11 -156,480 1639582015
1 1 33 12,06 -3,36 -156,468 1639582016
1 1 33 12,12 -3,61 -156,523 1639582017
1 1 33 12,31 -3,80 -156,553 1639582017
1 1 33 12,56 -3,86 -156,523 1639582017
1 1 33 12,81 -3,80 -156,529 1639582018
1 1 33 12,99 -3,61 -156,523 1639582018
1 1 34 9,19 -9,19 -156,529 1639582019
1 1 34 9,69 -9,19 -156,529 1639582020
1 1 34 9,63 -8,94 -156,529 1639582020
1 1 34 9,44 -8,76 -156,498 1639582021
1 1 34 9,19 -8,69 -156,462 1639582021
1 1 34 8,94 -8,76 -156,529 1639582022
1 1 34 8,76 -8,94 -156,504 1639582022
1 1 34 8,69 -9,19 -156,541 1639582023
1 1 34 8,76 -9,44 -156,480 1639582023
1 1 34 8,94 -9,63 -156,504 1639582024
1 1 34 9,19 -9,69 -156,553 1639582024
1 1 34 9,44 -9,63 -156,523 1639582025
1 1 34 9,63 -9,44 -156,523 1639582025
1 1 35 3,36 -12,56 -156,486 1639582026
1 1 35 3,86 -12,56 -156,462 1639582027
1 1 35 3,80 -12,31 -156,498 1639582027
1 1 35 3,61 -12,12 -156,553 1639582028
1 1 35 3,36 -12,06 -156,456 1639582028
1 1 35 3,11 -12,12 -156,462 1639582029
1 1 35 2,93 -12,31 -156,529 1639582029
1 1 35 2,86 -12,56 -156,462 1639582030
1 1 35 2,93 -12,81 -156,425 1639582030
1 1 35 3,11 -12,99 -156,614 1639582030
1 1 35 3,36 -13,06 -156,492 1639582031
1 1 35 3,61 -12,99 -156,498 1639582031
1 1 35 3,80 -12,81 -156,474 1639582031
1 1 36 4,24 -4,24 -156,578 1639582033
1 1 36 4,74 -4,24 -156,572 1639582033
1 1 36 4,68 -3,99 -156,602 1639582033
1 1 36 4,49 -3,81 -156,559 1639582034
1 1 36 4,24 -3,74 -156,480 1639582034
1 1 36 3,99 -3,81 -156,517 1639582034
1 1 36 3,81 -3,99 -156,535 1639582035
1 1 36 3,74 -4,24 -156,498 1639582035
1 1 36 3,81 -4,49 -156,456 1639582035
1 1 36 3,99 -4,68 -156,498 1639582036
1 1 36 4,24 -4,74 -156,523 1639582037
1 1 36 4,49 -4,68 -156,498 1639582037
1 1 36 4,68 -4,49 -156,523 1639582038
1 1 37 27,00 0,00 -156,480 1639582039
1 1 37 27,50 0,00 -156,437 1639582040
1 1 37 27,43 0,25 -156,511 1639582040
1 1 37 27,25 0,43 -156,462 1639582041
1 1 37 27,00 0,50 -156,468 1639582041
1 1 37 26,75 0,43 -156,517 1639582042
1 1 37 26,57 0,25 -156,529 1639582042
1 1 37 26,50 0,00 -156,498 1639582043
1 1 37 26,57 -0,25 -156,547 1639582043
1 1 37 26,75 -0,43 -156,498 1639582044
1 1 37 27,00 -0,50 -156,474 1639582044
1 1 37 27,25 -0,43 -156,492 1639582045
1 1 37 27,43 -0,25 -156,504 1639582045
1 1 38 26,08 6,99 -156,486 1639582046
1 1 38 26,58 6,99 -156,480 1639582046
1 1 38 26,51 7,24 -156,498 1639582047
1 1 38 26,33 7,42 -156,456 1639582047
1 1 38 26,08 7,49 -156,480 1639582048
1 1 38 25,83 7,42 -156,468 1639582049
1 1 38 25,65 7,24 -156,456 1639582049
1 1 38 25,58 6,99 -156,474 1639582049
1 1 38 25,65 6,74 -156,486 1639582050
1 1 38 25,83 6,56 -156,474 1639582050
1 1 38 26,08 6,49 -156,480 1639582051
1 1 38 26,33 6,56 -156,425 1639582051
1 1 38 26,51 6,74 -156,486 1639582052
1 1 39 23,38 13,50 -156,456 1639582053
1 1 39 23,88 13,50 -156,572 1639582053
1 1 39 23,82 13,75 -156,529 1639582054
1 1 39 23,63 13,93 -156,474 1639582054
1 1 39 23,38 14,00 -156,511 1639582055
1 1 39 23,13 13,93 -156,523 1639582055
1 1 39 22,95 13,75 -156,462 1639582056
1 1 39 22,88 13,50 -156,456 1639582056
1 1 39 22,95 13,25 -156,437 1639582057
1 1 39 23,13 13,07 -156,498 1639582057
1 1 39 23,38 13,00 -156,437 1639582058
1 1 39 23,63 13,07 -156,529 1639582058
1 1 39 23,82 13,25 -156,511 1639582059
1 1 40 19,09 19,09 -156,529 1639582060
1 1 40 19,59 19,09 -156,535 1639582060
1 1 40 19,52 19,34 -156,541 1639582061
1 1 40 19,34 19,52 -156,517 1639582061
1 1 40 19,09 19,59 -156,486 1639582062
1 1 40 18,84 19,52 -156,529 1639582062
1 1 40 18,66 19,34 -156,541 1639582062
1 1 40 18,59 19,09 -156,535 1639582063
1 1 40 18,66 18,84 -156,511 1639582064
1 1 40 18,84 18,66 -156,523 1639582064
1 1 40 19,09 18,59 -156,468 1639582064
1 1 40 19,34 18,66 -156,462 1639582065
1 1 40 19,52 18,84 -156,517 1639582065
1 1 41 13,50 23,38 -156,529 1639582066
1 1 41 14,00 23,38 -156,462 1639582066
1 1 41 13,93 23,63 -156,541 1639582067
1 1 41 13,75 23,82 -156,474 1639582067
1 1 41 13,50 23,88 -156,511 1639582068
1 1 41 13,25 23,82 -156,517 1639582068
1 1 41 13,07 23,63 -156,504 1639582069
1 1 41 13,00 23,38 -156,523 1639582069
1 1 41 13,07 23,13 -156,511 1639582070
1 1 41 13,25 22,95 -156,480 1639582070
1 1 41 13,50 22,88 -156,535 1639582071
1 1 41 13,75 22,95 -156,486 1639582071
1 1 41 13,93 23,13 -156,486 1639582071
1 1 42 6,99 26,08 -156,443 1639582072
1 1 42 7,49 26,08 -156,523 1639582073
1 1 42 7,42 26,33 -156,462 1639582074
1 1 42 7,24 26,51 -156,547 1639582074
1 1 42 6,99 26,58 -156,541 1639582075
1 1 42 6,74 26,51 -156,517 1639582075
1 1 42 6,56 26,33 -156,468 1639582075
1 1 42 6,49 26,08 -156,511 1639582076
1 1 42 6,56 25,83 -156,511 1639582076
1 1 42 6,74 25,65 -156,468 1639582077
1 1 42 6,99 25,58 -156,486 1639582077
1 1 42 7,24 25,65 -156,523 1639582078
1 1 42 7,42 25,83 -156,517 1639582078
1 1 43 0,00 27,00 -156,498 1639582079
1 1 43 0,50 27,00 -156,486 1639582080
1 1 43 0,43 27,25 -156,474 1639582080
1 1 43 0,25 27,43 -156,498 1639582081
1 1 43 0,00 27,50 -156,504 1639582081
1 1 43 -0,25 27,43 -156,504 1639582082
1 1 43 -0,43 27,25 -156,504 1639582082
1 1 43 -0,50 27,00 -156,565 1639582083
1 1 43 -0,43 26,75 -156,553 1639582083
1 1 43 -0,25 26,57 -156,492 1639582083
1 1 43 0,00 26,50 -156,511 1639582084
1 1 43 0,25 26,57 -156,498 1639582085
1 1 43 0,43 26,75 -156,498 1639582085
1 1 44 -6,99 26,08 -156,492 1639582086
1 1 44 -6,49 26,08 -156,486 1639582086
1 1 44 -6,56 26,33 -156,523 1639582087
1 1 44 -6,74 26,51 -156,523 1639582087
1 1 44 -6,99 26,58 -156,504 1639582088
1 1 44 -7,24 26,51 -156,523 1639582088
1 1 44 -7,42 26,33 -156,462 1639582089
1 1 44 -7,49 26,08 -156,523 1639582089
1 1 44 -7,42 25,83 -156,498 1639582090
1 1 44 -7,24 25,65 -156,462 1639582090
1 1 44 -6,99 25,58 -156,480 1639582091
1 1 44 -6,74 25,65 -156,498 1639582091
1 1 44 -6,56 25,83 -156,517 1639582092
1 1 45 -13,50 23,38 -156,492 1639582093
1 1 45 -13,00 23,38 -156,529 1639582093
1 1 45 -13,07 23,63 -156,517 1639582094
1 1 45 -13,25 23,82 -156,511 1639582094
1 1 45 -13,50 23,88 -156,504 1639582095
1 1 45 -13,75 23,82 -156,498 1639582095
1 1 45 -13,93 23,63 -156,474 1639582095
1 1 45 -14,00 23,38 -156,517 1639582096
1 1 45 -13,93 23,13 -156,462 1639582096
1 1 45 -13,75 22,95 -156,504 1639582096
1 1 45 -13,50 22,88 -156,511 1639582097
1 1 45 -13,25 22,95 -156,517 1639582097
1 1 45 -13,07 23,13 -156,462 1639582098
1 1 46 -19,09 19,09 -156,504 1639582099
1 1 46 -18,59 19,09 -156,498 1639582099
1 1 46 -18,66 19,34 -156,523 1639582100
1 1 46 -18,84 19,52 -156,523 1639582100
1 1 46 -19,09 19,59 -156,529 1639582101
1 1 46 -19,34 19,52 -156,529 1639582101
1 1 46 -19,52 19,34 -156,480 1639582102
1 1 46 -19,59 19,09 -156,511 1639582102
1 1 46 -19,52 18,84 -156,541 1639582103
1 1 46 -19,34 18,66 -156,504 1639582103
1 1 46 -19,09 18,59 -156,486 1639582104
1 1 46 -18,84 18,66 -156,480 1639582104
1 1 46 -18,66 18,84 -156,480 1639582105
1 1 47 -23,38 13,50 -156,492 1639582106
1 1 47 -22,88 13,50 -156,480 1639582106
1 1 47 -22,95 13,75 -156,529 1639582107
1 1 47 -23,13 13,93 -156,468 1639582107
1 1 47 -23,38 14,00 -156,504 1639582108
1 1 47 -23,63 13,93 -156,492 1639582108
1 1 47 -23,82 13,75 -156,486 1639582109
1 1 47 -23,88 13,50 -156,553 1639582109
1 1 47 -23,82 13,25 -156,480 1639582110
1 1 47 -23,63 13,07 -156,535 1639582110
1 1 47 -23,38 13,00 -156,504 1639582110
1 1 47 -23,13 13,07 -156,529 1639582111
1 1 47 -22,95 13,25 -156,468 1639582111
1 1 48 -26,08 6,99 -156,523 1639582112
1 1 48 -25,58 6,99 -156,511 1639582113
1 1 48 -25,65 7,24 -156,529 1639582113
1 1 48 -25,83 7,42 -156,529 1639582114
1 1 48 -26,08 7,49 -156,468 1639582114
1 1 48 -26,33 7,42 -156,523 1639582115
1 1 48 -26,51 7,24 -156,468 1639582115
1 1 48 -26,58 6,99 -156,511 1639582116
1 1 48 -26,51 6,74 -156,462 1639582116
1 1 48 -26,33 6,56 -156,547 1639582117
1 1 48 -26,08 6,49 -156,523 1639582118
1 1 48 -25,83 6,56 -156,511 1639582118
1 1 48 -25,65 6,74 -156,498 1639582118
1 1 49 -27,00 0,00 -156,511 1639582119
1 1 49 -26,50 0,00 -156,456 1639582120
1 1 49 -26,57 0,25 -156,486 1639582120
1 1 49 -26,75 0,43 -156,523 1639582120
1 1 49 -27,00 0,50 -156,529 1639582121
1 1 49 -27,25 0,43 -156,443 1639582121
1 1 49 -27,43 0,25 -156,486 1639582122
1 1 49 -27,50 0,00 -156,456 1639582122
1 1 49 -27,43 -0,25 -156,431 1639582123
1 1 49 -27,25 -0,43 -156,425 1639582123
1 1 49 -27,00 -0,50 -156,486 1639582124
1 1 49 -26,75 -0,43 -156,492 1639582124
1 1 49 -26,57 -0,25 -156,462 1639582125
1 1 50 -26,08 -6,99 -156,498 1639582126
1 1 50 -25,58 -6,99 -156,529 1639582126
1 1 50 -25,65 -6,74 -156,523 1639582126
1 1 50 -25,83 -6,56 -156,462 1639582127
1 1 50 -26,08 -6,49 -156,474 1639582127
1 1 50 -26,33 -6,56 -156,517 1639582127
1 1 50 -26,51 -6,74 -156,529 1639582128
1 1 50 -26,58 -6,99 -156,504 1639582129
1 1 50 -26,51 -7,24 -156,523 1639582129
1 1 50 -26,33 -7,42 -156,529 1639582129
1 1 50 -26,08 -7,49 -156,498 1639582130
1 1 50 -25,83 -7,42 -156,486 1639582131
1 1 50 -25,65 -7,24 -156,498 1639582131
1 1 51 -23,38 -13,50 -156,498 1639582132
1 1 51 -22,88 -13,50 -156,523 1639582132
1 1 51 -22,95 -13,25 -156,504 1639582132
1 1 51 -23,13 -13,07 -156,541 1639582133
1 1 51 -23,38 -13,00 -156,511 1639582133
1 1 51 -23,63 -13,07 -156,504 1639582134
1 1 51 -23,82 -13,25 -156,492 1639582134
1 1 51 -23,88 -13,50 -156,511 1639582134
1 1 51 -23,82 -13,75 -156,511 1639582135
1 1 51 -23,63 -13,93 -156,492 1639582135
1 1 51 -23,38 -14,00 -156,486 1639582135
1 1 51 -23,13 -13,93 -156,498 1639582136
1 1 51 -22,95 -13,75 -156,480 1639582136
1 1 52 -19,09 -19,09 -156,474 1639582137
1 1 52 -18,59 -19,09 -156,511 1639582138
1 1 52 -18,66 -18,84 -156,504 1639582138
1 1 52 -18,84 -18,66 -156,523 1639582139
1 1 52 -19,09 -18,59 -156,529 1639582139
1 1 52 -19,34 -18,66 -156,529 1639582140
1 1 52 -19,52 -18,84 -156,492 1639582140
1 1 52 -19,59 -19,09 -156,529 1639582141
1 1 52 -19,52 -19,34 -156,504 1639582141
1 1 52 -19,34 -19,52 -156,498 1639582142
1 1 52 -19,09 -19,59 -156,480 1639582142
1 1 52 -18,84 -19,52 -156,498 1639582143
1 1 52 -18,66 -19,34 -156,511 1639582143
1 1 53 -13,50 -23,38 -156,486 1639582144
1 1 53 -13,00 -23,38 -156,511 1639582145
1 1 53 -13,07 -23,13 -156,541 1639582145
1 1 53 -13,25 -22,95 -156,565 1639582145
1 1 53 -13,50 -22,88 -156,486 1639582146
1 1 53 -13,75 -22,95 -156,511 1639582147
1 1 53 -13,93 -23,13 -156,480 1639582147
1 1 53 -14,00 -23,38 -156,529 1639582147
1 1 53 -13,93 -23,63 -156,559 1639582148
1 1 53 -13,75 -23,82 -156,504 1639582148
1 1 53 -13,50 -23,88 -156,504 1639582149
1 1 53 -13,25 -23,82 -156,486 1639582149
1 1 53 -13,07 -23,63 -156,535 1639582150
1 1 54 -6,99 -26,08 -156,498 1639582151
1 1 54 -6,49 -26,08 -156,474 1639582151
1 1 54 -6,56 -25,83 -156,498 1639582152
1 1 54 -6,74 -25,65 -156,498 1639582152
1 1 54 -6,99 -25,58 -156,511 1639582153
1 1 54 -7,24 -25,65 -156,474 1639582153
1 1 54 -7,42 -25,83 -156,553 1639582153
1 1 54 -7,49 -26,08 -156,541 1639582154
1 1 54 -7,42 -26,33 -156,578 1639582154
1 1 54 -7,24 -26,51 -156,523 1639582155
1 1 54 -6,99 -26,58 -156,504 1639582155
1 1 54 -6,74 -26,51 -156,523 1639582156
1 1 54 -6,56 -26,33 -156,498 1639582156
1 1 55 -0,00 -27,00 -156,480 1639582157
1 1 55 0,50 -27,00 -156,443 1639582158
1 1 55 0,43 -26,75 -156,511 1639582158
1 1 55 0,25 -26,57 -156,486 1639582158
1 1 55 -0,00 -26,50 -156,498 1639582159
1 1 55 -0,25 -26,57 -156,511 1639582160
1 1 55 -0,43 -26,75 -156,541 1639582160
1 1 55 -0,50 -27,00 -156,511 1639582160
1 1 55 -0,43 -27,25 -156,498 1639582161
1 1 55 -0,25 -27,43 -156,535 1639582161
1 1 55 -0,00 -27,50 -156,504 1639582162
1 1 55 0,25 -27,43 -156,480 1639582162
1 1 55 0,43 -27,25 -156,486 1639582163
1 1 56 6,99 -26,08 -156,517 1639582163
1 1 56 7,49 -26,08 -156,511 1639582164
1 1 56 7,42 -25,83 -156,529 1639582164
1 1 56 7,24 -25,65 -156,559 1639582164
1 1 56 6,99 -25,58 -156,498 1639582165
1 1 56 6,74 -25,65 -156,498 1639582165
1 1 56 6,56 -25,83 -156,498 1639582166
1 1 56 6,49 -26,08 -156,535 1639582166
1 1 56 6,56 -26,33 -156,529 1639582167
1 1 56 6,74 -26,51 -156,511 1639582167
1 1 56 6,99 -26,58 -156,541 1639582168
1 1 56 7,24 -26,51 -156,498 1639582169
1 1 56 7,42 -26,33 -156,480 1639582169
1 1 57 13,50 -23,38 -156,462 1639582170
1 1 57 14,00 -23,38 -156,504 1639582170
1 1 57 13,93 -23,13 -156,492 1639582171
1 1 57 13,75 -22,95 -156,462 1639582171
1 1 57 13,50 -22,88 -156,468 1639582172
1 1 57 13,25 -22,95 -156,492 1639582172
1 1 57 13,07 -23,13 -156,511 1639582173
1 1 57 13,00 -23,38 -156,462 1639582173
1 1 57 13,07 -23,63 -156,511 1639582174
1 1 57 13,25 -23,82 -156,474 1639582174
1 1 57 13,50 -23,88 -156,511 1639582175
1 1 57 13,75 -23,82 -156,504 1639582175
1 1 57 13,93 -23,63 -156,541 1639582175
1 1 58 19,09 -19,09 -156,462 1639582176
1 1 58 19,59 -19,09 -156,523 1639582177
1 1 58 19,52 -18,84 -156,492 1639582178
1 1 58 19,34 -18,66 -156,523 1639582178
1 1 58 19,09 -18,59 -156,529 1639582178
1 1 58 18,84 -18,66 -156,480 1639582179
1 1 58 18,66 -18,84 -156,529 1639582179
1 1 58 18,59 -19,09 -156,511 1639582180
1 1 58 18,66 -19,34 -156,498 1639582180
1 1 58 18,84 -19,52 -156,523 1639582181
1 1 58 19,09 -19,59 -156,517 1639582181
1 1 58 19,34 -19,52 -156,480 1639582182
1 1 58 19,52 -19,34 -156,486 1639582182
1 1 59 23,38 -13,50 -156,517 1639582183
1 1 59 23,88 -13,50 -156,468 1639582184
1 1 59 23,82 -13,25 -156,474 1639582184
1 1 59 23,63 -13,07 -156,474 1639582184
1 1 59 23,38 -13,00 -156,443 1639582185
1 1 59 23,13 -13,07 -156,468 1639582186
1 1 59 22,95 -13,25 -156,407 1639582186
1 1 59 22,88 -13,50 -156,437 1639582186
1 1 59 22,95 -13,75 -156,431 1639582187
1 1 59 23,13 -13,93 -156,474 1639582187
1 1 59 23,38 -14,00 -156,456 1639582188
1 1 59 23,63 -13,93 -156,468 1639582189
1 1 59 23,82 -13,75 -156,468 1639582189
1 1 60 26,08 -6,99 -156,517 1639582190
1 1 60 26,58 -6,99 -156,462 1639582190
1 1 60 26,51 -6,74 -156,529 1639582191
1 1 60 26,33 -6,56 -156,504 1639582191
1 1 60 26,08 -6,49 -156,437 1639582192
1 1 60 25,83 -6,56 -156,462 1639582193
1 1 60 25,65 -6,74 -156,498 1639582193
1 1 60 25,58 -6,99 -156,456 1639582194
1 1 60 25,65 -7,24 -156,517 1639582194
1 1 60 25,83 -7,42 -156,480 1639582195
1 1 60 26,08 -7,49 -156,468 1639582195
1 1 60 26,33 -7,42 -156,504 1639582196
1 1 60 26,51 -7,24 -156,517 1639582196
