1 18 1 -61,01 117,26 -157,475 1641980441
1 18 1 -60,51 117,26 -157,487 1641980441
1 18 1 -60,57 117,51 -157,487 1641980442
1 18 1 -60,76 117,70 -157,475 1641980442
1 18 1 -61,01 117,76 -157,469 1641980442
1 18 1 -61,26 117,70 -157,451 1641980443
1 18 1 -61,44 117,51 -159,013 1641980443
1 18 1 -61,51 117,26 -158,659 1641980444
1 18 1 -61,44 117,01 -158,989 1641980444
1 18 1 -61,26 116,83 -157,499 1641980445
1 18 1 -61,01 116,76 -157,481 1641980446
1 18 1 -60,76 116,83 -157,451 1641980446
1 18 1 -60,57 117,01 -157,499 1641980446
1 18 2 -61,89 125,58 -159,062 1641980447
1 18 2 -61,39 125,58 -159,221 1641980448
1 18 2 -61,45 125,83 -158,946 1641980448
1 18 2 -61,64 126,01 -158,513 1641980449
1 18 2 -61,89 126,08 -158,903 1641980450
1 18 2 -62,14 126,01 -158,854 1641980450
1 18 2 -62,32 125,83 -158,946 1641980450
1 18 2 -62,39 125,58 -159,227 1641980451
1 18 2 -62,32 125,33 -159,123 1641980451
1 18 2 -62,14 125,14 -158,824 1641980452
1 18 2 -61,89 125,08 -158,952 1641980453
1 18 2 -61,64 125,14 -158,500 1641980453
1 18 2 -61,45 125,33 -158,940 1641980453
1 18 3 -56,06 122,21 -157,499 1641980454
1 18 3 -55,56 122,21 -157,481 1641980455
1 18 3 -55,62 122,46 -157,481 1641980455
1 18 3 -55,81 122,65 -157,505 1641980456
1 18 3 -56,06 122,71 -157,499 1641980456
1 18 3 -56,31 122,65 -157,444 1641980457
1 18 3 -56,49 122,46 -157,457 1641980457
1 18 3 -56,56 122,21 -157,451 1641980458
1 18 3 -56,49 121,96 -157,469 1641980458
1 18 3 -56,31 121,78 -157,505 1641980458
1 18 3 -56,06 121,71 -157,432 1641980459
1 18 3 -55,81 121,78 -157,469 1641980459
1 18 3 -55,62 121,96 -157,451 1641980460
1 18 4 -52,69 116,38 -157,444 1641980461
1 18 4 -52,19 116,38 -157,469 1641980461
1 18 4 -52,26 116,63 -157,469 1641980462
1 18 4 -52,44 116,82 -157,499 1641980462
1 18 4 -52,69 116,88 -157,377 1641980463
1 18 4 -52,94 116,82 -157,463 1641980463
1 18 4 -53,13 116,63 -157,505 1641980463
1 18 4 -53,19 116,38 -157,426 1641980464
1 18 4 -53,13 116,13 -157,475 1641980464
1 18 4 -52,94 115,95 -157,457 1641980465
1 18 4 -52,69 115,88 -157,469 1641980466
1 18 4 -52,44 115,95 -157,481 1641980466
1 18 4 -52,26 116,13 -157,438 1641980466
1 18 5 -45,93 118,20 -157,438 1641980467
1 18 5 -45,43 118,20 -157,469 1641980467
1 18 5 -45,50 118,45 -157,451 1641980468
1 18 5 -45,68 118,63 -157,408 1641980468
1 18 5 -45,93 118,70 -157,499 1641980468
1 18 5 -46,18 118,63 -157,432 1641980469
1 18 5 -46,36 118,45 -157,457 1641980469
1 18 5 -46,43 118,20 -157,420 1641980469
1 18 5 -46,36 117,95 -157,451 1641980469
1 18 5 -46,18 117,76 -157,451 1641980470
1 18 5 -45,93 117,70 -157,463 1641980470
1 18 5 -45,68 117,76 -157,438 1641980470
1 18 5 -45,50 117,95 -157,481 1641980470
1 18 6 -47,93 123,02 -157,420 1641980471
1 18 6 -47,43 123,02 -157,444 1641980472
1 18 6 -47,50 123,27 -157,475 1641980472
1 18 6 -47,68 123,45 -157,408 1641980472
1 18 6 -47,93 123,52 -157,481 1641980472
1 18 6 -48,18 123,45 -157,451 1641980472
1 18 6 -48,36 123,27 -157,481 1641980473
1 18 6 -48,43 123,02 -157,457 1641980473
1 18 6 -48,36 122,77 -157,451 1641980473
1 18 6 -48,18 122,59 -157,426 1641980473
1 18 6 -47,93 122,52 -157,463 1641980474
1 18 6 -47,68 122,59 -157,487 1641980474
1 18 6 -47,50 122,77 -157,487 1641980474
1 18 7 -51,11 127,16 -157,499 1641980475
1 18 7 -50,61 127,16 -157,493 1641980475
1 18 7 -50,67 127,41 -157,505 1641980476
1 18 7 -50,86 127,60 -157,487 1641980476
1 18 7 -51,11 127,66 -157,451 1641980476
1 18 7 -51,36 127,60 -157,457 1641980476
1 18 7 -51,54 127,41 -157,512 1641980477
1 18 7 -51,61 127,16 -157,487 1641980477
1 18 7 -51,54 126,91 -157,505 1641980477
1 18 7 -51,36 126,73 -157,457 1641980477
1 18 7 -51,11 126,66 -157,402 1641980477
1 18 7 -50,86 126,73 -157,499 1641980478
1 18 7 -50,67 126,91 -157,481 1641980478
1 18 8 -55,25 130,34 -157,451 1641980479
1 18 8 -54,75 130,34 -157,457 1641980479
1 18 8 -54,82 130,59 -157,499 1641980479
1 18 8 -55,00 130,77 -157,469 1641980480
1 18 8 -55,25 130,84 -157,457 1641980480
1 18 8 -55,50 130,77 -157,469 1641980480
1 18 8 -55,68 130,59 -157,475 1641980480
1 18 8 -55,75 130,34 -157,493 1641980481
1 18 8 -55,68 130,09 -157,451 1641980481
1 18 8 -55,50 129,91 -157,408 1641980481
1 18 8 -55,25 129,84 -157,469 1641980481
1 18 8 -55,00 129,91 -157,475 1641980482
1 18 8 -54,82 130,09 -157,481 1641980482
1 18 9 -60,07 132,34 -157,518 1641980483
1 18 9 -59,57 132,34 -157,512 1641980483
1 18 9 -59,64 132,59 -157,487 1641980483
1 18 9 -59,82 132,77 -157,499 1641980483
1 18 9 -60,07 132,84 -157,493 1641980484
1 18 9 -60,32 132,77 -157,451 1641980484
1 18 9 -60,51 132,59 -157,457 1641980484
1 18 9 -60,57 132,34 -157,499 1641980484
1 18 9 -60,51 132,09 -157,505 1641980485
1 18 9 -60,32 131,91 -157,530 1641980485
1 18 9 -60,07 131,84 -157,524 1641980485
1 18 9 -59,82 131,91 -157,512 1641980485
1 18 9 -59,64 132,09 -157,505 1641980486
1 18 10 -70,43 132,34 -157,499 1641980487
1 18 10 -69,93 132,34 -157,530 1641980487
1 18 10 -69,99 132,59 -157,499 1641980488
1 18 10 -70,18 132,77 -157,457 1641980488
1 18 10 -70,43 132,84 -157,530 1641980488
1 18 10 -70,68 132,77 -157,518 1641980488
1 18 10 -70,86 132,59 -157,475 1641980488
1 18 10 -70,93 132,34 -157,518 1641980489
1 18 10 -70,86 132,09 -157,463 1641980489
1 18 10 -70,68 131,91 -157,530 1641980489
1 18 10 -70,43 131,84 -157,499 1641980489
1 18 10 -70,18 131,91 -157,542 1641980490
1 18 10 -69,99 132,09 -157,505 1641980490
1 18 11 -75,25 130,34 -157,475 1641980491
1 18 11 -74,75 130,34 -157,451 1641980491
1 18 11 -74,82 130,59 -157,469 1641980491
1 18 11 -75,00 130,77 -157,499 1641980492
1 18 11 -75,25 130,84 -158,934 1641980492
1 18 11 -75,50 130,77 -158,928 1641980492
1 18 11 -75,68 130,59 -158,915 1641980492
1 18 11 -75,75 130,34 -159,038 1641980493
1 18 11 -75,68 130,09 -157,481 1641980493
1 18 11 -75,50 129,91 -157,499 1641980493
1 18 11 -75,25 129,84 -157,524 1641980493
1 18 11 -75,00 129,91 -157,548 1641980494
1 18 11 -74,82 130,09 -157,518 1641980494
1 18 12 -79,39 127,16 -158,738 1641980495
1 18 12 -78,89 127,16 -157,505 1641980495
1 18 12 -78,96 127,41 -157,640 1641980495
1 18 12 -79,14 127,60 -158,909 1641980496
1 18 12 -79,39 127,66 -158,891 1641980496
1 18 12 -79,64 127,60 -158,909 1641980496
1 18 12 -79,83 127,41 -158,861 1641980496
1 18 12 -79,89 127,16 -158,861 1641980497
1 18 12 -79,83 126,91 -158,861 1641980497
1 18 12 -79,64 126,73 -158,134 1641980497
1 18 12 -79,39 126,66 -157,505 1641980497
1 18 12 -79,14 126,73 -157,487 1641980498
1 18 12 -78,96 126,91 -157,524 1641980498
1 18 13 -82,57 123,02 -158,873 1641980499
1 18 13 -82,07 123,02 -157,414 1641980499
1 18 13 -82,14 123,27 -158,995 1641980499
1 18 13 -82,32 123,45 -158,836 1641980500
1 18 13 -82,57 123,52 -158,848 1641980500
1 18 13 -82,82 123,45 -158,812 1641980500
1 18 13 -83,00 123,27 -158,928 1641980500
1 18 13 -83,07 123,02 -158,867 1641980501
1 18 13 -83,00 122,77 -158,861 1641980501
1 18 13 -82,82 122,59 -158,873 1641980501
1 18 13 -82,57 122,52 -159,007 1641980501
1 18 13 -82,32 122,59 -157,481 1641980501
1 18 13 -82,14 122,77 -157,548 1641980502
1 18 14 -84,57 118,20 -158,873 1641980503
1 18 14 -84,07 118,20 -159,379 1641980503
1 18 14 -84,14 118,45 -159,074 1641980503
1 18 14 -84,32 118,63 -158,751 1641980503
1 18 14 -84,57 118,70 -158,861 1641980504
1 18 14 -84,82 118,63 -158,873 1641980504
1 18 14 -85,00 118,45 -158,891 1641980504
1 18 14 -85,07 118,20 -158,891 1641980504
1 18 14 -85,00 117,95 -158,879 1641980505
1 18 14 -84,82 117,76 -158,928 1641980505
1 18 14 -84,57 117,70 -158,641 1641980505
1 18 14 -84,32 117,76 -159,044 1641980505
1 18 14 -84,14 117,95 -159,312 1641980506
1 18 15 -77,81 116,38 -157,542 1641980506
1 18 15 -77,31 116,38 -157,505 1641980507
1 18 15 -77,37 116,63 -157,487 1641980507
1 18 15 -77,56 116,82 -157,536 1641980507
1 18 15 -77,81 116,88 -157,512 1641980508
1 18 15 -78,06 116,82 -157,463 1641980508
1 18 15 -78,24 116,63 -157,481 1641980508
1 18 15 -78,31 116,38 -157,457 1641980508
1 18 15 -78,24 116,13 -157,481 1641980508
1 18 15 -78,06 115,95 -157,493 1641980509
1 18 15 -77,81 115,88 -157,505 1641980509
1 18 15 -77,56 115,95 -157,457 1641980509
1 18 15 -77,37 116,13 -157,505 1641980509
1 18 16 -74,44 122,21 -157,512 1641980510
1 18 16 -73,94 122,21 -157,512 1641980511
1 18 16 -74,01 122,46 -157,469 1641980511
1 18 16 -74,19 122,65 -157,512 1641980511
1 18 16 -74,44 122,71 -157,493 1641980511
1 18 16 -74,69 122,65 -157,469 1641980512
1 18 16 -74,88 122,46 -157,518 1641980512
1 18 16 -74,94 122,21 -157,493 1641980512
1 18 16 -74,88 121,96 -157,512 1641980512
1 18 16 -74,69 121,78 -157,499 1641980513
1 18 16 -74,44 121,71 -157,469 1641980513
1 18 16 -74,19 121,78 -157,512 1641980513
1 18 16 -74,01 121,96 -157,524 1641980513
1 18 17 -68,61 125,58 -157,420 1641980514
1 18 17 -68,11 125,58 -157,463 1641980514
1 18 17 -68,18 125,83 -157,493 1641980515
1 18 17 -68,36 126,01 -157,536 1641980515
1 18 17 -68,61 126,08 -157,487 1641980515
1 18 17 -68,86 126,01 -157,444 1641980515
1 18 17 -69,05 125,83 -157,463 1641980516
1 18 17 -69,11 125,58 -157,481 1641980516
1 18 17 -69,05 125,33 -157,499 1641980516
1 18 17 -68,86 125,14 -157,475 1641980516
1 18 17 -68,61 125,08 -157,518 1641980517
1 18 17 -68,36 125,14 -157,524 1641980517
1 18 17 -68,18 125,33 -157,481 1641980517
1 18 18 -69,49 117,26 -157,499 1641980518
1 18 18 -68,99 117,26 -157,524 1641980518
1 18 18 -69,06 117,51 -157,505 1641980519
1 18 18 -69,24 117,70 -157,487 1641980519
1 18 18 -69,49 117,76 -157,475 1641980519
1 18 18 -69,74 117,70 -157,493 1641980519
1 18 18 -69,93 117,51 -157,505 1641980520
1 18 18 -69,99 117,26 -157,481 1641980520
1 18 18 -69,93 117,01 -157,469 1641980520
1 18 18 -69,74 116,83 -157,536 1641980520
1 18 18 -69,49 116,76 -157,512 1641980521
1 18 18 -69,24 116,83 -157,536 1641980521
1 18 18 -69,06 117,01 -157,481 1641980521
1 18 19 -69,49 108,78 -157,469 1641980522
1 18 19 -68,99 108,78 -157,481 1641980522
1 18 19 -69,06 109,03 -157,457 1641980523
1 18 19 -69,24 109,21 -157,518 1641980523
1 18 19 -69,49 109,28 -157,463 1641980523
1 18 19 -69,74 109,21 -157,493 1641980523
1 18 19 -69,93 109,03 -157,505 1641980524
1 18 19 -69,99 108,78 -157,487 1641980524
1 18 19 -69,93 108,53 -157,457 1641980524
1 18 19 -69,74 108,34 -157,463 1641980524
1 18 19 -69,49 108,28 -157,487 1641980524
1 18 19 -69,24 108,34 -157,432 1641980525
1 18 19 -69,06 108,53 -157,530 1641980525
1 18 20 -68,61 100,46 -157,469 1641980526
1 18 20 -68,11 100,46 -157,481 1641980526
1 18 20 -68,18 100,71 -157,475 1641980527
1 18 20 -68,36 100,90 -157,493 1641980527
1 18 20 -68,61 100,96 -157,469 1641980527
1 18 20 -68,86 100,90 -157,487 1641980527
1 18 20 -69,05 100,71 -157,487 1641980527
1 18 20 -69,11 100,46 -157,463 1641980528
1 18 20 -69,05 100,21 -157,475 1641980528
1 18 20 -68,86 100,03 -157,469 1641980528
1 18 20 -68,61 99,96 -157,499 1641980528
1 18 20 -68,36 100,03 -157,463 1641980529
1 18 20 -68,18 100,21 -157,487 1641980529
1 18 21 -74,44 103,83 -157,542 1641980530
1 18 21 -73,94 103,83 -157,463 1641980530
1 18 21 -74,01 104,08 -157,481 1641980530
1 18 21 -74,19 104,26 -157,505 1641980531
1 18 21 -74,44 104,33 -157,505 1641980531
1 18 21 -74,69 104,26 -157,505 1641980531
1 18 21 -74,88 104,08 -157,481 1641980531
1 18 21 -74,94 103,83 -157,463 1641980532
1 18 21 -74,88 103,58 -157,414 1641980532
1 18 21 -74,69 103,39 -157,542 1641980532
1 18 21 -74,44 103,33 -157,481 1641980532
1 18 21 -74,19 103,39 -157,493 1641980532
1 18 21 -74,01 103,58 -157,469 1641980533
1 18 22 -77,81 109,66 -157,493 1641980534
1 18 22 -77,31 109,66 -157,493 1641980534
1 18 22 -77,37 109,91 -157,499 1641980534
1 18 22 -77,56 110,09 -157,512 1641980534
1 18 22 -77,81 110,16 -157,487 1641980535
1 18 22 -78,06 110,09 -157,499 1641980535
1 18 22 -78,24 109,91 -157,505 1641980535
1 18 22 -78,31 109,66 -157,512 1641980535
1 18 22 -78,24 109,41 -157,487 1641980536
1 18 22 -78,06 109,22 -157,463 1641980536
1 18 22 -77,81 109,16 -157,463 1641980536
1 18 22 -77,56 109,22 -157,469 1641980536
1 18 22 -77,37 109,41 -157,499 1641980537
1 18 23 -84,57 107,84 -157,438 1641980537
1 18 23 -84,07 107,84 -157,524 1641980538
1 18 23 -84,14 108,09 -157,542 1641980538
1 18 23 -84,32 108,28 -157,518 1641980538
1 18 23 -84,57 108,34 -157,682 1641980539
1 18 23 -84,82 108,28 -158,909 1641980539
1 18 23 -85,00 108,09 -158,885 1641980539
1 18 23 -85,07 107,84 -158,891 1641980539
1 18 23 -85,00 107,59 -158,824 1641980540
1 18 23 -84,82 107,41 -158,915 1641980540
1 18 23 -84,57 107,34 -157,988 1641980540
1 18 23 -84,32 107,41 -157,475 1641980540
1 18 23 -84,14 107,59 -157,512 1641980540
1 18 24 -82,57 103,02 -157,499 1641980541
1 18 24 -82,07 103,02 -157,469 1641980542
1 18 24 -82,14 103,27 -157,505 1641980542
1 18 24 -82,32 103,45 -157,487 1641980542
1 18 24 -82,57 103,52 -157,518 1641980542
1 18 24 -82,82 103,45 -157,499 1641980543
1 18 24 -83,00 103,27 -157,451 1641980543
1 18 24 -83,07 103,02 -158,824 1641980543
1 18 24 -83,00 102,77 -158,922 1641980543
1 18 24 -82,82 102,59 -158,861 1641980544
1 18 24 -82,57 102,52 -157,524 1641980544
1 18 24 -82,32 102,59 -157,548 1641980544
1 18 24 -82,14 102,77 -157,579 1641980544
1 18 25 -79,39 98,88 -157,481 1641980545
1 18 25 -78,89 98,88 -157,451 1641980545
1 18 25 -78,96 99,13 -157,487 1641980546
1 18 25 -79,14 99,31 -157,475 1641980546
1 18 25 -79,39 99,38 -157,469 1641980546
1 18 25 -79,64 99,31 -157,438 1641980547
1 18 25 -79,83 99,13 -157,518 1641980547
1 18 25 -79,89 98,88 -157,493 1641980547
1 18 25 -79,83 98,63 -157,499 1641980547
1 18 25 -79,64 98,44 -157,475 1641980548
1 18 25 -79,39 98,38 -157,493 1641980548
1 18 25 -79,14 98,44 -157,457 1641980548
1 18 25 -78,96 98,63 -157,463 1641980548
1 18 26 -75,25 95,70 -157,469 1641980549
1 18 26 -74,75 95,70 -157,408 1641980549
1 18 26 -74,82 95,95 -157,457 1641980550
1 18 26 -75,00 96,13 -157,475 1641980550
1 18 26 -75,25 96,20 -157,451 1641980550
1 18 26 -75,50 96,13 -157,463 1641980551
1 18 26 -75,68 95,95 -157,475 1641980551
1 18 26 -75,75 95,70 -157,505 1641980551
1 18 26 -75,68 95,45 -157,463 1641980551
1 18 26 -75,50 95,27 -157,512 1641980552
1 18 26 -75,25 95,20 -157,487 1641980552
1 18 26 -75,00 95,27 -157,475 1641980552
1 18 26 -74,82 95,45 -157,487 1641980553
1 18 27 -70,43 93,70 -157,457 1641980553
1 18 27 -69,93 93,70 -157,530 1641980554
1 18 27 -69,99 93,95 -157,451 1641980554
1 18 27 -70,18 94,13 -157,469 1641980554
1 18 27 -70,43 94,20 -157,475 1641980555
1 18 27 -70,68 94,13 -157,499 1641980555
1 18 27 -70,86 93,95 -157,469 1641980555
1 18 27 -70,93 93,70 -157,481 1641980555
1 18 27 -70,86 93,45 -157,475 1641980556
1 18 27 -70,68 93,27 -157,499 1641980556
1 18 27 -70,43 93,20 -157,463 1641980556
1 18 27 -70,18 93,27 -157,451 1641980556
1 18 27 -69,99 93,45 -157,542 1641980557
1 18 28 -60,07 93,70 -157,469 1641980558
1 18 28 -59,57 93,70 -157,371 1641980558
1 18 28 -59,64 93,95 -157,457 1641980558
1 18 28 -59,82 94,13 -157,493 1641980558
1 18 28 -60,07 94,20 -157,463 1641980559
1 18 28 -60,32 94,13 -157,469 1641980559
1 18 28 -60,51 93,95 -157,426 1641980559
1 18 28 -60,57 93,70 -157,457 1641980559
1 18 28 -60,51 93,45 -157,389 1641980560
1 18 28 -60,32 93,27 -157,463 1641980560
1 18 28 -60,07 93,20 -157,475 1641980560
1 18 28 -59,82 93,27 -157,444 1641980560
1 18 28 -59,64 93,45 -157,444 1641980561
1 18 29 -55,25 95,70 -157,420 1641980561
1 18 29 -54,75 95,70 -157,420 1641980562
1 18 29 -54,82 95,95 -157,420 1641980562
1 18 29 -55,00 96,13 -157,408 1641980562
1 18 29 -55,25 96,20 -157,475 1641980563
1 18 29 -55,50 96,13 -157,444 1641980563
1 18 29 -55,68 95,95 -157,432 1641980563
1 18 29 -55,75 95,70 -157,444 1641980563
1 18 29 -55,68 95,45 -157,487 1641980563
1 18 29 -55,50 95,27 -157,451 1641980564
1 18 29 -55,25 95,20 -157,432 1641980564
1 18 29 -55,00 95,27 -157,463 1641980564
1 18 29 -54,82 95,45 -157,451 1641980564
1 18 30 -51,11 98,88 -157,444 1641980565
1 18 30 -50,61 98,88 -157,444 1641980566
1 18 30 -50,67 99,13 -157,463 1641980566
1 18 30 -50,86 99,31 -157,383 1641980566
1 18 30 -51,11 99,38 -157,432 1641980566
1 18 30 -51,36 99,31 -157,420 1641980566
1 18 30 -51,54 99,13 -157,389 1641980567
1 18 30 -51,61 98,88 -157,481 1641980567
1 18 30 -51,54 98,63 -157,438 1641980567
1 18 30 -51,36 98,44 -157,389 1641980567
1 18 30 -51,11 98,38 -157,420 1641980568
1 18 30 -50,86 98,44 -157,438 1641980568
1 18 30 -50,67 98,63 -157,451 1641980568
1 18 31 -47,93 103,02 -157,438 1641980569
1 18 31 -47,43 103,02 -157,451 1641980569
1 18 31 -47,50 103,27 -157,469 1641980569
1 18 31 -47,68 103,45 -157,493 1641980570
1 18 31 -47,93 103,52 -157,493 1641980570
1 18 31 -48,18 103,45 -157,365 1641980570
1 18 31 -48,36 103,27 -157,420 1641980571
1 18 31 -48,43 103,02 -157,420 1641980571
1 18 31 -48,36 102,77 -157,444 1641980571
1 18 31 -48,18 102,59 -157,408 1641980571
1 18 31 -47,93 102,52 -157,444 1641980572
1 18 31 -47,68 102,59 -157,457 1641980572
1 18 31 -47,50 102,77 -157,457 1641980572
1 18 32 -45,93 107,84 -157,451 1641980573
1 18 32 -45,43 107,84 -157,402 1641980573
1 18 32 -45,50 108,09 -157,451 1641980574
1 18 32 -45,68 108,28 -157,444 1641980574
1 18 32 -45,93 108,34 -157,444 1641980574
1 18 32 -46,18 108,28 -157,438 1641980574
1 18 32 -46,36 108,09 -157,396 1641980574
1 18 32 -46,43 107,84 -157,396 1641980575
1 18 32 -46,36 107,59 -157,444 1641980575
1 18 32 -46,18 107,41 -157,371 1641980575
1 18 32 -45,93 107,34 -157,475 1641980575
1 18 32 -45,68 107,41 -157,420 1641980576
1 18 32 -45,50 107,59 -157,438 1641980576
1 18 33 -52,69 109,66 -157,402 1641980577
1 18 33 -52,19 109,66 -157,438 1641980577
1 18 33 -52,26 109,91 -157,505 1641980578
1 18 33 -52,44 110,09 -157,432 1641980578
1 18 33 -52,69 110,16 -157,499 1641980578
1 18 33 -52,94 110,09 -157,481 1641980578
1 18 33 -53,13 109,91 -157,451 1641980578
1 18 33 -53,19 109,66 -157,451 1641980579
1 18 33 -53,13 109,41 -157,353 1641980579
1 18 33 -52,94 109,22 -157,475 1641980579
1 18 33 -52,69 109,16 -157,451 1641980580
1 18 33 -52,44 109,22 -157,432 1641980580
1 18 33 -52,26 109,41 -157,451 1641980580
1 18 34 -56,06 103,83 -157,463 1641980581
1 18 34 -55,56 103,83 -157,457 1641980581
1 18 34 -55,62 104,08 -157,487 1641980582
1 18 34 -55,81 104,26 -157,481 1641980582
1 18 34 -56,06 104,33 -157,451 1641980582
1 18 34 -56,31 104,26 -157,469 1641980582
1 18 34 -56,49 104,08 -157,438 1641980582
1 18 34 -56,56 103,83 -157,451 1641980583
1 18 34 -56,49 103,58 -157,444 1641980583
1 18 34 -56,31 103,39 -157,426 1641980583
1 18 34 -56,06 103,33 -157,451 1641980583
1 18 34 -55,81 103,39 -157,499 1641980584
1 18 34 -55,62 103,58 -157,475 1641980584
1 18 35 -61,89 100,46 -158,787 1641980585
1 18 35 -61,39 100,46 -157,444 1641980585
1 18 35 -61,45 100,71 -159,062 1641980585
1 18 35 -61,64 100,90 -158,806 1641980586
1 18 35 -61,89 100,96 -158,806 1641980586
1 18 35 -62,14 100,90 -158,903 1641980586
1 18 35 -62,32 100,71 -158,928 1641980586
1 18 35 -62,39 100,46 -159,050 1641980587
1 18 35 -62,32 100,21 -158,909 1641980587
1 18 35 -62,14 100,03 -158,854 1641980587
1 18 35 -61,89 99,96 -158,909 1641980587
1 18 35 -61,64 100,03 -158,799 1641980587
1 18 35 -61,45 100,21 -158,983 1641980588
1 18 36 -61,01 108,78 -157,499 1641980589
1 18 36 -60,51 108,78 -157,451 1641980589
1 18 36 -60,57 109,03 -157,451 1641980589
1 18 36 -60,76 109,21 -157,481 1641980590
1 18 36 -61,01 109,28 -157,493 1641980590
1 18 36 -61,26 109,21 -157,451 1641980590
1 18 36 -61,44 109,03 -158,970 1641980591
1 18 36 -61,51 108,78 -158,757 1641980591
1 18 36 -61,44 108,53 -158,958 1641980591
1 18 36 -61,26 108,34 -157,481 1641980591
1 18 36 -61,01 108,28 -157,463 1641980591
1 18 36 -60,76 108,34 -157,475 1641980592
1 18 36 -60,57 108,53 -157,481 1641980592
1 18 37 -38,25 113,02 -158,867 1641980594
1 18 37 -37,75 113,02 -157,475 1641980594
1 18 37 -37,82 113,27 -158,275 1641980594
1 18 37 -38,00 113,45 -158,714 1641980594
1 18 37 -38,25 113,52 -158,781 1641980595
1 18 37 -38,50 113,45 -158,879 1641980595
1 18 37 -38,68 113,27 -158,873 1641980595
1 18 37 -38,75 113,02 -158,946 1641980595
1 18 37 -38,68 112,77 -158,915 1641980596
1 18 37 -38,50 112,59 -158,793 1641980596
1 18 37 -38,25 112,52 -158,354 1641980596
1 18 37 -38,00 112,59 -158,653 1641980596
1 18 37 -37,82 112,77 -159,324 1641980597
1 18 38 -39,17 120,01 -157,640 1641980597
1 18 38 -38,67 120,01 -157,463 1641980598
1 18 38 -38,74 120,26 -157,487 1641980598
1 18 38 -38,92 120,44 -157,408 1641980598
1 18 38 -39,17 120,51 -157,451 1641980599
1 18 38 -39,42 120,44 -157,420 1641980599
1 18 38 -39,60 120,26 -158,836 1641980599
1 18 38 -39,67 120,01 -158,812 1641980599
1 18 38 -39,60 119,76 -158,812 1641980600
1 18 38 -39,42 119,58 -158,799 1641980600
1 18 38 -39,17 119,51 -157,353 1641980600
1 18 38 -38,92 119,58 -157,389 1641980600
1 18 38 -38,74 119,76 -157,414 1641980600
1 18 39 -41,87 126,52 -157,414 1641980601
1 18 39 -41,37 126,52 -157,383 1641980602
1 18 39 -41,43 126,77 -157,420 1641980602
1 18 39 -41,62 126,95 -157,444 1641980602
1 18 39 -41,87 127,02 -157,493 1641980603
1 18 39 -42,12 126,95 -157,463 1641980603
1 18 39 -42,30 126,77 -157,451 1641980603
1 18 39 -42,37 126,52 -158,030 1641980603
1 18 39 -42,30 126,27 -157,585 1641980604
1 18 39 -42,12 126,09 -158,140 1641980604
1 18 39 -41,87 126,02 -157,420 1641980604
1 18 39 -41,62 126,09 -157,487 1641980604
1 18 39 -41,43 126,27 -157,493 1641980605
1 18 40 -46,16 132,11 -157,426 1641980605
1 18 40 -45,66 132,11 -157,426 1641980606
1 18 40 -45,73 132,36 -157,451 1641980606
1 18 40 -45,91 132,54 -157,505 1641980606
1 18 40 -46,16 132,61 -157,505 1641980607
1 18 40 -46,41 132,54 -157,463 1641980607
1 18 40 -46,59 132,36 -157,487 1641980607
1 18 40 -46,66 132,11 -157,444 1641980608
1 18 40 -46,59 131,86 -157,487 1641980608
1 18 40 -46,41 131,68 -157,451 1641980608
1 18 40 -46,16 131,61 -157,463 1641980608
1 18 40 -45,91 131,68 -157,493 1641980608
1 18 40 -45,73 131,86 -157,487 1641980609
1 18 41 -51,75 136,40 -157,487 1641980610
1 18 41 -51,25 136,40 -157,463 1641980610
1 18 41 -51,32 136,65 -157,530 1641980610
1 18 41 -51,50 136,84 -157,481 1641980611
1 18 41 -51,75 136,90 -157,438 1641980611
1 18 41 -52,00 136,84 -157,457 1641980611
1 18 41 -52,18 136,65 -157,475 1641980611
1 18 41 -52,25 136,40 -157,463 1641980612
1 18 41 -52,18 136,15 -157,457 1641980612
1 18 41 -52,00 135,97 -157,463 1641980612
1 18 41 -51,75 135,90 -157,499 1641980612
1 18 41 -51,50 135,97 -157,487 1641980613
1 18 41 -51,32 136,15 -157,512 1641980613
1 18 42 -58,26 139,10 -157,451 1641980614
1 18 42 -57,76 139,10 -157,518 1641980614
1 18 42 -57,83 139,35 -157,573 1641980614
1 18 42 -58,01 139,53 -157,457 1641980615
1 18 42 -58,26 139,60 -157,499 1641980615
1 18 42 -58,51 139,53 -157,469 1641980615
1 18 42 -58,69 139,35 -157,432 1641980615
1 18 42 -58,76 139,10 -157,463 1641980616
1 18 42 -58,69 138,85 -157,475 1641980616
1 18 42 -58,51 138,67 -157,530 1641980616
1 18 42 -58,26 138,60 -157,493 1641980616
1 18 42 -58,01 138,67 -157,463 1641980617
1 18 42 -57,83 138,85 -157,512 1641980617
1 18 43 -65,25 140,02 -157,542 1641980618
1 18 43 -64,75 140,02 -157,481 1641980618
1 18 43 -64,82 140,27 -157,530 1641980618
1 18 43 -65,00 140,45 -157,481 1641980619
1 18 43 -65,25 140,52 -157,542 1641980619
1 18 43 -65,50 140,45 -157,579 1641980619
1 18 43 -65,68 140,27 -157,505 1641980619
1 18 43 -65,75 140,02 -157,487 1641980620
1 18 43 -65,68 139,77 -157,487 1641980620
1 18 43 -65,50 139,59 -157,505 1641980620
1 18 43 -65,25 139,52 -157,475 1641980620
1 18 43 -65,00 139,59 -157,518 1641980620
1 18 43 -64,82 139,77 -157,457 1641980621
1 18 44 -72,24 139,10 -157,493 1641980622
1 18 44 -71,74 139,10 -157,548 1641980622
1 18 44 -71,81 139,35 -157,518 1641980622
1 18 44 -71,99 139,53 -157,554 1641980623
1 18 44 -72,24 139,60 -157,518 1641980623
1 18 44 -72,49 139,53 -157,505 1641980623
1 18 44 -72,67 139,35 -157,530 1641980623
1 18 44 -72,74 139,10 -157,518 1641980623
1 18 44 -72,67 138,85 -157,505 1641980624
1 18 44 -72,49 138,67 -157,524 1641980624
1 18 44 -72,24 138,60 -157,499 1641980624
1 18 44 -71,99 138,67 -157,518 1641980624
1 18 44 -71,81 138,85 -157,499 1641980625
1 18 45 -78,75 136,40 -157,512 1641980626
1 18 45 -78,25 136,40 -157,548 1641980626
1 18 45 -78,32 136,65 -157,536 1641980626
1 18 45 -78,50 136,84 -157,481 1641980626
1 18 45 -78,75 136,90 -157,499 1641980627
1 18 45 -79,00 136,84 -157,505 1641980627
1 18 45 -79,18 136,65 -157,469 1641980627
1 18 45 -79,25 136,40 -157,536 1641980627
1 18 45 -79,18 136,15 -157,560 1641980628
1 18 45 -79,00 135,97 -157,481 1641980628
1 18 45 -78,75 135,90 -157,560 1641980628
1 18 45 -78,50 135,97 -157,524 1641980629
1 18 45 -78,32 136,15 -157,493 1641980629
1 18 46 -84,34 132,11 -157,499 1641980630
1 18 46 -83,84 132,11 -157,493 1641980630
1 18 46 -83,91 132,36 -157,536 1641980630
1 18 46 -84,09 132,54 -157,493 1641980631
1 18 46 -84,34 132,61 -157,518 1641980631
1 18 46 -84,59 132,54 -157,560 1641980631
1 18 46 -84,77 132,36 -157,536 1641980631
1 18 46 -84,84 132,11 -157,573 1641980631
1 18 46 -84,77 131,86 -157,518 1641980632
1 18 46 -84,59 131,68 -157,566 1641980632
1 18 46 -84,34 131,61 -157,463 1641980632
1 18 46 -84,09 131,68 -157,512 1641980632
1 18 46 -83,91 131,86 -157,499 1641980633
1 18 47 -88,63 126,52 -157,481 1641980633
1 18 47 -88,13 126,52 -157,530 1641980634
1 18 47 -88,20 126,77 -157,499 1641980634
1 18 47 -88,38 126,95 -157,536 1641980634
1 18 47 -88,63 127,02 -157,530 1641980635
1 18 47 -88,88 126,95 -157,536 1641980635
1 18 47 -89,07 126,77 -157,512 1641980635
1 18 47 -89,13 126,52 -157,505 1641980635
1 18 47 -89,07 126,27 -157,524 1641980636
1 18 47 -88,88 126,09 -157,499 1641980636
1 18 47 -88,63 126,02 -157,560 1641980636
1 18 47 -88,38 126,09 -157,542 1641980636
1 18 47 -88,20 126,27 -157,512 1641980636
1 18 48 -91,33 120,01 -157,481 1641980637
1 18 48 -90,83 120,01 -157,475 1641980638
1 18 48 -90,90 120,26 -157,475 1641980638
1 18 48 -91,08 120,44 -157,566 1641980638
1 18 48 -91,33 120,51 -157,493 1641980638
1 18 48 -91,58 120,44 -157,609 1641980639
1 18 48 -91,76 120,26 -157,475 1641980639
1 18 48 -91,83 120,01 -157,518 1641980639
1 18 48 -91,76 119,76 -157,548 1641980639
1 18 48 -91,58 119,58 -157,512 1641980640
1 18 48 -91,33 119,51 -157,475 1641980640
1 18 48 -91,08 119,58 -157,560 1641980640
1 18 48 -90,90 119,76 -157,505 1641980640
1 18 49 -92,25 113,02 -157,542 1641980641
1 18 49 -91,75 113,02 -157,536 1641980642
1 18 49 -91,82 113,27 -157,585 1641980642
1 18 49 -92,00 113,45 -157,566 1641980642
1 18 49 -92,25 113,52 -157,493 1641980642
1 18 49 -92,50 113,45 -157,499 1641980643
1 18 49 -92,68 113,27 -159,630 1641980643
1 18 49 -92,75 113,02 -159,562 1641980643
1 18 49 -92,68 112,77 -159,630 1641980643
1 18 49 -92,50 112,59 -157,524 1641980644
1 18 49 -92,25 112,52 -157,536 1641980644
1 18 49 -92,00 112,59 -157,566 1641980644
1 18 49 -91,82 112,77 -157,475 1641980644
1 18 50 -91,33 106,03 -157,512 1641980645
1 18 50 -90,83 106,03 -157,536 1641980646
1 18 50 -90,90 106,28 -157,579 1641980646
1 18 50 -91,08 106,46 -157,530 1641980646
1 18 50 -91,33 106,53 -157,560 1641980646
1 18 50 -91,58 106,46 -157,463 1641980647
1 18 50 -91,76 106,28 -157,512 1641980647
1 18 50 -91,83 106,03 -157,560 1641980647
1 18 50 -91,76 105,78 -157,463 1641980647
1 18 50 -91,58 105,60 -157,512 1641980648
1 18 50 -91,33 105,53 -157,524 1641980648
1 18 50 -91,08 105,60 -157,554 1641980648
1 18 50 -90,90 105,78 -157,487 1641980648
1 18 51 -88,63 99,52 -157,487 1641980649
1 18 51 -88,13 99,52 -157,505 1641980650
1 18 51 -88,20 99,77 -157,524 1641980650
1 18 51 -88,38 99,95 -157,548 1641980650
1 18 51 -88,63 100,02 -157,505 1641980651
1 18 51 -88,88 99,95 -157,505 1641980651
1 18 51 -89,07 99,77 -157,518 1641980651
1 18 51 -89,13 99,52 -157,475 1641980651
1 18 51 -89,07 99,27 -157,512 1641980652
1 18 51 -88,88 99,09 -157,469 1641980652
1 18 51 -88,63 99,02 -157,475 1641980652
1 18 51 -88,38 99,09 -157,512 1641980652
1 18 51 -88,20 99,27 -157,487 1641980652
1 18 52 -84,34 93,93 -157,487 1641980653
1 18 52 -83,84 93,93 -157,505 1641980654
1 18 52 -83,91 94,18 -157,524 1641980654
1 18 52 -84,09 94,36 -157,542 1641980654
1 18 52 -84,34 94,43 -157,499 1641980654
1 18 52 -84,59 94,36 -157,554 1641980655
1 18 52 -84,77 94,18 -157,499 1641980655
1 18 52 -84,84 93,93 -157,530 1641980655
1 18 52 -84,77 93,68 -157,499 1641980655
1 18 52 -84,59 93,50 -157,536 1641980656
1 18 52 -84,34 93,43 -157,481 1641980656
1 18 52 -84,09 93,50 -157,487 1641980656
1 18 52 -83,91 93,68 -157,542 1641980656
1 18 53 -78,75 89,64 -157,463 1641980657
1 18 53 -78,25 89,64 -157,463 1641980658
1 18 53 -78,32 89,89 -157,432 1641980658
1 18 53 -78,50 90,07 -157,469 1641980658
1 18 53 -78,75 90,14 -157,505 1641980658
1 18 53 -79,00 90,07 -157,463 1641980659
1 18 53 -79,18 89,89 -157,463 1641980659
1 18 53 -79,25 89,64 -157,481 1641980659
1 18 53 -79,18 89,39 -157,444 1641980659
1 18 53 -79,00 89,20 -157,457 1641980659
1 18 53 -78,75 89,14 -157,469 1641980660
1 18 53 -78,50 89,20 -157,463 1641980660
1 18 53 -78,32 89,39 -157,481 1641980660
1 18 54 -72,24 86,94 -157,499 1641980661
1 18 54 -71,74 86,94 -157,457 1641980661
1 18 54 -71,81 87,19 -157,487 1641980662
1 18 54 -71,99 87,37 -157,475 1641980662
1 18 54 -72,24 87,44 -157,487 1641980662
1 18 54 -72,49 87,37 -157,505 1641980662
1 18 54 -72,67 87,19 -157,451 1641980663
1 18 54 -72,74 86,94 -157,420 1641980663
1 18 54 -72,67 86,69 -157,469 1641980663
1 18 54 -72,49 86,51 -157,505 1641980664
1 18 54 -72,24 86,44 -157,457 1641980664
1 18 54 -71,99 86,51 -157,481 1641980664
1 18 54 -71,81 86,69 -157,469 1641980664
1 18 55 -65,25 86,02 -157,420 1641980665
1 18 55 -64,75 86,02 -157,396 1641980665
1 18 55 -64,82 86,27 -157,481 1641980666
1 18 55 -65,00 86,45 -157,463 1641980666
1 18 55 -65,25 86,52 -157,475 1641980666
1 18 55 -65,50 86,45 -157,396 1641980666
1 18 55 -65,68 86,27 -157,499 1641980667
1 18 55 -65,75 86,02 -157,414 1641980667
1 18 55 -65,68 85,77 -157,396 1641980667
1 18 55 -65,50 85,59 -157,463 1641980667
1 18 55 -65,25 85,52 -157,463 1641980668
1 18 55 -65,00 85,59 -157,426 1641980668
1 18 55 -64,82 85,77 -157,451 1641980668
1 18 56 -58,26 86,94 -157,451 1641980669
1 18 56 -57,76 86,94 -157,432 1641980669
1 18 56 -57,83 87,19 -157,493 1641980670
1 18 56 -58,01 87,37 -157,365 1641980670
1 18 56 -58,26 87,44 -157,487 1641980670
1 18 56 -58,51 87,37 -157,432 1641980670
1 18 56 -58,69 87,19 -157,408 1641980670
1 18 56 -58,76 86,94 -157,377 1641980671
1 18 56 -58,69 86,69 -157,420 1641980671
1 18 56 -58,51 86,51 -157,408 1641980671
1 18 56 -58,26 86,44 -157,426 1641980671
1 18 56 -58,01 86,51 -157,499 1641980672
1 18 56 -57,83 86,69 -157,512 1641980672
1 18 57 -51,75 89,64 -157,457 1641980673
1 18 57 -51,25 89,64 -157,402 1641980673
1 18 57 -51,32 89,89 -157,408 1641980673
1 18 57 -51,50 90,07 -157,420 1641980674
1 18 57 -51,75 90,14 -158,885 1641980674
1 18 57 -52,00 90,07 -158,909 1641980674
1 18 57 -52,18 89,89 -158,934 1641980674
1 18 57 -52,25 89,64 -157,414 1641980675
1 18 57 -52,18 89,39 -157,420 1641980675
1 18 57 -52,00 89,20 -157,383 1641980675
1 18 57 -51,75 89,14 -157,451 1641980675
1 18 57 -51,50 89,20 -157,457 1641980675
1 18 57 -51,32 89,39 -157,451 1641980676
1 18 58 -46,16 93,93 -159,013 1641980677
1 18 58 -45,66 93,93 -157,457 1641980677
1 18 58 -45,73 94,18 -157,420 1641980677
1 18 58 -45,91 94,36 -158,970 1641980677
1 18 58 -46,16 94,43 -158,769 1641980678
1 18 58 -46,41 94,36 -158,781 1641980678
1 18 58 -46,59 94,18 -158,806 1641980678
1 18 58 -46,66 93,93 -158,812 1641980678
1 18 58 -46,59 93,68 -158,854 1641980679
1 18 58 -46,41 93,50 -157,438 1641980679
1 18 58 -46,16 93,43 -157,408 1641980679
1 18 58 -45,91 93,50 -157,414 1641980679
1 18 58 -45,73 93,68 -157,463 1641980680
1 18 59 -41,87 99,52 -158,726 1641980680
1 18 59 -41,37 99,52 -157,341 1641980681
1 18 59 -41,43 99,77 -159,013 1641980681
1 18 59 -41,62 99,95 -158,909 1641980681
1 18 59 -41,87 100,02 -158,909 1641980682
1 18 59 -42,12 99,95 -158,891 1641980682
1 18 59 -42,30 99,77 -158,946 1641980682
1 18 59 -42,37 99,52 -158,946 1641980682
1 18 59 -42,30 99,27 -158,818 1641980682
1 18 59 -42,12 99,09 -158,885 1641980683
1 18 59 -41,87 99,02 -158,970 1641980683
1 18 59 -41,62 99,09 -157,322 1641980683
1 18 59 -41,43 99,27 -157,444 1641980683
1 18 60 -39,17 106,03 -158,952 1641980684
1 18 60 -38,67 106,03 -159,300 1641980685
1 18 60 -38,74 106,28 -158,976 1641980685
1 18 60 -38,92 106,46 -158,696 1641980685
1 18 60 -39,17 106,53 -158,867 1641980685
1 18 60 -39,42 106,46 -158,867 1641980686
1 18 60 -39,60 106,28 -158,885 1641980686
1 18 60 -39,67 106,03 -158,879 1641980686
1 18 60 -39,60 105,78 -158,897 1641980686
1 18 60 -39,42 105,60 -158,781 1641980687
1 18 60 -39,17 105,53 -158,824 1641980687
1 18 60 -38,92 105,60 -158,928 1641980687
1 18 60 -38,74 105,78 -159,208 1641980687
1 12 1 69,49 -108,78 -15,677 1641980699
1 12 1 69,99 -108,78 -16,848 1641980699
1 12 1 69,93 -108,53 -157,292 1641980699
1 12 1 69,74 -108,34 -157,267 1641980699
1 12 1 69,49 -108,28 -157,267 1641980700
1 12 1 69,24 -108,34 -157,292 1641980700
1 12 1 69,06 -108,53 -157,982 1641980700
1 12 1 68,99 -108,78 -158,409 1641980700
1 12 1 69,06 -109,03 -157,988 1641980701
1 12 1 69,24 -109,21 -157,219 1641980701
1 12 1 69,49 -109,28 -157,280 1641980701
1 12 1 69,74 -109,21 -157,212 1641980701
1 12 1 69,93 -109,03 -157,310 1641980702
1 12 2 68,61 -100,46 -158,757 1641980703
1 12 2 69,11 -100,46 -157,255 1641980703
1 12 2 69,05 -100,21 -157,231 1641980703
1 12 2 68,86 -100,03 -158,659 1641980703
1 12 2 68,61 -99,96 -158,604 1641980704
1 12 2 68,36 -100,03 -158,690 1641980704
1 12 2 68,18 -100,21 -158,665 1641980704
1 12 2 68,11 -100,46 -158,659 1641980704
1 12 2 68,18 -100,71 -158,592 1641980705
1 12 2 68,36 -100,90 -158,659 1641980705
1 12 2 68,61 -100,96 -158,757 1641980705
1 12 2 68,86 -100,90 -158,653 1641980705
1 12 2 69,05 -100,71 -157,212 1641980706
1 12 3 74,44 -103,83 -157,286 1641980706
1 12 3 74,94 -103,83 -157,225 1641980707
1 12 3 74,88 -103,58 -157,274 1641980707
1 12 3 74,69 -103,39 -157,267 1641980707
1 12 3 74,44 -103,33 -157,249 1641980707
1 12 3 74,19 -103,39 -157,231 1641980708
1 12 3 74,01 -103,58 -157,298 1641980708
1 12 3 73,94 -103,83 -157,231 1641980708
1 12 3 74,01 -104,08 -157,261 1641980708
1 12 3 74,19 -104,26 -157,280 1641980709
1 12 3 74,44 -104,33 -157,267 1641980709
1 12 3 74,69 -104,26 -157,261 1641980709
1 12 3 74,88 -104,08 -157,237 1641980709
1 12 4 77,81 -109,66 -157,286 1641980710
1 12 4 78,31 -109,66 -157,322 1641980711
1 12 4 78,24 -109,41 -157,298 1641980711
1 12 4 78,06 -109,22 -157,261 1641980711
1 12 4 77,81 -109,16 -157,249 1641980711
1 12 4 77,56 -109,22 -157,280 1641980712
1 12 4 77,37 -109,41 -157,274 1641980712
1 12 4 77,31 -109,66 -157,200 1641980712
1 12 4 77,37 -109,91 -157,310 1641980712
1 12 4 77,56 -110,09 -157,219 1641980712
1 12 4 77,81 -110,16 -157,286 1641980713
1 12 4 78,06 -110,09 -157,322 1641980713
1 12 4 78,24 -109,91 -157,286 1641980713
1 12 5 84,57 -107,84 -157,280 1641980714
1 12 5 85,07 -107,84 -157,286 1641980714
1 12 5 85,00 -107,59 -157,261 1641980715
1 12 5 84,82 -107,41 -157,310 1641980715
1 12 5 84,57 -107,34 -157,231 1641980715
1 12 5 84,32 -107,41 -157,267 1641980715
1 12 5 84,14 -107,59 -157,280 1641980716
1 12 5 84,07 -107,84 -157,274 1641980716
1 12 5 84,14 -108,09 -157,261 1641980716
1 12 5 84,32 -108,28 -157,286 1641980716
1 12 5 84,57 -108,34 -157,261 1641980717
1 12 5 84,82 -108,28 -157,255 1641980717
1 12 5 85,00 -108,09 -157,243 1641980717
1 12 6 82,57 -103,02 -157,249 1641980718
1 12 6 83,07 -103,02 -157,255 1641980718
1 12 6 83,00 -102,77 -157,280 1641980719
1 12 6 82,82 -102,59 -157,249 1641980719
1 12 6 82,57 -102,52 -157,261 1641980719
1 12 6 82,32 -102,59 -157,267 1641980719
1 12 6 82,14 -102,77 -157,304 1641980719
1 12 6 82,07 -103,02 -157,261 1641980720
1 12 6 82,14 -103,27 -157,206 1641980720
1 12 6 82,32 -103,45 -157,292 1641980720
1 12 6 82,57 -103,52 -157,316 1641980720
1 12 6 82,82 -103,45 -157,274 1641980721
1 12 6 83,00 -103,27 -157,249 1641980721
1 12 7 79,39 -98,88 -157,249 1641980722
1 12 7 79,89 -98,88 -157,261 1641980722
1 12 7 79,83 -98,63 -157,286 1641980722
1 12 7 79,64 -98,44 -157,255 1641980723
1 12 7 79,39 -98,38 -157,249 1641980723
1 12 7 79,14 -98,44 -157,267 1641980723
1 12 7 78,96 -98,63 -157,219 1641980723
1 12 7 78,89 -98,88 -157,249 1641980724
1 12 7 78,96 -99,13 -157,225 1641980724
1 12 7 79,14 -99,31 -157,286 1641980724
1 12 7 79,39 -99,38 -157,225 1641980724
1 12 7 79,64 -99,31 -157,249 1641980724
1 12 7 79,83 -99,13 -157,280 1641980725
1 12 8 75,25 -95,70 -157,231 1641980725
1 12 8 75,75 -95,70 -157,212 1641980726
1 12 8 75,68 -95,45 -157,274 1641980726
1 12 8 75,50 -95,27 -157,280 1641980726
1 12 8 75,25 -95,20 -157,231 1641980727
1 12 8 75,00 -95,27 -157,267 1641980727
1 12 8 74,82 -95,45 -157,267 1641980727
1 12 8 74,75 -95,70 -157,292 1641980727
1 12 8 74,82 -95,95 -157,280 1641980728
1 12 8 75,00 -96,13 -157,267 1641980728
1 12 8 75,25 -96,20 -157,280 1641980728
1 12 8 75,50 -96,13 -157,286 1641980728
1 12 8 75,68 -95,95 -157,322 1641980729
1 12 9 70,43 -93,70 -157,298 1641980729
1 12 9 70,93 -93,70 -157,274 1641980730
1 12 9 70,86 -93,45 -157,310 1641980730
1 12 9 70,68 -93,27 -157,231 1641980730
1 12 9 70,43 -93,20 -157,286 1641980730
1 12 9 70,18 -93,27 -157,286 1641980731
1 12 9 69,99 -93,45 -157,274 1641980731
1 12 9 69,93 -93,70 -157,237 1641980731
1 12 9 69,99 -93,95 -157,286 1641980731
1 12 9 70,18 -94,13 -157,225 1641980732
1 12 9 70,43 -94,20 -157,267 1641980732
1 12 9 70,68 -94,13 -157,304 1641980732
1 12 9 70,86 -93,95 -157,249 1641980732
1 12 10 60,07 -93,70 -157,255 1641980733
1 12 10 60,57 -93,70 -157,261 1641980734
1 12 10 60,51 -93,45 -157,316 1641980734
1 12 10 60,32 -93,27 -157,292 1641980734
1 12 10 60,07 -93,20 -157,261 1641980735
1 12 10 59,82 -93,27 -157,286 1641980735
1 12 10 59,64 -93,45 -157,231 1641980735
1 12 10 59,57 -93,70 -157,255 1641980735
1 12 10 59,64 -93,95 -157,225 1641980735
1 12 10 59,82 -94,13 -157,280 1641980736
1 12 10 60,07 -94,20 -157,304 1641980736
1 12 10 60,32 -94,13 -157,231 1641980736
1 12 10 60,51 -93,95 -157,249 1641980736
1 12 11 55,25 -95,70 -157,274 1641980737
1 12 11 55,75 -95,70 -157,237 1641980738
1 12 11 55,68 -95,45 -157,225 1641980738
1 12 11 55,50 -95,27 -158,659 1641980738
1 12 11 55,25 -95,20 -158,684 1641980738
1 12 11 55,00 -95,27 -158,702 1641980739
1 12 11 54,82 -95,45 -158,824 1641980739
1 12 11 54,75 -95,70 -158,812 1641980739
1 12 11 54,82 -95,95 -157,286 1641980739
1 12 11 55,00 -96,13 -157,286 1641980740
1 12 11 55,25 -96,20 -157,286 1641980740
1 12 11 55,50 -96,13 -157,237 1641980740
1 12 11 55,68 -95,95 -157,292 1641980740
1 12 12 51,11 -98,88 -158,720 1641980741
1 12 12 51,61 -98,88 -157,298 1641980742
1 12 12 51,54 -98,63 -157,481 1641980742
1 12 12 51,36 -98,44 -158,720 1641980742
1 12 12 51,11 -98,38 -158,659 1641980742
1 12 12 50,86 -98,44 -158,635 1641980742
1 12 12 50,67 -98,63 -158,775 1641980743
1 12 12 50,61 -98,88 -158,665 1641980743
1 12 12 50,67 -99,13 -158,781 1641980743
1 12 12 50,86 -99,31 -158,757 1641980743
1 12 12 51,11 -99,38 -157,243 1641980744
1 12 12 51,36 -99,31 -157,280 1641980744
1 12 12 51,54 -99,13 -157,335 1641980744
1 12 13 47,93 -103,02 -158,568 1641980745
1 12 13 48,43 -103,02 -157,249 1641980745
1 12 13 48,36 -102,77 -158,812 1641980745
1 12 13 48,18 -102,59 -158,665 1641980746
1 12 13 47,93 -102,52 -158,641 1641980746
1 12 13 47,68 -102,59 -158,690 1641980746
1 12 13 47,50 -102,77 -158,677 1641980746
1 12 13 47,43 -103,02 -158,751 1641980747
1 12 13 47,50 -103,27 -158,684 1641980747
1 12 13 47,68 -103,45 -158,684 1641980747
1 12 13 47,93 -103,52 -158,714 1641980747
1 12 13 48,18 -103,45 -157,286 1641980748
1 12 13 48,36 -103,27 -157,274 1641980748
1 12 14 45,93 -107,84 -158,757 1641980749
1 12 14 46,43 -107,84 -157,298 1641980749
1 12 14 46,36 -107,59 -158,854 1641980749
1 12 14 46,18 -107,41 -158,677 1641980750
1 12 14 45,93 -107,34 -158,738 1641980750
1 12 14 45,68 -107,41 -158,714 1641980750
1 12 14 45,50 -107,59 -158,708 1641980750
1 12 14 45,43 -107,84 -158,690 1641980751
1 12 14 45,50 -108,09 -158,671 1641980751
1 12 14 45,68 -108,28 -158,696 1641980751
1 12 14 45,93 -108,34 -158,653 1641980751
1 12 14 46,18 -108,28 -158,818 1641980752
1 12 14 46,36 -108,09 -157,274 1641980752
1 12 15 52,69 -109,66 -157,298 1641980753
1 12 15 53,19 -109,66 -157,286 1641980753
1 12 15 53,13 -109,41 -157,310 1641980753
1 12 15 52,94 -109,22 -157,280 1641980754
1 12 15 52,69 -109,16 -157,335 1641980754
1 12 15 52,44 -109,22 -157,341 1641980754
1 12 15 52,26 -109,41 -157,212 1641980754
1 12 15 52,19 -109,66 -157,237 1641980755
1 12 15 52,26 -109,91 -157,188 1641980755
1 12 15 52,44 -110,09 -157,298 1641980755
1 12 15 52,69 -110,16 -157,267 1641980755
1 12 15 52,94 -110,09 -157,267 1641980755
1 12 15 53,13 -109,91 -157,298 1641980756
1 12 16 56,06 -103,83 -157,286 1641980756
1 12 16 56,56 -103,83 -157,225 1641980757
1 12 16 56,49 -103,58 -157,280 1641980757
1 12 16 56,31 -103,39 -157,292 1641980757
1 12 16 56,06 -103,33 -157,316 1641980758
1 12 16 55,81 -103,39 -157,328 1641980758
1 12 16 55,62 -103,58 -157,304 1641980758
1 12 16 55,56 -103,83 -157,274 1641980758
1 12 16 55,62 -104,08 -157,286 1641980759
1 12 16 55,81 -104,26 -157,249 1641980759
1 12 16 56,06 -104,33 -157,274 1641980759
1 12 16 56,31 -104,26 -157,261 1641980759
1 12 16 56,49 -104,08 -157,292 1641980759
1 12 17 61,89 -100,46 -157,267 1641980760
1 12 17 62,39 -100,46 -157,274 1641980761
1 12 17 62,32 -100,21 -157,243 1641980761
1 12 17 62,14 -100,03 -157,274 1641980761
1 12 17 61,89 -99,96 -157,274 1641980761
1 12 17 61,64 -100,03 -157,280 1641980762
1 12 17 61,45 -100,21 -157,274 1641980762
1 12 17 61,39 -100,46 -157,286 1641980762
1 12 17 61,45 -100,71 -157,286 1641980762
1 12 17 61,64 -100,90 -157,316 1641980763
1 12 17 61,89 -100,96 -157,304 1641980763
1 12 17 62,14 -100,90 -157,280 1641980763
1 12 17 62,32 -100,71 -157,274 1641980763
1 12 18 61,01 -108,78 -157,267 1641980764
1 12 18 61,51 -108,78 -157,304 1641980765
1 12 18 61,44 -108,53 -157,286 1641980765
1 12 18 61,26 -108,34 -157,304 1641980765
1 12 18 61,01 -108,28 -157,328 1641980765
1 12 18 60,76 -108,34 -157,219 1641980766
1 12 18 60,57 -108,53 -157,304 1641980766
1 12 18 60,51 -108,78 -157,274 1641980766
1 12 18 60,57 -109,03 -157,274 1641980766
1 12 18 60,76 -109,21 -157,280 1641980767
1 12 18 61,01 -109,28 -157,322 1641980767
1 12 18 61,26 -109,21 -157,274 1641980767
1 12 18 61,44 -109,03 -157,353 1641980767
1 12 19 61,01 -117,26 -157,328 1641980768
1 12 19 61,51 -117,26 -157,322 1641980769
1 12 19 61,44 -117,01 -157,316 1641980769
1 12 19 61,26 -116,83 -157,304 1641980769
1 12 19 61,01 -116,76 -157,243 1641980770
1 12 19 60,76 -116,83 -157,249 1641980770
1 12 19 60,57 -117,01 -157,304 1641980770
1 12 19 60,51 -117,26 -157,243 1641980770
1 12 19 60,57 -117,51 -157,280 1641980771
1 12 19 60,76 -117,70 -157,292 1641980771
1 12 19 61,01 -117,76 -157,292 1641980771
1 12 19 61,26 -117,70 -157,335 1641980771
1 12 19 61,44 -117,51 -157,286 1641980771
1 12 20 61,89 -125,58 -157,353 1641980772
1 12 20 62,39 -125,58 -157,261 1641980773
1 12 20 62,32 -125,33 -157,310 1641980773
1 12 20 62,14 -125,14 -157,304 1641980773
1 12 20 61,89 -125,08 -157,292 1641980774
1 12 20 61,64 -125,14 -157,310 1641980774
1 12 20 61,45 -125,33 -157,286 1641980774
1 12 20 61,39 -125,58 -157,280 1641980774
1 12 20 61,45 -125,83 -157,322 1641980774
1 12 20 61,64 -126,01 -157,237 1641980775
1 12 20 61,89 -126,08 -157,274 1641980775
1 12 20 62,14 -126,01 -157,310 1641980775
1 12 20 62,32 -125,83 -157,322 1641980775
1 12 21 56,06 -122,21 -157,322 1641980776
1 12 21 56,56 -122,21 -157,237 1641980777
1 12 21 56,49 -121,96 -157,286 1641980777
1 12 21 56,31 -121,78 -157,280 1641980777
1 12 21 56,06 -121,71 -157,298 1641980777
1 12 21 55,81 -121,78 -157,298 1641980778
1 12 21 55,62 -121,96 -157,310 1641980778
1 12 21 55,56 -122,21 -157,347 1641980778
1 12 21 55,62 -122,46 -157,249 1641980778
1 12 21 55,81 -122,65 -157,322 1641980779
1 12 21 56,06 -122,71 -157,231 1641980779
1 12 21 56,31 -122,65 -157,310 1641980779
1 12 21 56,49 -122,46 -157,298 1641980779
1 12 22 52,69 -116,38 -157,328 1641980780
1 12 22 53,19 -116,38 -157,231 1641980781
1 12 22 53,13 -116,13 -157,206 1641980781
1 12 22 52,94 -115,95 -157,322 1641980781
1 12 22 52,69 -115,88 -157,274 1641980781
1 12 22 52,44 -115,95 -157,304 1641980781
1 12 22 52,26 -116,13 -157,261 1641980782
1 12 22 52,19 -116,38 -157,298 1641980782
1 12 22 52,26 -116,63 -157,243 1641980782
1 12 22 52,44 -116,82 -157,231 1641980782
1 12 22 52,69 -116,88 -157,267 1641980783
1 12 22 52,94 -116,82 -157,298 1641980783
1 12 22 53,13 -116,63 -157,133 1641980783
1 12 23 45,93 -118,20 -157,951 1641980784
1 12 23 46,43 -118,20 -157,298 1641980784
1 12 23 46,36 -117,95 -157,267 1641980785
1 12 23 46,18 -117,76 -157,322 1641980785
1 12 23 45,93 -117,70 -157,847 1641980785
1 12 23 45,68 -117,76 -158,720 1641980785
1 12 23 45,50 -117,95 -158,738 1641980786
1 12 23 45,43 -118,20 -158,720 1641980786
1 12 23 45,50 -118,45 -158,641 1641980786
1 12 23 45,68 -118,63 -158,702 1641980786
1 12 23 45,93 -118,70 -158,708 1641980787
1 12 23 46,18 -118,63 -157,316 1641980787
1 12 23 46,36 -118,45 -157,310 1641980787
1 12 24 47,93 -123,02 -157,280 1641980788
1 12 24 48,43 -123,02 -157,286 1641980788
1 12 24 48,36 -122,77 -157,304 1641980789
1 12 24 48,18 -122,59 -157,322 1641980789
1 12 24 47,93 -122,52 -157,292 1641980789
1 12 24 47,68 -122,59 -157,316 1641980789
1 12 24 47,50 -122,77 -157,341 1641980789
1 12 24 47,43 -123,02 -157,615 1641980790
1 12 24 47,50 -123,27 -157,621 1641980790
1 12 24 47,68 -123,45 -157,621 1641980790
1 12 24 47,93 -123,52 -157,267 1641980791
1 12 24 48,18 -123,45 -157,292 1641980791
1 12 24 48,36 -123,27 -157,274 1641980791
1 12 25 51,11 -127,16 -157,274 1641980792
1 12 25 51,61 -127,16 -157,286 1641980792
1 12 25 51,54 -126,91 -157,328 1641980792
1 12 25 51,36 -126,73 -157,322 1641980793
1 12 25 51,11 -126,66 -157,316 1641980793
1 12 25 50,86 -126,73 -157,310 1641980793
1 12 25 50,67 -126,91 -157,286 1641980793
1 12 25 50,61 -127,16 -157,316 1641980794
1 12 25 50,67 -127,41 -157,292 1641980794
1 12 25 50,86 -127,60 -157,310 1641980794
1 12 25 51,11 -127,66 -157,292 1641980794
1 12 25 51,36 -127,60 -157,335 1641980795
1 12 25 51,54 -127,41 -157,249 1641980795
1 12 26 55,25 -130,34 -157,261 1641980795
1 12 26 55,75 -130,34 -157,292 1641980796
1 12 26 55,68 -130,09 -157,298 1641980796
1 12 26 55,50 -129,91 -157,280 1641980796
1 12 26 55,25 -129,84 -157,286 1641980797
1 12 26 55,00 -129,91 -157,286 1641980797
1 12 26 54,82 -130,09 -157,280 1641980797
1 12 26 54,75 -130,34 -157,298 1641980797
1 12 26 54,82 -130,59 -157,274 1641980798
1 12 26 55,00 -130,77 -157,347 1641980798
1 12 26 55,25 -130,84 -157,286 1641980798
1 12 26 55,50 -130,77 -157,274 1641980798
1 12 26 55,68 -130,59 -157,347 1641980798
1 12 27 60,07 -132,34 -157,310 1641980799
1 12 27 60,57 -132,34 -157,322 1641980800
1 12 27 60,51 -132,09 -157,298 1641980800
1 12 27 60,32 -131,91 -157,328 1641980800
1 12 27 60,07 -131,84 -157,304 1641980800
1 12 27 59,82 -131,91 -157,255 1641980801
1 12 27 59,64 -132,09 -157,280 1641980801
1 12 27 59,57 -132,34 -157,243 1641980801
1 12 27 59,64 -132,59 -157,292 1641980801
1 12 27 59,82 -132,77 -157,298 1641980802
1 12 27 60,07 -132,84 -157,341 1641980802
1 12 27 60,32 -132,77 -157,280 1641980802
1 12 27 60,51 -132,59 -157,310 1641980802
1 12 28 70,43 -132,34 -157,286 1641980803
1 12 28 70,93 -132,34 -157,310 1641980804
1 12 28 70,86 -132,09 -157,298 1641980804
1 12 28 70,68 -131,91 -157,328 1641980804
1 12 28 70,43 -131,84 -157,280 1641980805
1 12 28 70,18 -131,91 -157,267 1641980805
1 12 28 69,99 -132,09 -157,292 1641980805
1 12 28 69,93 -132,34 -157,286 1641980805
1 12 28 69,99 -132,59 -157,304 1641980805
1 12 28 70,18 -132,77 -157,292 1641980806
1 12 28 70,43 -132,84 -157,286 1641980806
1 12 28 70,68 -132,77 -157,322 1641980806
1 12 28 70,86 -132,59 -157,335 1641980807
1 12 29 75,25 -130,34 -157,292 1641980807
1 12 29 75,75 -130,34 -157,316 1641980808
1 12 29 75,68 -130,09 -157,298 1641980808
1 12 29 75,50 -129,91 -157,292 1641980808
1 12 29 75,25 -129,84 -157,286 1641980809
1 12 29 75,00 -129,91 -157,267 1641980809
1 12 29 74,82 -130,09 -157,341 1641980809
1 12 29 74,75 -130,34 -157,316 1641980809
1 12 29 74,82 -130,59 -157,322 1641980810
1 12 29 75,00 -130,77 -157,316 1641980810
1 12 29 75,25 -130,84 -157,298 1641980810
1 12 29 75,50 -130,77 -157,292 1641980810
1 12 29 75,68 -130,59 -157,274 1641980810
1 12 30 79,39 -127,16 -157,261 1641980811
1 12 30 79,89 -127,16 -157,267 1641980812
1 12 30 79,83 -126,91 -157,310 1641980812
1 12 30 79,64 -126,73 -157,243 1641980812
1 12 30 79,39 -126,66 -157,267 1641980812
1 12 30 79,14 -126,73 -157,267 1641980813
1 12 30 78,96 -126,91 -157,316 1641980813
1 12 30 78,89 -127,16 -157,231 1641980813
1 12 30 78,96 -127,41 -157,298 1641980813
1 12 30 79,14 -127,60 -157,274 1641980813
1 12 30 79,39 -127,66 -157,267 1641980814
1 12 30 79,64 -127,60 -157,286 1641980814
1 12 30 79,83 -127,41 -157,274 1641980814
1 12 31 82,57 -123,02 -157,267 1641980815
1 12 31 83,07 -123,02 -157,280 1641980815
1 12 31 83,00 -122,77 -157,310 1641980816
1 12 31 82,82 -122,59 -157,280 1641980816
1 12 31 82,57 -122,52 -157,274 1641980816
1 12 31 82,32 -122,59 -157,261 1641980816
1 12 31 82,14 -122,77 -157,261 1641980816
1 12 31 82,07 -123,02 -157,225 1641980817
1 12 31 82,14 -123,27 -157,243 1641980817
1 12 31 82,32 -123,45 -157,249 1641980817
1 12 31 82,57 -123,52 -157,292 1641980817
1 12 31 82,82 -123,45 -157,298 1641980818
1 12 31 83,00 -123,27 -157,231 1641980818
1 12 32 84,57 -118,20 -157,274 1641980819
1 12 32 85,07 -118,20 -157,298 1641980819
1 12 32 85,00 -117,95 -157,286 1641980819
1 12 32 84,82 -117,76 -157,280 1641980820
1 12 32 84,57 -117,70 -157,286 1641980820
1 12 32 84,32 -117,76 -157,261 1641980820
1 12 32 84,14 -117,95 -157,304 1641980820
1 12 32 84,07 -118,20 -157,255 1641980821
1 12 32 84,14 -118,45 -157,261 1641980821
1 12 32 84,32 -118,63 -157,249 1641980821
1 12 32 84,57 -118,70 -157,243 1641980821
1 12 32 84,82 -118,63 -157,237 1641980822
1 12 32 85,00 -118,45 -157,249 1641980822
1 12 33 77,81 -116,38 -157,267 1641980823
1 12 33 78,31 -116,38 -157,292 1641980823
1 12 33 78,24 -116,13 -157,274 1641980824
1 12 33 78,06 -115,95 -157,286 1641980824
1 12 33 77,81 -115,88 -157,243 1641980824
1 12 33 77,56 -115,95 -157,255 1641980824
1 12 33 77,37 -116,13 -157,280 1641980824
1 12 33 77,31 -116,38 -157,231 1641980825
1 12 33 77,37 -116,63 -157,212 1641980825
1 12 33 77,56 -116,82 -157,225 1641980825
1 12 33 77,81 -116,88 -157,231 1641980825
1 12 33 78,06 -116,82 -157,274 1641980826
1 12 33 78,24 -116,63 -157,310 1641980826
1 12 34 74,44 -122,21 -157,316 1641980827
1 12 34 74,94 -122,21 -157,267 1641980827
1 12 34 74,88 -121,96 -157,292 1641980827
1 12 34 74,69 -121,78 -157,335 1641980828
1 12 34 74,44 -121,71 -157,267 1641980828
1 12 34 74,19 -121,78 -157,286 1641980828
1 12 34 74,01 -121,96 -157,280 1641980828
1 12 34 73,94 -122,21 -157,255 1641980829
1 12 34 74,01 -122,46 -157,255 1641980829
1 12 34 74,19 -122,65 -157,304 1641980829
1 12 34 74,44 -122,71 -157,316 1641980829
1 12 34 74,69 -122,65 -157,280 1641980829
1 12 34 74,88 -122,46 -157,286 1641980830
1 12 35 68,61 -125,58 -158,702 1641980831
1 12 35 69,11 -125,58 -157,255 1641980831
1 12 35 69,05 -125,33 -157,200 1641980831
1 12 35 68,86 -125,14 -158,732 1641980831
1 12 35 68,61 -125,08 -158,671 1641980832
1 12 35 68,36 -125,14 -158,659 1641980832
1 12 35 68,18 -125,33 -158,677 1641980832
1 12 35 68,11 -125,58 -158,690 1641980832
1 12 35 68,18 -125,83 -158,684 1641980833
1 12 35 68,36 -126,01 -158,702 1641980833
1 12 35 68,61 -126,08 -158,690 1641980833
1 12 35 68,86 -126,01 -158,671 1641980833
1 12 35 69,05 -125,83 -157,164 1641980834
1 12 36 69,49 -117,26 -157,249 1641980834
1 12 36 69,99 -117,26 -157,267 1641980835
1 12 36 69,93 -117,01 -157,267 1641980835
1 12 36 69,74 -116,83 -157,280 1641980835
1 12 36 69,49 -116,76 -157,298 1641980836
1 12 36 69,24 -116,83 -157,274 1641980836
1 12 36 69,06 -117,01 -158,055 1641980836
1 12 36 68,99 -117,26 -158,745 1641980836
1 12 36 69,06 -117,51 -159,038 1641980837
1 12 36 69,24 -117,70 -157,304 1641980837
1 12 36 69,49 -117,76 -157,310 1641980837
1 12 36 69,74 -117,70 -157,310 1641980837
1 12 36 69,93 -117,51 -157,292 1641980837
1 12 37 92,25 -113,02 -158,616 1641980839
1 12 37 92,75 -113,02 -157,280 1641980840
1 12 37 92,68 -112,77 -157,280 1641980840
1 12 37 92,50 -112,59 -157,188 1641980840
1 12 37 92,25 -112,52 -158,647 1641980840
1 12 37 92,00 -112,59 -158,702 1641980841
1 12 37 91,82 -112,77 -158,592 1641980841
1 12 37 91,75 -113,02 -158,555 1641980841
1 12 37 91,82 -113,27 -158,635 1641980841
1 12 37 92,00 -113,45 -158,702 1641980841
1 12 37 92,25 -113,52 -158,641 1641980842
1 12 37 92,50 -113,45 -158,873 1641980842
1 12 37 92,68 -113,27 -157,298 1641980842
1 12 38 91,33 -106,03 -157,158 1641980843
1 12 38 91,83 -106,03 -157,286 1641980844
1 12 38 91,76 -105,78 -157,212 1641980844
1 12 38 91,58 -105,60 -157,316 1641980844
1 12 38 91,33 -105,53 -157,267 1641980844
1 12 38 91,08 -105,60 -157,151 1641980844
1 12 38 90,90 -105,78 -158,708 1641980845
1 12 38 90,83 -106,03 -158,659 1641980845
1 12 38 90,90 -106,28 -158,659 1641980845
1 12 38 91,08 -106,46 -158,763 1641980845
1 12 38 91,33 -106,53 -158,671 1641980846
1 12 38 91,58 -106,46 -157,231 1641980846
1 12 38 91,76 -106,28 -157,310 1641980846
1 12 39 88,63 -99,52 -157,219 1641980847
1 12 39 89,13 -99,52 -157,274 1641980847
1 12 39 89,07 -99,27 -157,286 1641980848
1 12 39 88,88 -99,09 -157,298 1641980848
1 12 39 88,63 -99,02 -157,249 1641980848
1 12 39 88,38 -99,09 -157,274 1641980848
1 12 39 88,20 -99,27 -157,231 1641980849
1 12 39 88,13 -99,52 -157,243 1641980849
1 12 39 88,20 -99,77 -157,249 1641980849
1 12 39 88,38 -99,95 -157,267 1641980849
1 12 39 88,63 -100,02 -157,219 1641980850
1 12 39 88,88 -99,95 -157,286 1641980850
1 12 39 89,07 -99,77 -157,231 1641980850
1 12 40 84,34 -93,93 -157,280 1641980851
1 12 40 84,84 -93,93 -157,243 1641980851
1 12 40 84,77 -93,68 -157,267 1641980852
1 12 40 84,59 -93,50 -157,255 1641980852
1 12 40 84,34 -93,43 -157,274 1641980852
1 12 40 84,09 -93,50 -157,280 1641980852
1 12 40 83,91 -93,68 -157,212 1641980852
1 12 40 83,84 -93,93 -157,249 1641980853
1 12 40 83,91 -94,18 -157,274 1641980853
1 12 40 84,09 -94,36 -157,310 1641980853
1 12 40 84,34 -94,43 -157,212 1641980853
1 12 40 84,59 -94,36 -157,261 1641980854
1 12 40 84,77 -94,18 -157,310 1641980854
1 12 41 78,75 -89,64 -157,451 1641980855
1 12 41 79,25 -89,64 -157,237 1641980855
1 12 41 79,18 -89,39 -157,292 1641980855
1 12 41 79,00 -89,20 -157,261 1641980856
1 12 41 78,75 -89,14 -157,267 1641980856
1 12 41 78,50 -89,20 -157,200 1641980856
1 12 41 78,32 -89,39 -157,304 1641980856
1 12 41 78,25 -89,64 -157,261 1641980857
1 12 41 78,32 -89,89 -157,261 1641980857
1 12 41 78,50 -90,07 -157,133 1641980857
1 12 41 78,75 -90,14 -157,347 1641980857
1 12 41 79,00 -90,07 -157,255 1641980857
1 12 41 79,18 -89,89 -157,225 1641980858
1 12 42 72,24 -86,94 -157,286 1641980859
1 12 42 72,74 -86,94 -157,274 1641980859
1 12 42 72,67 -86,69 -157,261 1641980859
1 12 42 72,49 -86,51 -157,274 1641980860
1 12 42 72,24 -86,44 -157,274 1641980860
1 12 42 71,99 -86,51 -157,286 1641980860
1 12 42 71,81 -86,69 -157,280 1641980860
1 12 42 71,74 -86,94 -157,280 1641980860
1 12 42 71,81 -87,19 -157,261 1641980861
1 12 42 71,99 -87,37 -157,274 1641980861
1 12 42 72,24 -87,44 -157,249 1641980861
1 12 42 72,49 -87,37 -157,298 1641980861
1 12 42 72,67 -87,19 -157,255 1641980862
1 12 43 65,25 -86,02 -157,298 1641980863
1 12 43 65,75 -86,02 -157,286 1641980863
1 12 43 65,68 -85,77 -157,267 1641980863
1 12 43 65,50 -85,59 -157,267 1641980863
1 12 43 65,25 -85,52 -157,243 1641980864
1 12 43 65,00 -85,59 -157,231 1641980864
1 12 43 64,82 -85,77 -157,219 1641980864
1 12 43 64,75 -86,02 -157,237 1641980864
1 12 43 64,82 -86,27 -157,237 1641980865
1 12 43 65,00 -86,45 -157,286 1641980865
1 12 43 65,25 -86,52 -157,274 1641980865
1 12 43 65,50 -86,45 -157,274 1641980865
1 12 43 65,68 -86,27 -157,243 1641980866
1 12 44 58,26 -86,94 -157,286 1641980867
1 12 44 58,76 -86,94 -157,274 1641980867
1 12 44 58,69 -86,69 -157,255 1641980867
1 12 44 58,51 -86,51 -157,310 1641980867
1 12 44 58,26 -86,44 -157,280 1641980868
1 12 44 58,01 -86,51 -157,292 1641980868
1 12 44 57,83 -86,69 -157,304 1641980868
1 12 44 57,76 -86,94 -157,280 1641980868
1 12 44 57,83 -87,19 -157,304 1641980869
1 12 44 58,01 -87,37 -157,267 1641980869
1 12 44 58,26 -87,44 -157,274 1641980869
1 12 44 58,51 -87,37 -157,310 1641980869
1 12 44 58,69 -87,19 -157,267 1641980870
1 12 45 51,75 -89,64 -157,249 1641980870
1 12 45 52,25 -89,64 -157,255 1641980871
1 12 45 52,18 -89,39 -157,298 1641980871
1 12 45 52,00 -89,20 -157,310 1641980871
1 12 45 51,75 -89,14 -157,267 1641980872
1 12 45 51,50 -89,20 -157,274 1641980872
1 12 45 51,32 -89,39 -157,298 1641980872
1 12 45 51,25 -89,64 -157,212 1641980872
1 12 45 51,32 -89,89 -157,212 1641980873
1 12 45 51,50 -90,07 -157,249 1641980873
1 12 45 51,75 -90,14 -157,286 1641980873
1 12 45 52,00 -90,07 -157,274 1641980873
1 12 45 52,18 -89,89 -157,243 1641980873
1 12 46 46,16 -93,93 -157,316 1641980874
1 12 46 46,66 -93,93 -157,280 1641980875
1 12 46 46,59 -93,68 -157,292 1641980875
1 12 46 46,41 -93,50 -157,292 1641980875
1 12 46 46,16 -93,43 -157,249 1641980875
1 12 46 45,91 -93,50 -157,310 1641980876
1 12 46 45,73 -93,68 -157,304 1641980876
1 12 46 45,66 -93,93 -157,292 1641980876
1 12 46 45,73 -94,18 -157,219 1641980876
1 12 46 45,91 -94,36 -157,322 1641980877
1 12 46 46,16 -94,43 -157,286 1641980877
1 12 46 46,41 -94,36 -157,261 1641980877
1 12 46 46,59 -94,18 -157,267 1641980877
1 12 47 41,87 -99,52 -157,359 1641980878
1 12 47 42,37 -99,52 -157,310 1641980879
1 12 47 42,30 -99,27 -157,261 1641980879
1 12 47 42,12 -99,09 -157,280 1641980879
1 12 47 41,87 -99,02 -157,292 1641980879
1 12 47 41,62 -99,09 -157,310 1641980880
1 12 47 41,43 -99,27 -157,274 1641980880
1 12 47 41,37 -99,52 -157,292 1641980880
1 12 47 41,43 -99,77 -157,304 1641980880
1 12 47 41,62 -99,95 -157,280 1641980880
1 12 47 41,87 -100,02 -157,231 1641980881
1 12 47 42,12 -99,95 -157,304 1641980881
1 12 47 42,30 -99,77 -157,304 1641980881
1 12 48 39,17 -106,03 -157,328 1641980882
1 12 48 39,67 -106,03 -157,292 1641980883
1 12 48 39,60 -105,78 -157,328 1641980883
1 12 48 39,42 -105,60 -157,255 1641980883
1 12 48 39,17 -105,53 -157,274 1641980883
1 12 48 38,92 -105,60 -157,286 1641980884
1 12 48 38,74 -105,78 -157,292 1641980884
1 12 48 38,67 -106,03 -157,298 1641980884
1 12 48 38,74 -106,28 -157,286 1641980884
1 12 48 38,92 -106,46 -157,335 1641980884
1 12 48 39,17 -106,53 -157,310 1641980885
1 12 48 39,42 -106,46 -157,280 1641980885
1 12 48 39,60 -106,28 -157,310 1641980885
1 12 49 38,25 -113,02 -157,322 1641980886
1 12 49 38,75 -113,02 -157,249 1641980887
1 12 49 38,68 -112,77 -157,255 1641980887
1 12 49 38,50 -112,59 -157,286 1641980887
1 12 49 38,25 -112,52 -157,255 1641980887
1 12 49 38,00 -112,59 -157,304 1641980888
1 12 49 37,82 -112,77 -159,306 1641980888
1 12 49 37,75 -113,02 -159,202 1641980888
1 12 49 37,82 -113,27 -159,312 1641980888
1 12 49 38,00 -113,45 -157,237 1641980888
1 12 49 38,25 -113,52 -157,274 1641980889
1 12 49 38,50 -113,45 -157,316 1641980889
1 12 49 38,68 -113,27 -157,286 1641980889
1 12 50 39,17 -120,01 -157,316 1641980890
1 12 50 39,67 -120,01 -157,292 1641980891
1 12 50 39,60 -119,76 -157,341 1641980891
1 12 50 39,42 -119,58 -157,255 1641980891
1 12 50 39,17 -119,51 -157,335 1641980891
1 12 50 38,92 -119,58 -157,310 1641980891
1 12 50 38,74 -119,76 -157,316 1641980892
1 12 50 38,67 -120,01 -157,267 1641980892
1 12 50 38,74 -120,26 -157,292 1641980892
1 12 50 38,92 -120,44 -157,292 1641980892
1 12 50 39,17 -120,51 -157,292 1641980893
1 12 50 39,42 -120,44 -157,298 1641980893
1 12 50 39,60 -120,26 -157,341 1641980893
1 12 51 41,87 -126,52 -157,304 1641980894
1 12 51 42,37 -126,52 -157,341 1641980894
1 12 51 42,30 -126,27 -157,359 1641980895
1 12 51 42,12 -126,09 -157,261 1641980895
1 12 51 41,87 -126,02 -157,316 1641980895
1 12 51 41,62 -126,09 -157,322 1641980895
1 12 51 41,43 -126,27 -157,310 1641980896
1 12 51 41,37 -126,52 -157,286 1641980896
1 12 51 41,43 -126,77 -157,341 1641980896
1 12 51 41,62 -126,95 -157,328 1641980896
1 12 51 41,87 -127,02 -157,310 1641980896
1 12 51 42,12 -126,95 -157,316 1641980897
1 12 51 42,30 -126,77 -157,280 1641980897
1 12 52 46,16 -132,11 -157,304 1641980898
1 12 52 46,66 -132,11 -157,292 1641980898
1 12 52 46,59 -131,86 -157,328 1641980898
1 12 52 46,41 -131,68 -157,292 1641980899
1 12 52 46,16 -131,61 -157,341 1641980899
1 12 52 45,91 -131,68 -157,286 1641980899
1 12 52 45,73 -131,86 -157,322 1641980899
1 12 52 45,66 -132,11 -157,280 1641980900
1 12 52 45,73 -132,36 -157,286 1641980900
1 12 52 45,91 -132,54 -157,322 1641980900
1 12 52 46,16 -132,61 -157,292 1641980900
1 12 52 46,41 -132,54 -157,267 1641980901
1 12 52 46,59 -132,36 -157,286 1641980901
1 12 53 51,75 -136,40 -157,274 1641980902
1 12 53 52,25 -136,40 -157,280 1641980902
1 12 53 52,18 -136,15 -157,261 1641980902
1 12 53 52,00 -135,97 -157,310 1641980902
1 12 53 51,75 -135,90 -157,261 1641980903
1 12 53 51,50 -135,97 -157,322 1641980903
1 12 53 51,32 -136,15 -157,335 1641980903
1 12 53 51,25 -136,40 -157,316 1641980903
1 12 53 51,32 -136,65 -157,304 1641980904
1 12 53 51,50 -136,84 -157,328 1641980904
1 12 53 51,75 -136,90 -157,316 1641980904
1 12 53 52,00 -136,84 -157,274 1641980904
1 12 53 52,18 -136,65 -157,347 1641980905
1 12 54 58,26 -139,10 -157,298 1641980905
1 12 54 58,76 -139,10 -157,328 1641980906
1 12 54 58,69 -138,85 -157,316 1641980906
1 12 54 58,51 -138,67 -157,353 1641980906
1 12 54 58,26 -138,60 -157,237 1641980907
1 12 54 58,01 -138,67 -157,274 1641980907
1 12 54 57,83 -138,85 -157,335 1641980907
1 12 54 57,76 -139,10 -157,298 1641980907
1 12 54 57,83 -139,35 -157,280 1641980907
1 12 54 58,01 -139,53 -157,322 1641980908
1 12 54 58,26 -139,60 -157,347 1641980908
1 12 54 58,51 -139,53 -157,304 1641980908
1 12 54 58,69 -139,35 -157,341 1641980908
1 12 55 65,25 -140,02 -157,267 1641980909
1 12 55 65,75 -140,02 -157,280 1641980910
1 12 55 65,68 -139,77 -157,274 1641980910
1 12 55 65,50 -139,59 -157,322 1641980910
1 12 55 65,25 -139,52 -157,274 1641980910
1 12 55 65,00 -139,59 -157,292 1641980911
1 12 55 64,82 -139,77 -157,237 1641980911
1 12 55 64,75 -140,02 -157,292 1641980911
1 12 55 64,82 -140,27 -157,261 1641980911
1 12 55 65,00 -140,45 -157,274 1641980912
1 12 55 65,25 -140,52 -157,310 1641980912
1 12 55 65,50 -140,45 -157,274 1641980912
1 12 55 65,68 -140,27 -157,292 1641980912
1 12 56 72,24 -139,10 -157,310 1641980913
1 12 56 72,74 -139,10 -157,310 1641980914
1 12 56 72,67 -138,85 -157,322 1641980914
1 12 56 72,49 -138,67 -157,280 1641980914
1 12 56 72,24 -138,60 -157,335 1641980914
1 12 56 71,99 -138,67 -157,292 1641980914
1 12 56 71,81 -138,85 -157,316 1641980915
1 12 56 71,74 -139,10 -157,328 1641980915
1 12 56 71,81 -139,35 -157,286 1641980915
1 12 56 71,99 -139,53 -157,255 1641980915
1 12 56 72,24 -139,60 -157,316 1641980916
1 12 56 72,49 -139,53 -157,286 1641980916
1 12 56 72,67 -139,35 -157,225 1641980916
1 12 57 78,75 -136,40 -157,316 1641980917
1 12 57 79,25 -136,40 -157,304 1641980917
1 12 57 79,18 -136,15 -157,335 1641980918
1 12 57 79,00 -135,97 -157,658 1641980918
1 12 57 78,75 -135,90 -158,146 1641980918
1 12 57 78,50 -135,97 -158,665 1641980918
1 12 57 78,32 -136,15 -158,610 1641980919
1 12 57 78,25 -136,40 -157,353 1641980919
1 12 57 78,32 -136,65 -157,255 1641980919
1 12 57 78,50 -136,84 -157,322 1641980919
1 12 57 78,75 -136,90 -157,328 1641980919
1 12 57 79,00 -136,84 -157,280 1641980920
1 12 57 79,18 -136,65 -157,286 1641980920
1 12 58 84,34 -132,11 -158,653 1641980921
1 12 58 84,84 -132,11 -157,286 1641980921
1 12 58 84,77 -131,86 -157,249 1641980921
1 12 58 84,59 -131,68 -158,665 1641980922
1 12 58 84,34 -131,61 -158,580 1641980922
1 12 58 84,09 -131,68 -158,629 1641980922
1 12 58 83,91 -131,86 -158,665 1641980922
1 12 58 83,84 -132,11 -158,702 1641980923
1 12 58 83,91 -132,36 -158,732 1641980923
1 12 58 84,09 -132,54 -157,274 1641980923
1 12 58 84,34 -132,61 -157,310 1641980923
1 12 58 84,59 -132,54 -157,274 1641980923
1 12 58 84,77 -132,36 -157,280 1641980924
1 12 59 88,63 -126,52 -158,659 1641980925
1 12 59 89,13 -126,52 -157,274 1641980925
1 12 59 89,07 -126,27 -158,690 1641980925
1 12 59 88,88 -126,09 -158,690 1641980925
1 12 59 88,63 -126,02 -158,622 1641980926
1 12 59 88,38 -126,09 -158,653 1641980926
1 12 59 88,20 -126,27 -158,690 1641980926
1 12 59 88,13 -126,52 -158,659 1641980926
1 12 59 88,20 -126,77 -158,616 1641980927
1 12 59 88,38 -126,95 -158,555 1641980927
1 12 59 88,63 -127,02 -158,781 1641980927
1 12 59 88,88 -126,95 -157,237 1641980927
1 12 59 89,07 -126,77 -157,322 1641980928
1 12 60 91,33 -120,01 -158,647 1641980928
1 12 60 91,83 -120,01 -157,274 1641980929
1 12 60 91,76 -119,76 -158,757 1641980929
1 12 60 91,58 -119,58 -158,543 1641980929
1 12 60 91,33 -119,51 -158,732 1641980930
1 12 60 91,08 -119,58 -158,592 1641980930
1 12 60 90,90 -119,76 -158,671 1641980930
1 12 60 90,83 -120,01 -158,659 1641980930
1 12 60 90,90 -120,26 -158,671 1641980931
1 12 60 91,08 -120,44 -158,641 1641980931
1 12 60 91,33 -120,51 -158,586 1641980931
1 12 60 91,58 -120,44 -158,818 1641980931
1 12 60 91,76 -120,26 -157,274 1641980932
