1 18 1 -61,01 117,26 -157,457 1641981949
1 18 1 -60,51 117,26 -157,463 1641981949
1 18 1 -60,57 117,51 -157,463 1641981949
1 18 1 -60,76 117,70 -157,469 1641981950
1 18 1 -61,01 117,76 -157,469 1641981950
1 18 1 -61,26 117,70 -157,426 1641981950
1 18 1 -61,44 117,51 -158,928 1641981950
1 18 1 -61,51 117,26 -158,574 1641981951
1 18 1 -61,44 117,01 -158,897 1641981951
1 18 1 -61,26 116,83 -157,499 1641981952
1 18 1 -61,01 116,76 -157,469 1641981952
1 18 1 -60,76 116,83 -157,438 1641981953
1 18 1 -60,57 117,01 -157,475 1641981953
1 18 2 -61,89 125,58 -159,050 1641981954
1 18 2 -61,39 125,58 -159,141 1641981954
1 18 2 -61,45 125,83 -158,854 1641981955
1 18 2 -61,64 126,01 -158,458 1641981955
1 18 2 -61,89 126,08 -158,867 1641981956
1 18 2 -62,14 126,01 -158,842 1641981956
1 18 2 -62,32 125,83 -158,976 1641981956
1 18 2 -62,39 125,58 -159,166 1641981957
1 18 2 -62,32 125,33 -159,172 1641981958
1 18 2 -62,14 125,14 -158,830 1641981958
1 18 2 -61,89 125,08 -158,989 1641981958
1 18 2 -61,64 125,14 -158,482 1641981959
1 18 2 -61,45 125,33 -158,867 1641981959
1 18 3 -56,06 122,21 -157,475 1641981960
1 18 3 -55,56 122,21 -157,481 1641981961
1 18 3 -55,62 122,46 -157,463 1641981961
1 18 3 -55,81 122,65 -157,499 1641981961
1 18 3 -56,06 122,71 -157,493 1641981962
1 18 3 -56,31 122,65 -157,432 1641981963
1 18 3 -56,49 122,46 -157,438 1641981963
1 18 3 -56,56 122,21 -157,414 1641981963
1 18 3 -56,49 121,96 -157,469 1641981964
1 18 3 -56,31 121,78 -157,469 1641981964
1 18 3 -56,06 121,71 -157,438 1641981965
1 18 3 -55,81 121,78 -157,451 1641981965
1 18 3 -55,62 121,96 -157,444 1641981966
1 18 4 -52,69 116,38 -157,451 1641981966
1 18 4 -52,19 116,38 -157,457 1641981967
1 18 4 -52,26 116,63 -157,451 1641981968
1 18 4 -52,44 116,82 -157,493 1641981968
1 18 4 -52,69 116,88 -157,383 1641981968
1 18 4 -52,94 116,82 -157,438 1641981969
1 18 4 -53,13 116,63 -157,493 1641981969
1 18 4 -53,19 116,38 -157,414 1641981970
1 18 4 -53,13 116,13 -157,457 1641981970
1 18 4 -52,94 115,95 -157,444 1641981971
1 18 4 -52,69 115,88 -157,463 1641981971
1 18 4 -52,44 115,95 -157,469 1641981972
1 18 4 -52,26 116,13 -157,420 1641981972
1 18 5 -45,93 118,20 -157,420 1641981973
1 18 5 -45,43 118,20 -157,463 1641981973
1 18 5 -45,50 118,45 -157,463 1641981974
1 18 5 -45,68 118,63 -157,402 1641981974
1 18 5 -45,93 118,70 -157,481 1641981975
1 18 5 -46,18 118,63 -157,420 1641981975
1 18 5 -46,36 118,45 -157,438 1641981976
1 18 5 -46,43 118,20 -157,426 1641981976
1 18 5 -46,36 117,95 -157,451 1641981977
1 18 5 -46,18 117,76 -157,457 1641981977
1 18 5 -45,93 117,70 -157,451 1641981978
1 18 5 -45,68 117,76 -157,420 1641981978
1 18 5 -45,50 117,95 -157,463 1641981978
1 18 6 -47,93 123,02 -157,420 1641981979
1 18 6 -47,43 123,02 -157,420 1641981980
1 18 6 -47,50 123,27 -157,451 1641981980
1 18 6 -47,68 123,45 -157,402 1641981980
1 18 6 -47,93 123,52 -157,475 1641981980
1 18 6 -48,18 123,45 -157,444 1641981980
1 18 6 -48,36 123,27 -157,463 1641981981
1 18 6 -48,43 123,02 -157,438 1641981981
1 18 6 -48,36 122,77 -157,426 1641981981
1 18 6 -48,18 122,59 -157,408 1641981981
1 18 6 -47,93 122,52 -157,451 1641981982
1 18 6 -47,68 122,59 -157,481 1641981982
1 18 6 -47,50 122,77 -157,469 1641981982
1 18 7 -51,11 127,16 -157,487 1641981983
1 18 7 -50,61 127,16 -157,475 1641981983
1 18 7 -50,67 127,41 -157,475 1641981984
1 18 7 -50,86 127,60 -157,463 1641981984
1 18 7 -51,11 127,66 -157,438 1641981985
1 18 7 -51,36 127,60 -157,451 1641981985
1 18 7 -51,54 127,41 -157,518 1641981986
1 18 7 -51,61 127,16 -157,469 1641981986
1 18 7 -51,54 126,91 -157,499 1641981987
1 18 7 -51,36 126,73 -157,457 1641981987
1 18 7 -51,11 126,66 -157,389 1641981988
1 18 7 -50,86 126,73 -157,487 1641981988
1 18 7 -50,67 126,91 -157,457 1641981988
1 18 8 -55,25 130,34 -157,420 1641981989
1 18 8 -54,75 130,34 -157,444 1641981990
1 18 8 -54,82 130,59 -157,463 1641981990
1 18 8 -55,00 130,77 -157,438 1641981991
1 18 8 -55,25 130,84 -157,469 1641981991
1 18 8 -55,50 130,77 -157,463 1641981992
1 18 8 -55,68 130,59 -157,451 1641981992
1 18 8 -55,75 130,34 -157,481 1641981992
1 18 8 -55,68 130,09 -157,444 1641981993
1 18 8 -55,50 129,91 -157,389 1641981993
1 18 8 -55,25 129,84 -157,420 1641981994
1 18 8 -55,00 129,91 -157,475 1641981994
1 18 8 -54,82 130,09 -157,457 1641981995
1 18 9 -60,07 132,34 -157,493 1641981996
1 18 9 -59,57 132,34 -157,493 1641981996
1 18 9 -59,64 132,59 -157,444 1641981997
1 18 9 -59,82 132,77 -157,457 1641981997
1 18 9 -60,07 132,84 -157,493 1641981997
1 18 9 -60,32 132,77 -157,426 1641981998
1 18 9 -60,51 132,59 -157,457 1641981998
1 18 9 -60,57 132,34 -157,481 1641981999
1 18 9 -60,51 132,09 -157,499 1641981999
1 18 9 -60,32 131,91 -157,524 1641982000
1 18 9 -60,07 131,84 -157,487 1641982000
1 18 9 -59,82 131,91 -157,493 1641982001
1 18 9 -59,64 132,09 -157,469 1641982001
1 18 10 -70,43 132,34 -157,475 1641982002
1 18 10 -69,93 132,34 -157,499 1641982003
1 18 10 -69,99 132,59 -157,475 1641982003
1 18 10 -70,18 132,77 -157,420 1641982003
1 18 10 -70,43 132,84 -157,505 1641982004
1 18 10 -70,68 132,77 -157,481 1641982005
1 18 10 -70,86 132,59 -157,426 1641982005
1 18 10 -70,93 132,34 -157,487 1641982005
1 18 10 -70,86 132,09 -157,451 1641982006
1 18 10 -70,68 131,91 -157,493 1641982006
1 18 10 -70,43 131,84 -157,481 1641982007
1 18 10 -70,18 131,91 -157,493 1641982007
1 18 10 -69,99 132,09 -157,487 1641982008
1 18 11 -75,25 130,34 -157,463 1641982008
1 18 11 -74,75 130,34 -157,432 1641982009
1 18 11 -74,82 130,59 -157,481 1641982009
1 18 11 -75,00 130,77 -158,085 1641982009
1 18 11 -75,25 130,84 -158,873 1641982010
1 18 11 -75,50 130,77 -158,873 1641982010
1 18 11 -75,68 130,59 -158,891 1641982010
1 18 11 -75,75 130,34 -159,038 1641982011
1 18 11 -75,68 130,09 -157,469 1641982012
1 18 11 -75,50 129,91 -157,457 1641982012
1 18 11 -75,25 129,84 -157,493 1641982012
1 18 11 -75,00 129,91 -157,536 1641982013
1 18 11 -74,82 130,09 -157,487 1641982013
1 18 12 -79,39 127,16 -158,738 1641982014
1 18 12 -78,89 127,16 -157,457 1641982014
1 18 12 -78,96 127,41 -157,670 1641982015
1 18 12 -79,14 127,60 -158,873 1641982015
1 18 12 -79,39 127,66 -158,842 1641982016
1 18 12 -79,64 127,60 -158,903 1641982016
1 18 12 -79,83 127,41 -158,824 1641982017
1 18 12 -79,89 127,16 -158,836 1641982017
1 18 12 -79,83 126,91 -158,824 1641982018
1 18 12 -79,64 126,73 -158,134 1641982018
1 18 12 -79,39 126,66 -157,457 1641982019
1 18 12 -79,14 126,73 -157,469 1641982019
1 18 12 -78,96 126,91 -157,481 1641982019
1 18 13 -82,57 123,02 -158,854 1641982020
1 18 13 -82,07 123,02 -157,365 1641982021
1 18 13 -82,14 123,27 -158,909 1641982021
1 18 13 -82,32 123,45 -158,793 1641982021
1 18 13 -82,57 123,52 -158,824 1641982022
1 18 13 -82,82 123,45 -158,769 1641982023
1 18 13 -83,00 123,27 -158,879 1641982023
1 18 13 -83,07 123,02 -158,854 1641982023
1 18 13 -83,00 122,77 -158,836 1641982024
1 18 13 -82,82 122,59 -158,830 1641982024
1 18 13 -82,57 122,52 -158,946 1641982025
1 18 13 -82,32 122,59 -157,444 1641982025
1 18 13 -82,14 122,77 -157,493 1641982026
1 18 14 -84,57 118,20 -158,836 1641982027
1 18 14 -84,07 118,20 -159,276 1641982027
1 18 14 -84,14 118,45 -158,970 1641982028
1 18 14 -84,32 118,63 -158,720 1641982028
1 18 14 -84,57 118,70 -158,830 1641982028
1 18 14 -84,82 118,63 -158,824 1641982029
1 18 14 -85,00 118,45 -158,873 1641982029
1 18 14 -85,07 118,20 -158,861 1641982030
1 18 14 -85,00 117,95 -158,854 1641982030
1 18 14 -84,82 117,76 -158,885 1641982031
1 18 14 -84,57 117,70 -158,671 1641982031
1 18 14 -84,32 117,76 -158,946 1641982032
1 18 14 -84,14 117,95 -159,202 1641982032
1 18 15 -77,81 116,38 -157,518 1641982033
1 18 15 -77,31 116,38 -157,493 1641982033
1 18 15 -77,37 116,63 -157,463 1641982034
1 18 15 -77,56 116,82 -157,499 1641982034
1 18 15 -77,81 116,88 -157,493 1641982035
1 18 15 -78,06 116,82 -157,457 1641982035
1 18 15 -78,24 116,63 -157,451 1641982035
1 18 15 -78,31 116,38 -157,451 1641982036
1 18 15 -78,24 116,13 -157,463 1641982037
1 18 15 -78,06 115,95 -157,444 1641982037
1 18 15 -77,81 115,88 -157,487 1641982037
1 18 15 -77,56 115,95 -157,451 1641982038
1 18 15 -77,37 116,13 -157,499 1641982038
1 18 16 -74,44 122,21 -157,499 1641982039
1 18 16 -73,94 122,21 -157,475 1641982040
1 18 16 -74,01 122,46 -157,420 1641982040
1 18 16 -74,19 122,65 -157,481 1641982040
1 18 16 -74,44 122,71 -157,475 1641982041
1 18 16 -74,69 122,65 -157,451 1641982042
1 18 16 -74,88 122,46 -157,475 1641982042
1 18 16 -74,94 122,21 -157,475 1641982042
1 18 16 -74,88 121,96 -157,487 1641982043
1 18 16 -74,69 121,78 -157,451 1641982043
1 18 16 -74,44 121,71 -157,451 1641982044
1 18 16 -74,19 121,78 -157,481 1641982044
1 18 16 -74,01 121,96 -157,481 1641982045
1 18 17 -68,61 125,58 -157,408 1641982045
1 18 17 -68,11 125,58 -157,438 1641982046
1 18 17 -68,18 125,83 -157,463 1641982046
1 18 17 -68,36 126,01 -157,499 1641982046
1 18 17 -68,61 126,08 -157,475 1641982047
1 18 17 -68,86 126,01 -157,438 1641982048
1 18 17 -69,05 125,83 -157,432 1641982048
1 18 17 -69,11 125,58 -157,463 1641982048
1 18 17 -69,05 125,33 -157,481 1641982049
1 18 17 -68,86 125,14 -157,451 1641982049
1 18 17 -68,61 125,08 -157,499 1641982050
1 18 17 -68,36 125,14 -157,524 1641982050
1 18 17 -68,18 125,33 -157,451 1641982051
1 18 18 -69,49 117,26 -157,463 1641982052
1 18 18 -68,99 117,26 -157,493 1641982052
1 18 18 -69,06 117,51 -157,493 1641982053
1 18 18 -69,24 117,70 -157,451 1641982053
1 18 18 -69,49 117,76 -157,457 1641982054
1 18 18 -69,74 117,70 -157,475 1641982054
1 18 18 -69,93 117,51 -157,481 1641982054
1 18 18 -69,99 117,26 -157,469 1641982055
1 18 18 -69,93 117,01 -157,457 1641982055
1 18 18 -69,74 116,83 -157,499 1641982055
1 18 18 -69,49 116,76 -157,463 1641982055
1 18 18 -69,24 116,83 -157,512 1641982056
1 18 18 -69,06 117,01 -157,463 1641982056
1 18 19 -69,49 108,78 -157,457 1641982057
1 18 19 -68,99 108,78 -157,463 1641982057
1 18 19 -69,06 109,03 -157,420 1641982058
1 18 19 -69,24 109,21 -157,487 1641982058
1 18 19 -69,49 109,28 -157,457 1641982059
1 18 19 -69,74 109,21 -157,481 1641982059
1 18 19 -69,93 109,03 -157,481 1641982059
1 18 19 -69,99 108,78 -157,463 1641982060
1 18 19 -69,93 108,53 -157,432 1641982061
1 18 19 -69,74 108,34 -157,457 1641982061
1 18 19 -69,49 108,28 -157,469 1641982062
1 18 19 -69,24 108,34 -157,420 1641982062
1 18 19 -69,06 108,53 -157,481 1641982062
1 18 20 -68,61 100,46 -157,451 1641982064
1 18 20 -68,11 100,46 -157,451 1641982064
1 18 20 -68,18 100,71 -157,463 1641982065
1 18 20 -68,36 100,90 -157,457 1641982065
1 18 20 -68,61 100,96 -157,438 1641982065
1 18 20 -68,86 100,90 -157,457 1641982066
1 18 20 -69,05 100,71 -157,457 1641982066
1 18 20 -69,11 100,46 -157,487 1641982067
1 18 20 -69,05 100,21 -157,487 1641982067
1 18 20 -68,86 100,03 -157,451 1641982068
1 18 20 -68,61 99,96 -157,463 1641982068
1 18 20 -68,36 100,03 -157,451 1641982069
1 18 20 -68,18 100,21 -157,457 1641982069
1 18 21 -74,44 103,83 -157,505 1641982070
1 18 21 -73,94 103,83 -157,457 1641982070
1 18 21 -74,01 104,08 -157,414 1641982071
1 18 21 -74,19 104,26 -157,481 1641982071
1 18 21 -74,44 104,33 -157,481 1641982072
1 18 21 -74,69 104,26 -157,469 1641982072
1 18 21 -74,88 104,08 -157,444 1641982072
1 18 21 -74,94 103,83 -157,463 1641982073
1 18 21 -74,88 103,58 -157,396 1641982074
1 18 21 -74,69 103,39 -157,505 1641982074
1 18 21 -74,44 103,33 -157,451 1641982074
1 18 21 -74,19 103,39 -157,475 1641982075
1 18 21 -74,01 103,58 -157,451 1641982075
1 18 22 -77,81 109,66 -157,451 1641982076
1 18 22 -77,31 109,66 -157,463 1641982076
1 18 22 -77,37 109,91 -157,451 1641982077
1 18 22 -77,56 110,09 -157,469 1641982077
1 18 22 -77,81 110,16 -157,457 1641982077
1 18 22 -78,06 110,09 -157,469 1641982077
1 18 22 -78,24 109,91 -157,481 1641982078
1 18 22 -78,31 109,66 -157,481 1641982079
1 18 22 -78,24 109,41 -157,457 1641982079
1 18 22 -78,06 109,22 -157,432 1641982079
1 18 22 -77,81 109,16 -157,457 1641982080
1 18 22 -77,56 109,22 -157,463 1641982081
1 18 22 -77,37 109,41 -157,463 1641982081
1 18 23 -84,57 107,84 -157,371 1641982082
1 18 23 -84,07 107,84 -157,499 1641982082
1 18 23 -84,14 108,09 -157,499 1641982083
1 18 23 -84,32 108,28 -157,493 1641982083
1 18 23 -84,57 108,34 -157,664 1641982084
1 18 23 -84,82 108,28 -158,842 1641982084
1 18 23 -85,00 108,09 -158,824 1641982084
1 18 23 -85,07 107,84 -158,873 1641982085
1 18 23 -85,00 107,59 -158,830 1641982086
1 18 23 -84,82 107,41 -158,873 1641982086
1 18 23 -84,57 107,34 -157,951 1641982086
1 18 23 -84,32 107,41 -157,451 1641982087
1 18 23 -84,14 107,59 -157,469 1641982087
1 18 24 -82,57 103,02 -157,481 1641982088
1 18 24 -82,07 103,02 -157,438 1641982088
1 18 24 -82,14 103,27 -157,475 1641982089
1 18 24 -82,32 103,45 -157,457 1641982089
1 18 24 -82,57 103,52 -157,493 1641982090
1 18 24 -82,82 103,45 -157,469 1641982090
1 18 24 -83,00 103,27 -157,451 1641982091
1 18 24 -83,07 103,02 -158,781 1641982091
1 18 24 -83,00 102,77 -158,915 1641982092
1 18 24 -82,82 102,59 -158,824 1641982092
1 18 24 -82,57 102,52 -157,493 1641982093
1 18 24 -82,32 102,59 -157,499 1641982093
1 18 24 -82,14 102,77 -157,530 1641982093
1 18 25 -79,39 98,88 -157,469 1641982094
1 18 25 -78,89 98,88 -157,426 1641982095
1 18 25 -78,96 99,13 -157,463 1641982095
1 18 25 -79,14 99,31 -157,457 1641982095
1 18 25 -79,39 99,38 -157,432 1641982095
1 18 25 -79,64 99,31 -157,396 1641982096
1 18 25 -79,83 99,13 -157,499 1641982096
1 18 25 -79,89 98,88 -157,463 1641982096
1 18 25 -79,83 98,63 -157,463 1641982096
1 18 25 -79,64 98,44 -157,438 1641982097
1 18 25 -79,39 98,38 -157,475 1641982097
1 18 25 -79,14 98,44 -157,414 1641982097
1 18 25 -78,96 98,63 -157,451 1641982097
1 18 26 -75,25 95,70 -157,469 1641982098
1 18 26 -74,75 95,70 -157,396 1641982098
1 18 26 -74,82 95,95 -157,414 1641982099
1 18 26 -75,00 96,13 -157,451 1641982099
1 18 26 -75,25 96,20 -157,444 1641982100
1 18 26 -75,50 96,13 -157,426 1641982100
1 18 26 -75,68 95,95 -157,444 1641982101
1 18 26 -75,75 95,70 -157,481 1641982101
1 18 26 -75,68 95,45 -157,457 1641982102
1 18 26 -75,50 95,27 -157,481 1641982102
1 18 26 -75,25 95,20 -157,487 1641982103
1 18 26 -75,00 95,27 -157,457 1641982103
1 18 26 -74,82 95,45 -157,451 1641982103
1 18 27 -70,43 93,70 -157,426 1641982104
1 18 27 -69,93 93,70 -157,493 1641982105
1 18 27 -69,99 93,95 -157,426 1641982105
1 18 27 -70,18 94,13 -157,451 1641982105
1 18 27 -70,43 94,20 -157,457 1641982106
1 18 27 -70,68 94,13 -157,469 1641982106
1 18 27 -70,86 93,95 -157,444 1641982107
1 18 27 -70,93 93,70 -157,463 1641982107
1 18 27 -70,86 93,45 -157,469 1641982108
1 18 27 -70,68 93,27 -157,463 1641982108
1 18 27 -70,43 93,20 -157,463 1641982109
1 18 27 -70,18 93,27 -157,426 1641982109
1 18 27 -69,99 93,45 -157,512 1641982109
1 18 28 -60,07 93,70 -157,463 1641982110
1 18 28 -59,57 93,70 -157,371 1641982111
1 18 28 -59,64 93,95 -157,444 1641982111
1 18 28 -59,82 94,13 -157,487 1641982112
1 18 28 -60,07 94,20 -157,457 1641982112
1 18 28 -60,32 94,13 -157,444 1641982113
1 18 28 -60,51 93,95 -157,420 1641982113
1 18 28 -60,57 93,70 -157,438 1641982114
1 18 28 -60,51 93,45 -157,389 1641982114
1 18 28 -60,32 93,27 -157,438 1641982114
1 18 28 -60,07 93,20 -157,451 1641982115
1 18 28 -59,82 93,27 -157,444 1641982116
1 18 28 -59,64 93,45 -157,408 1641982116
1 18 29 -55,25 95,70 -157,420 1641982117
1 18 29 -54,75 95,70 -157,402 1641982117
1 18 29 -54,82 95,95 -157,408 1641982118
1 18 29 -55,00 96,13 -157,402 1641982118
1 18 29 -55,25 96,20 -157,463 1641982119
1 18 29 -55,50 96,13 -157,426 1641982119
1 18 29 -55,68 95,95 -157,432 1641982120
1 18 29 -55,75 95,70 -157,438 1641982120
1 18 29 -55,68 95,45 -157,469 1641982121
1 18 29 -55,50 95,27 -157,438 1641982121
1 18 29 -55,25 95,20 -157,420 1641982122
1 18 29 -55,00 95,27 -157,451 1641982122
1 18 29 -54,82 95,45 -157,463 1641982122
1 18 30 -51,11 98,88 -157,420 1641982123
1 18 30 -50,61 98,88 -157,438 1641982123
1 18 30 -50,67 99,13 -157,444 1641982124
1 18 30 -50,86 99,31 -157,383 1641982124
1 18 30 -51,11 99,38 -157,438 1641982124
1 18 30 -51,36 99,31 -157,402 1641982124
1 18 30 -51,54 99,13 -157,389 1641982125
1 18 30 -51,61 98,88 -157,444 1641982125
1 18 30 -51,54 98,63 -157,444 1641982126
1 18 30 -51,36 98,44 -157,365 1641982126
1 18 30 -51,11 98,38 -157,414 1641982126
1 18 30 -50,86 98,44 -157,414 1641982126
1 18 30 -50,67 98,63 -157,426 1641982127
1 18 31 -47,93 103,02 -157,426 1641982127
1 18 31 -47,43 103,02 -157,451 1641982128
1 18 31 -47,50 103,27 -157,444 1641982128
1 18 31 -47,68 103,45 -157,487 1641982129
1 18 31 -47,93 103,52 -157,469 1641982129
1 18 31 -48,18 103,45 -157,377 1641982130
1 18 31 -48,36 103,27 -157,396 1641982130
1 18 31 -48,43 103,02 -157,438 1641982131
1 18 31 -48,36 102,77 -157,444 1641982131
1 18 31 -48,18 102,59 -157,389 1641982131
1 18 31 -47,93 102,52 -157,432 1641982132
1 18 31 -47,68 102,59 -157,451 1641982133
1 18 31 -47,50 102,77 -157,457 1641982133
1 18 32 -45,93 107,84 -157,438 1641982134
1 18 32 -45,43 107,84 -157,389 1641982134
1 18 32 -45,50 108,09 -157,414 1641982135
1 18 32 -45,68 108,28 -157,426 1641982135
1 18 32 -45,93 108,34 -157,414 1641982135
1 18 32 -46,18 108,28 -157,426 1641982136
1 18 32 -46,36 108,09 -157,389 1641982136
1 18 32 -46,43 107,84 -157,420 1641982137
1 18 32 -46,36 107,59 -157,444 1641982137
1 18 32 -46,18 107,41 -157,365 1641982138
1 18 32 -45,93 107,34 -157,451 1641982138
1 18 32 -45,68 107,41 -157,402 1641982139
1 18 32 -45,50 107,59 -157,432 1641982139
1 18 33 -52,69 109,66 -157,383 1641982140
1 18 33 -52,19 109,66 -157,451 1641982140
1 18 33 -52,26 109,91 -157,475 1641982141
1 18 33 -52,44 110,09 -157,414 1641982141
1 18 33 -52,69 110,16 -157,499 1641982142
1 18 33 -52,94 110,09 -157,457 1641982142
1 18 33 -53,13 109,91 -157,457 1641982143
1 18 33 -53,19 109,66 -157,438 1641982143
1 18 33 -53,13 109,41 -157,365 1641982144
1 18 33 -52,94 109,22 -157,463 1641982144
1 18 33 -52,69 109,16 -157,414 1641982145
1 18 33 -52,44 109,22 -157,426 1641982145
1 18 33 -52,26 109,41 -157,444 1641982146
1 18 34 -56,06 103,83 -157,426 1641982147
1 18 34 -55,56 103,83 -157,432 1641982147
1 18 34 -55,62 104,08 -157,451 1641982148
1 18 34 -55,81 104,26 -157,463 1641982148
1 18 34 -56,06 104,33 -157,444 1641982148
1 18 34 -56,31 104,26 -157,444 1641982149
1 18 34 -56,49 104,08 -157,408 1641982149
1 18 34 -56,56 103,83 -157,438 1641982150
1 18 34 -56,49 103,58 -157,451 1641982150
1 18 34 -56,31 103,39 -157,402 1641982151
1 18 34 -56,06 103,33 -157,420 1641982151
1 18 34 -55,81 103,39 -157,469 1641982152
1 18 34 -55,62 103,58 -157,487 1641982152
1 18 35 -61,89 100,46 -158,781 1641982153
1 18 35 -61,39 100,46 -158,073 1641982153
1 18 35 -61,45 100,71 -158,952 1641982154
1 18 35 -61,64 100,90 -158,812 1641982154
1 18 35 -61,89 100,96 -158,781 1641982155
1 18 35 -62,14 100,90 -158,873 1641982155
1 18 35 -62,32 100,71 -158,909 1641982156
1 18 35 -62,39 100,46 -159,050 1641982156
1 18 35 -62,32 100,21 -158,928 1641982157
1 18 35 -62,14 100,03 -158,836 1641982157
1 18 35 -61,89 99,96 -158,885 1641982158
1 18 35 -61,64 100,03 -158,824 1641982158
1 18 35 -61,45 100,21 -158,885 1641982158
1 18 36 -61,01 108,78 -157,469 1641982159
1 18 36 -60,51 108,78 -157,426 1641982160
1 18 36 -60,57 109,03 -157,426 1641982160
1 18 36 -60,76 109,21 -157,438 1641982161
1 18 36 -61,01 109,28 -157,487 1641982161
1 18 36 -61,26 109,21 -157,414 1641982162
1 18 36 -61,44 109,03 -158,873 1641982162
1 18 36 -61,51 108,78 -158,647 1641982163
1 18 36 -61,44 108,53 -158,867 1641982163
1 18 36 -61,26 108,34 -157,457 1641982163
1 18 36 -61,01 108,28 -157,426 1641982164
1 18 36 -60,76 108,34 -157,438 1641982164
1 18 36 -60,57 108,53 -157,463 1641982165
1 18 37 -38,25 113,02 -158,897 1641982166
1 18 37 -37,75 113,02 -157,457 1641982167
1 18 37 -37,82 113,27 -159,361 1641982168
1 18 37 -38,00 113,45 -158,616 1641982168
1 18 37 -38,25 113,52 -158,793 1641982168
1 18 37 -38,50 113,45 -158,891 1641982169
1 18 37 -38,68 113,27 -158,873 1641982169
1 18 37 -38,75 113,02 -158,946 1641982170
1 18 37 -38,68 112,77 -158,934 1641982170
1 18 37 -38,50 112,59 -158,806 1641982171
1 18 37 -38,25 112,52 -158,909 1641982171
1 18 37 -38,00 112,59 -158,568 1641982172
1 18 37 -37,82 112,77 -159,269 1641982172
1 18 38 -39,17 120,01 -157,591 1641982173
1 18 38 -38,67 120,01 -157,451 1641982173
1 18 38 -38,74 120,26 -157,487 1641982174
1 18 38 -38,92 120,44 -157,396 1641982174
1 18 38 -39,17 120,51 -157,420 1641982175
1 18 38 -39,42 120,44 -157,853 1641982175
1 18 38 -39,60 120,26 -158,830 1641982176
1 18 38 -39,67 120,01 -158,818 1641982176
1 18 38 -39,60 119,76 -158,824 1641982177
1 18 38 -39,42 119,58 -158,775 1641982177
1 18 38 -39,17 119,51 -157,847 1641982177
1 18 38 -38,92 119,58 -157,396 1641982178
1 18 38 -38,74 119,76 -157,396 1641982179
1 18 39 -41,87 126,52 -157,408 1641982179
1 18 39 -41,37 126,52 -157,371 1641982180
1 18 39 -41,43 126,77 -157,420 1641982181
1 18 39 -41,62 126,95 -157,451 1641982181
1 18 39 -41,87 127,02 -157,481 1641982181
1 18 39 -42,12 126,95 -157,438 1641982182
1 18 39 -42,30 126,77 -157,432 1641982182
1 18 39 -42,37 126,52 -157,658 1641982183
1 18 39 -42,30 126,27 -157,585 1641982183
1 18 39 -42,12 126,09 -157,853 1641982184
1 18 39 -41,87 126,02 -157,371 1641982184
1 18 39 -41,62 126,09 -157,475 1641982185
1 18 39 -41,43 126,27 -157,487 1641982185
1 18 40 -46,16 132,11 -157,408 1641982186
1 18 40 -45,66 132,11 -157,426 1641982186
1 18 40 -45,73 132,36 -157,438 1641982187
1 18 40 -45,91 132,54 -157,463 1641982187
1 18 40 -46,16 132,61 -157,481 1641982188
1 18 40 -46,41 132,54 -157,463 1641982188
1 18 40 -46,59 132,36 -157,469 1641982189
1 18 40 -46,66 132,11 -157,457 1641982189
1 18 40 -46,59 131,86 -157,475 1641982190
1 18 40 -46,41 131,68 -157,444 1641982190
1 18 40 -46,16 131,61 -157,457 1641982190
1 18 40 -45,91 131,68 -157,469 1641982191
1 18 40 -45,73 131,86 -157,469 1641982191
1 18 41 -51,75 136,40 -157,475 1641982192
1 18 41 -51,25 136,40 -157,438 1641982192
1 18 41 -51,32 136,65 -157,505 1641982193
1 18 41 -51,50 136,84 -157,463 1641982193
1 18 41 -51,75 136,90 -157,408 1641982193
1 18 41 -52,00 136,84 -157,438 1641982194
1 18 41 -52,18 136,65 -157,463 1641982194
1 18 41 -52,25 136,40 -157,451 1641982195
1 18 41 -52,18 136,15 -157,426 1641982195
1 18 41 -52,00 135,97 -157,420 1641982195
1 18 41 -51,75 135,90 -157,487 1641982196
1 18 41 -51,50 135,97 -157,463 1641982197
1 18 41 -51,32 136,15 -157,505 1641982197
1 18 42 -58,26 139,10 -157,408 1641982198
1 18 42 -57,76 139,10 -157,530 1641982198
1 18 42 -57,83 139,35 -157,536 1641982198
1 18 42 -58,01 139,53 -157,444 1641982199
1 18 42 -58,26 139,60 -157,463 1641982199
1 18 42 -58,51 139,53 -157,426 1641982199
1 18 42 -58,69 139,35 -157,408 1641982200
1 18 42 -58,76 139,10 -157,420 1641982200
1 18 42 -58,69 138,85 -157,463 1641982201
1 18 42 -58,51 138,67 -157,499 1641982201
1 18 42 -58,26 138,60 -157,457 1641982202
1 18 42 -58,01 138,67 -157,414 1641982202
1 18 42 -57,83 138,85 -157,487 1641982202
1 18 43 -65,25 140,02 -157,505 1641982203
1 18 43 -64,75 140,02 -157,444 1641982204
1 18 43 -64,82 140,27 -157,481 1641982204
1 18 43 -65,00 140,45 -157,469 1641982205
1 18 43 -65,25 140,52 -157,493 1641982205
1 18 43 -65,50 140,45 -157,530 1641982206
1 18 43 -65,68 140,27 -157,499 1641982206
1 18 43 -65,75 140,02 -157,475 1641982207
1 18 43 -65,68 139,77 -157,444 1641982207
1 18 43 -65,50 139,59 -157,457 1641982208
1 18 43 -65,25 139,52 -157,457 1641982208
1 18 43 -65,00 139,59 -157,475 1641982209
1 18 43 -64,82 139,77 -157,414 1641982209
1 18 44 -72,24 139,10 -157,457 1641982210
1 18 44 -71,74 139,10 -157,505 1641982210
1 18 44 -71,81 139,35 -157,475 1641982210
1 18 44 -71,99 139,53 -157,505 1641982211
1 18 44 -72,24 139,60 -157,475 1641982212
1 18 44 -72,49 139,53 -157,469 1641982212
1 18 44 -72,67 139,35 -157,499 1641982212
1 18 44 -72,74 139,10 -157,487 1641982213
1 18 44 -72,67 138,85 -157,487 1641982214
1 18 44 -72,49 138,67 -157,481 1641982214
1 18 44 -72,24 138,60 -157,457 1641982214
1 18 44 -71,99 138,67 -157,475 1641982215
1 18 44 -71,81 138,85 -157,487 1641982215
1 18 45 -78,75 136,40 -157,463 1641982216
1 18 45 -78,25 136,40 -157,505 1641982217
1 18 45 -78,32 136,65 -157,493 1641982217
1 18 45 -78,50 136,84 -157,457 1641982218
1 18 45 -78,75 136,90 -157,463 1641982218
1 18 45 -79,00 136,84 -157,469 1641982219
1 18 45 -79,18 136,65 -157,414 1641982220
1 18 45 -79,25 136,40 -157,505 1641982220
1 18 45 -79,18 136,15 -157,536 1641982221
1 18 45 -79,00 135,97 -157,438 1641982221
1 18 45 -78,75 135,90 -157,536 1641982221
1 18 45 -78,50 135,97 -157,493 1641982222
1 18 45 -78,32 136,15 -157,438 1641982222
1 18 46 -84,34 132,11 -157,451 1641982223
1 18 46 -83,84 132,11 -157,451 1641982223
1 18 46 -83,91 132,36 -157,499 1641982224
1 18 46 -84,09 132,54 -157,444 1641982224
1 18 46 -84,34 132,61 -157,457 1641982224
1 18 46 -84,59 132,54 -157,530 1641982224
1 18 46 -84,77 132,36 -157,499 1641982225
1 18 46 -84,84 132,11 -157,505 1641982226
1 18 46 -84,77 131,86 -157,493 1641982226
1 18 46 -84,59 131,68 -157,505 1641982226
1 18 46 -84,34 131,61 -157,432 1641982227
1 18 46 -84,09 131,68 -157,493 1641982228
1 18 46 -83,91 131,86 -157,457 1641982228
1 18 47 -88,63 126,52 -157,444 1641982229
1 18 47 -88,13 126,52 -157,475 1641982229
1 18 47 -88,20 126,77 -157,469 1641982230
1 18 47 -88,38 126,95 -157,518 1641982230
1 18 47 -88,63 127,02 -157,487 1641982231
1 18 47 -88,88 126,95 -157,493 1641982231
1 18 47 -89,07 126,77 -157,481 1641982232
1 18 47 -89,13 126,52 -157,475 1641982232
1 18 47 -89,07 126,27 -157,493 1641982233
1 18 47 -88,88 126,09 -157,444 1641982233
1 18 47 -88,63 126,02 -157,505 1641982234
1 18 47 -88,38 126,09 -157,512 1641982234
1 18 47 -88,20 126,27 -157,457 1641982234
1 18 48 -91,33 120,01 -157,451 1641982235
1 18 48 -90,83 120,01 -157,414 1641982235
1 18 48 -90,90 120,26 -157,444 1641982236
1 18 48 -91,08 120,44 -157,524 1641982236
1 18 48 -91,33 120,51 -157,457 1641982237
1 18 48 -91,58 120,44 -157,560 1641982237
1 18 48 -91,76 120,26 -157,457 1641982238
1 18 48 -91,83 120,01 -157,475 1641982238
1 18 48 -91,76 119,76 -157,493 1641982239
1 18 48 -91,58 119,58 -157,463 1641982239
1 18 48 -91,33 119,51 -157,414 1641982240
1 18 48 -91,08 119,58 -157,505 1641982240
1 18 48 -90,90 119,76 -157,451 1641982241
1 18 49 -92,25 113,02 -157,493 1641982241
1 18 49 -91,75 113,02 -157,475 1641982242
1 18 49 -91,82 113,27 -157,536 1641982242
1 18 49 -92,00 113,45 -157,524 1641982243
1 18 49 -92,25 113,52 -157,444 1641982243
1 18 49 -92,50 113,45 -157,426 1641982244
1 18 49 -92,68 113,27 -159,544 1641982244
1 18 49 -92,75 113,02 -159,538 1641982245
1 18 49 -92,68 112,77 -159,550 1641982245
1 18 49 -92,50 112,59 -157,457 1641982245
1 18 49 -92,25 112,52 -157,493 1641982246
1 18 49 -92,00 112,59 -157,499 1641982247
1 18 49 -91,82 112,77 -157,451 1641982247
1 18 50 -91,33 106,03 -157,469 1641982248
1 18 50 -90,83 106,03 -157,499 1641982248
1 18 50 -90,90 106,28 -157,512 1641982249
1 18 50 -91,08 106,46 -157,487 1641982249
1 18 50 -91,33 106,53 -157,499 1641982250
1 18 50 -91,58 106,46 -157,420 1641982250
1 18 50 -91,76 106,28 -157,493 1641982251
1 18 50 -91,83 106,03 -157,536 1641982251
1 18 50 -91,76 105,78 -157,420 1641982252
1 18 50 -91,58 105,60 -157,481 1641982252
1 18 50 -91,33 105,53 -157,475 1641982253
1 18 50 -91,08 105,60 -157,505 1641982253
1 18 50 -90,90 105,78 -157,426 1641982254
1 18 51 -88,63 99,52 -157,457 1641982254
1 18 51 -88,13 99,52 -157,469 1641982255
1 18 51 -88,20 99,77 -157,493 1641982255
1 18 51 -88,38 99,95 -157,493 1641982256
1 18 51 -88,63 100,02 -157,463 1641982256
1 18 51 -88,88 99,95 -157,457 1641982257
1 18 51 -89,07 99,77 -157,469 1641982257
1 18 51 -89,13 99,52 -157,451 1641982258
1 18 51 -89,07 99,27 -157,499 1641982258
1 18 51 -88,88 99,09 -157,451 1641982259
1 18 51 -88,63 99,02 -157,438 1641982259
1 18 51 -88,38 99,09 -157,475 1641982260
1 18 51 -88,20 99,27 -157,426 1641982260
1 18 52 -84,34 93,93 -157,451 1641982261
1 18 52 -83,84 93,93 -157,457 1641982261
1 18 52 -83,91 94,18 -157,481 1641982262
1 18 52 -84,09 94,36 -157,524 1641982262
1 18 52 -84,34 94,43 -157,487 1641982263
1 18 52 -84,59 94,36 -157,536 1641982263
1 18 52 -84,77 94,18 -157,463 1641982263
1 18 52 -84,84 93,93 -157,505 1641982264
1 18 52 -84,77 93,68 -157,469 1641982265
1 18 52 -84,59 93,50 -157,487 1641982265
1 18 52 -84,34 93,43 -157,457 1641982265
1 18 52 -84,09 93,50 -157,457 1641982265
1 18 52 -83,91 93,68 -157,499 1641982266
1 18 53 -78,75 89,64 -157,426 1641982267
1 18 53 -78,25 89,64 -157,444 1641982267
1 18 53 -78,32 89,89 -157,402 1641982268
1 18 53 -78,50 90,07 -157,438 1641982268
1 18 53 -78,75 90,14 -157,481 1641982269
1 18 53 -79,00 90,07 -157,426 1641982269
1 18 53 -79,18 89,89 -157,444 1641982270
1 18 53 -79,25 89,64 -157,451 1641982270
1 18 53 -79,18 89,39 -157,408 1641982271
1 18 53 -79,00 89,20 -157,414 1641982271
1 18 53 -78,75 89,14 -157,444 1641982272
1 18 53 -78,50 89,20 -157,457 1641982272
1 18 53 -78,32 89,39 -157,451 1641982272
1 18 54 -72,24 86,94 -157,469 1641982273
1 18 54 -71,74 86,94 -157,420 1641982274
1 18 54 -71,81 87,19 -157,457 1641982274
1 18 54 -71,99 87,37 -157,444 1641982275
1 18 54 -72,24 87,44 -157,463 1641982275
1 18 54 -72,49 87,37 -157,481 1641982276
1 18 54 -72,67 87,19 -157,432 1641982276
1 18 54 -72,74 86,94 -157,396 1641982276
1 18 54 -72,67 86,69 -157,451 1641982277
1 18 54 -72,49 86,51 -157,475 1641982277
1 18 54 -72,24 86,44 -157,426 1641982278
1 18 54 -71,99 86,51 -157,457 1641982278
1 18 54 -71,81 86,69 -157,444 1641982279
1 18 55 -65,25 86,02 -157,426 1641982280
1 18 55 -64,75 86,02 -157,377 1641982280
1 18 55 -64,82 86,27 -157,481 1641982281
1 18 55 -65,00 86,45 -157,432 1641982281
1 18 55 -65,25 86,52 -157,451 1641982281
1 18 55 -65,50 86,45 -157,383 1641982282
1 18 55 -65,68 86,27 -157,463 1641982282
1 18 55 -65,75 86,02 -157,396 1641982283
1 18 55 -65,68 85,77 -157,396 1641982283
1 18 55 -65,50 85,59 -157,451 1641982284
1 18 55 -65,25 85,52 -157,438 1641982284
1 18 55 -65,00 85,59 -157,420 1641982285
1 18 55 -64,82 85,77 -157,438 1641982285
1 18 56 -58,26 86,94 -157,444 1641982286
1 18 56 -57,76 86,94 -157,408 1641982286
1 18 56 -57,83 87,19 -157,481 1641982287
1 18 56 -58,01 87,37 -157,341 1641982287
1 18 56 -58,26 87,44 -157,469 1641982288
1 18 56 -58,51 87,37 -157,444 1641982288
1 18 56 -58,69 87,19 -157,402 1641982289
1 18 56 -58,76 86,94 -157,371 1641982289
1 18 56 -58,69 86,69 -157,414 1641982290
1 18 56 -58,51 86,51 -157,383 1641982290
1 18 56 -58,26 86,44 -157,408 1641982291
1 18 56 -58,01 86,51 -157,481 1641982291
1 18 56 -57,83 86,69 -157,499 1641982291
1 18 57 -51,75 89,64 -157,451 1641982292
1 18 57 -51,25 89,64 -157,402 1641982293
1 18 57 -51,32 89,89 -157,383 1641982293
1 18 57 -51,50 90,07 -157,414 1641982294
1 18 57 -51,75 90,14 -158,879 1641982294
1 18 57 -52,00 90,07 -158,897 1641982295
1 18 57 -52,18 89,89 -158,909 1641982295
1 18 57 -52,25 89,64 -158,006 1641982296
1 18 57 -52,18 89,39 -157,426 1641982296
1 18 57 -52,00 89,20 -157,371 1641982296
1 18 57 -51,75 89,14 -157,457 1641982297
1 18 57 -51,50 89,20 -157,444 1641982298
1 18 57 -51,32 89,39 -157,451 1641982298
1 18 58 -46,16 93,93 -158,952 1641982299
1 18 58 -45,66 93,93 -157,438 1641982299
1 18 58 -45,73 94,18 -157,432 1641982300
1 18 58 -45,91 94,36 -158,964 1641982300
1 18 58 -46,16 94,43 -158,738 1641982300
1 18 58 -46,41 94,36 -158,781 1641982301
1 18 58 -46,59 94,18 -158,793 1641982301
1 18 58 -46,66 93,93 -158,799 1641982302
1 18 58 -46,59 93,68 -158,842 1641982302
1 18 58 -46,41 93,50 -157,432 1641982303
1 18 58 -46,16 93,43 -157,408 1641982303
1 18 58 -45,91 93,50 -157,420 1641982304
1 18 58 -45,73 93,68 -157,457 1641982304
1 18 59 -41,87 99,52 -158,696 1641982305
1 18 59 -41,37 99,52 -157,365 1641982305
1 18 59 -41,43 99,77 -158,983 1641982305
1 18 59 -41,62 99,95 -158,879 1641982306
1 18 59 -41,87 100,02 -158,909 1641982306
1 18 59 -42,12 99,95 -158,879 1641982306
1 18 59 -42,30 99,77 -158,940 1641982306
1 18 59 -42,37 99,52 -158,934 1641982307
1 18 59 -42,30 99,27 -158,824 1641982307
1 18 59 -42,12 99,09 -158,873 1641982308
1 18 59 -41,87 99,02 -158,952 1641982308
1 18 59 -41,62 99,09 -157,921 1641982309
1 18 59 -41,43 99,27 -157,420 1641982309
1 18 60 -39,17 106,03 -158,946 1641982310
1 18 60 -38,67 106,03 -159,208 1641982310
1 18 60 -38,74 106,28 -158,897 1641982311
1 18 60 -38,92 106,46 -158,848 1641982311
1 18 60 -39,17 106,53 -158,848 1641982312
1 18 60 -39,42 106,46 -158,854 1641982312
1 18 60 -39,60 106,28 -158,873 1641982313
1 18 60 -39,67 106,03 -158,885 1641982313
1 18 60 -39,60 105,78 -158,915 1641982314
1 18 60 -39,42 105,60 -158,775 1641982314
1 18 60 -39,17 105,53 -158,854 1641982315
1 18 60 -38,92 105,60 -158,867 1641982315
1 18 60 -38,74 105,78 -159,117 1641982316
1 12 1 69,49 -108,78 -157,341 1641982327
1 12 1 69,99 -108,78 -157,420 1641982327
1 12 1 69,93 -108,53 -157,383 1641982328
1 12 1 69,74 -108,34 -157,359 1641982328
1 12 1 69,49 -108,28 -157,371 1641982329
1 12 1 69,24 -108,34 -157,402 1641982329
1 12 1 69,06 -108,53 -158,409 1641982330
1 12 1 68,99 -108,78 -158,427 1641982330
1 12 1 69,06 -109,03 -158,824 1641982331
1 12 1 69,24 -109,21 -157,353 1641982331
1 12 1 69,49 -109,28 -157,365 1641982332
1 12 1 69,74 -109,21 -157,310 1641982332
1 12 1 69,93 -109,03 -157,420 1641982332
1 12 2 68,61 -100,46 -158,854 1641982333
1 12 2 69,11 -100,46 -157,322 1641982334
1 12 2 69,05 -100,21 -157,322 1641982334
1 12 2 68,86 -100,03 -158,751 1641982334
1 12 2 68,61 -99,96 -158,714 1641982335
1 12 2 68,36 -100,03 -158,818 1641982335
1 12 2 68,18 -100,21 -158,781 1641982336
1 12 2 68,11 -100,46 -158,769 1641982336
1 12 2 68,18 -100,71 -158,708 1641982337
1 12 2 68,36 -100,90 -158,787 1641982337
1 12 2 68,61 -100,96 -158,842 1641982338
1 12 2 68,86 -100,90 -158,787 1641982338
1 12 2 69,05 -100,71 -157,328 1641982339
1 12 3 74,44 -103,83 -157,377 1641982340
1 12 3 74,94 -103,83 -157,335 1641982340
1 12 3 74,88 -103,58 -157,371 1641982341
1 12 3 74,69 -103,39 -157,389 1641982341
1 12 3 74,44 -103,33 -157,347 1641982341
1 12 3 74,19 -103,39 -157,353 1641982342
1 12 3 74,01 -103,58 -157,402 1641982342
1 12 3 73,94 -103,83 -157,377 1641982343
1 12 3 74,01 -104,08 -157,365 1641982343
1 12 3 74,19 -104,26 -157,377 1641982344
1 12 3 74,44 -104,33 -157,377 1641982344
1 12 3 74,69 -104,26 -157,371 1641982345
1 12 3 74,88 -104,08 -157,347 1641982345
1 12 4 77,81 -109,66 -157,408 1641982346
1 12 4 78,31 -109,66 -157,432 1641982346
1 12 4 78,24 -109,41 -157,426 1641982347
1 12 4 78,06 -109,22 -157,371 1641982347
1 12 4 77,81 -109,16 -157,359 1641982347
1 12 4 77,56 -109,22 -157,389 1641982347
1 12 4 77,37 -109,41 -157,377 1641982348
1 12 4 77,31 -109,66 -157,316 1641982348
1 12 4 77,37 -109,91 -157,414 1641982348
1 12 4 77,56 -110,09 -157,347 1641982348
1 12 4 77,81 -110,16 -157,408 1641982349
1 12 4 78,06 -110,09 -157,408 1641982350
1 12 4 78,24 -109,91 -157,396 1641982350
1 12 5 84,57 -107,84 -157,383 1641982351
1 12 5 85,07 -107,84 -157,396 1641982351
1 12 5 85,00 -107,59 -157,389 1641982351
1 12 5 84,82 -107,41 -157,426 1641982352
1 12 5 84,57 -107,34 -157,353 1641982352
1 12 5 84,32 -107,41 -157,371 1641982353
1 12 5 84,14 -107,59 -157,402 1641982353
1 12 5 84,07 -107,84 -157,402 1641982354
1 12 5 84,14 -108,09 -157,402 1641982354
1 12 5 84,32 -108,28 -157,408 1641982354
1 12 5 84,57 -108,34 -157,371 1641982355
1 12 5 84,82 -108,28 -157,359 1641982356
1 12 5 85,00 -108,09 -157,371 1641982356
1 12 6 82,57 -103,02 -157,365 1641982357
1 12 6 83,07 -103,02 -157,371 1641982357
1 12 6 83,00 -102,77 -157,408 1641982357
1 12 6 82,82 -102,59 -157,353 1641982358
1 12 6 82,57 -102,52 -157,371 1641982358
1 12 6 82,32 -102,59 -157,359 1641982358
1 12 6 82,14 -102,77 -157,426 1641982358
1 12 6 82,07 -103,02 -157,371 1641982359
1 12 6 82,14 -103,27 -157,316 1641982359
1 12 6 82,32 -103,45 -157,402 1641982359
1 12 6 82,57 -103,52 -157,414 1641982360
1 12 6 82,82 -103,45 -157,377 1641982361
1 12 6 83,00 -103,27 -157,347 1641982361
1 12 7 79,39 -98,88 -157,353 1641982362
1 12 7 79,89 -98,88 -157,377 1641982362
1 12 7 79,83 -98,63 -157,402 1641982363
1 12 7 79,64 -98,44 -157,353 1641982363
1 12 7 79,39 -98,38 -157,347 1641982364
1 12 7 79,14 -98,44 -157,396 1641982364
1 12 7 78,96 -98,63 -157,335 1641982364
1 12 7 78,89 -98,88 -157,371 1641982365
1 12 7 78,96 -99,13 -157,341 1641982366
1 12 7 79,14 -99,31 -157,389 1641982366
1 12 7 79,39 -99,38 -157,335 1641982366
1 12 7 79,64 -99,31 -157,353 1641982367
1 12 7 79,83 -99,13 -157,408 1641982367
1 12 8 75,25 -95,70 -157,365 1641982368
1 12 8 75,75 -95,70 -157,328 1641982368
1 12 8 75,68 -95,45 -157,353 1641982369
1 12 8 75,50 -95,27 -157,389 1641982369
1 12 8 75,25 -95,20 -157,347 1641982370
1 12 8 75,00 -95,27 -157,371 1641982370
1 12 8 74,82 -95,45 -157,377 1641982371
1 12 8 74,75 -95,70 -157,408 1641982371
1 12 8 74,82 -95,95 -157,402 1641982372
1 12 8 75,00 -96,13 -157,402 1641982372
1 12 8 75,25 -96,20 -157,383 1641982373
1 12 8 75,50 -96,13 -157,396 1641982373
1 12 8 75,68 -95,95 -157,444 1641982373
1 12 9 70,43 -93,70 -157,389 1641982374
1 12 9 70,93 -93,70 -157,365 1641982374
1 12 9 70,86 -93,45 -157,420 1641982375
1 12 9 70,68 -93,27 -157,347 1641982375
1 12 9 70,43 -93,20 -157,365 1641982375
1 12 9 70,18 -93,27 -157,402 1641982376
1 12 9 69,99 -93,45 -157,371 1641982376
1 12 9 69,93 -93,70 -157,341 1641982376
1 12 9 69,99 -93,95 -157,396 1641982376
1 12 9 70,18 -94,13 -157,322 1641982377
1 12 9 70,43 -94,20 -157,347 1641982377
1 12 9 70,68 -94,13 -157,396 1641982378
1 12 9 70,86 -93,95 -157,353 1641982378
1 12 10 60,07 -93,70 -157,359 1641982379
1 12 10 60,57 -93,70 -157,353 1641982380
1 12 10 60,51 -93,45 -157,420 1641982380
1 12 10 60,32 -93,27 -157,396 1641982381
1 12 10 60,07 -93,20 -157,359 1641982382
1 12 10 59,82 -93,27 -157,377 1641982382
1 12 10 59,64 -93,45 -157,359 1641982382
1 12 10 59,57 -93,70 -157,402 1641982383
1 12 10 59,64 -93,95 -157,341 1641982384
1 12 10 59,82 -94,13 -157,389 1641982384
1 12 10 60,07 -94,20 -157,396 1641982384
1 12 10 60,32 -94,13 -157,335 1641982385
1 12 10 60,51 -93,95 -157,341 1641982385
1 12 11 55,25 -95,70 -157,371 1641982386
1 12 11 55,75 -95,70 -157,335 1641982387
1 12 11 55,68 -95,45 -157,310 1641982387
1 12 11 55,50 -95,27 -158,745 1641982387
1 12 11 55,25 -95,20 -158,799 1641982388
1 12 11 55,00 -95,27 -158,824 1641982388
1 12 11 54,82 -95,45 -158,897 1641982389
1 12 11 54,75 -95,70 -158,891 1641982389
1 12 11 54,82 -95,95 -157,365 1641982390
1 12 11 55,00 -96,13 -157,371 1641982390
1 12 11 55,25 -96,20 -157,377 1641982391
1 12 11 55,50 -96,13 -157,347 1641982391
1 12 11 55,68 -95,95 -157,377 1641982391
1 12 12 51,11 -98,88 -158,830 1641982392
1 12 12 51,61 -98,88 -157,389 1641982392
1 12 12 51,54 -98,63 -157,573 1641982393
1 12 12 51,36 -98,44 -158,818 1641982393
1 12 12 51,11 -98,38 -158,775 1641982394
1 12 12 50,86 -98,44 -158,732 1641982394
1 12 12 50,67 -98,63 -158,873 1641982395
1 12 12 50,61 -98,88 -158,763 1641982395
1 12 12 50,67 -99,13 -158,867 1641982396
1 12 12 50,86 -99,31 -158,812 1641982396
1 12 12 51,11 -99,38 -157,335 1641982397
1 12 12 51,36 -99,31 -157,365 1641982397
1 12 12 51,54 -99,13 -157,420 1641982397
1 12 13 47,93 -103,02 -158,690 1641982398
1 12 13 48,43 -103,02 -157,335 1641982399
1 12 13 48,36 -102,77 -158,903 1641982399
1 12 13 48,18 -102,59 -158,738 1641982399
1 12 13 47,93 -102,52 -158,751 1641982400
1 12 13 47,68 -102,59 -158,787 1641982401
1 12 13 47,50 -102,77 -158,769 1641982401
1 12 13 47,43 -103,02 -158,848 1641982401
1 12 13 47,50 -103,27 -158,769 1641982402
1 12 13 47,68 -103,45 -158,787 1641982402
1 12 13 47,93 -103,52 -158,818 1641982403
1 12 13 48,18 -103,45 -157,371 1641982403
1 12 13 48,36 -103,27 -157,359 1641982404
1 12 14 45,93 -107,84 -158,830 1641982404
1 12 14 46,43 -107,84 -157,377 1641982405
1 12 14 46,36 -107,59 -158,928 1641982405
1 12 14 46,18 -107,41 -158,787 1641982405
1 12 14 45,93 -107,34 -158,836 1641982405
1 12 14 45,68 -107,41 -158,812 1641982406
1 12 14 45,50 -107,59 -158,818 1641982406
1 12 14 45,43 -107,84 -158,793 1641982407
1 12 14 45,50 -108,09 -158,781 1641982407
1 12 14 45,68 -108,28 -158,781 1641982408
1 12 14 45,93 -108,34 -158,757 1641982408
1 12 14 46,18 -108,28 -158,867 1641982409
1 12 14 46,36 -108,09 -157,347 1641982409
1 12 15 52,69 -109,66 -157,377 1641982410
1 12 15 53,19 -109,66 -157,389 1641982411
1 12 15 53,13 -109,41 -157,389 1641982411
1 12 15 52,94 -109,22 -157,359 1641982412
1 12 15 52,69 -109,16 -157,426 1641982412
1 12 15 52,44 -109,22 -157,457 1641982413
1 12 15 52,26 -109,41 -157,286 1641982413
1 12 15 52,19 -109,66 -157,347 1641982414
1 12 15 52,26 -109,91 -157,280 1641982414
1 12 15 52,44 -110,09 -157,414 1641982414
1 12 15 52,69 -110,16 -157,347 1641982415
1 12 15 52,94 -110,09 -157,347 1641982416
1 12 15 53,13 -109,91 -157,408 1641982416
1 12 16 56,06 -103,83 -157,383 1641982417
1 12 16 56,56 -103,83 -157,347 1641982417
1 12 16 56,49 -103,58 -157,389 1641982417
1 12 16 56,31 -103,39 -157,371 1641982418
1 12 16 56,06 -103,33 -157,414 1641982419
1 12 16 55,81 -103,39 -157,444 1641982419
1 12 16 55,62 -103,58 -157,408 1641982419
1 12 16 55,56 -103,83 -157,377 1641982420
1 12 16 55,62 -104,08 -157,396 1641982421
1 12 16 55,81 -104,26 -157,347 1641982421
1 12 16 56,06 -104,33 -157,353 1641982421
1 12 16 56,31 -104,26 -157,347 1641982422
1 12 16 56,49 -104,08 -157,371 1641982422
1 12 17 61,89 -100,46 -157,389 1641982423
1 12 17 62,39 -100,46 -157,389 1641982423
1 12 17 62,32 -100,21 -157,335 1641982423
1 12 17 62,14 -100,03 -157,377 1641982424
1 12 17 61,89 -99,96 -157,396 1641982425
1 12 17 61,64 -100,03 -157,389 1641982425
1 12 17 61,45 -100,21 -157,377 1641982425
1 12 17 61,39 -100,46 -157,408 1641982426
1 12 17 61,45 -100,71 -157,396 1641982427
1 12 17 61,64 -100,90 -157,420 1641982427
1 12 17 61,89 -100,96 -157,377 1641982427
1 12 17 62,14 -100,90 -157,377 1641982428
1 12 17 62,32 -100,71 -157,365 1641982428
1 12 18 61,01 -108,78 -157,371 1641982429
1 12 18 61,51 -108,78 -157,408 1641982429
1 12 18 61,44 -108,53 -157,383 1641982430
1 12 18 61,26 -108,34 -157,402 1641982430
1 12 18 61,01 -108,28 -157,420 1641982430
1 12 18 60,76 -108,34 -157,328 1641982431
1 12 18 60,57 -108,53 -157,402 1641982431
1 12 18 60,51 -108,78 -157,396 1641982432
1 12 18 60,57 -109,03 -157,389 1641982432
1 12 18 60,76 -109,21 -157,365 1641982432
1 12 18 61,01 -109,28 -157,438 1641982433
1 12 18 61,26 -109,21 -157,359 1641982434
1 12 18 61,44 -109,03 -157,469 1641982434
1 12 19 61,01 -117,26 -157,444 1641982435
1 12 19 61,51 -117,26 -157,420 1641982435
1 12 19 61,44 -117,01 -157,420 1641982436
1 12 19 61,26 -116,83 -157,414 1641982436
1 12 19 61,01 -116,76 -157,353 1641982437
1 12 19 60,76 -116,83 -157,359 1641982437
1 12 19 60,57 -117,01 -157,402 1641982438
1 12 19 60,51 -117,26 -157,341 1641982438
1 12 19 60,57 -117,51 -157,371 1641982439
1 12 19 60,76 -117,70 -157,414 1641982439
1 12 19 61,01 -117,76 -157,396 1641982440
1 12 19 61,26 -117,70 -157,444 1641982440
1 12 19 61,44 -117,51 -157,371 1641982440
1 12 20 61,89 -125,58 -157,451 1641982441
1 12 20 62,39 -125,58 -157,377 1641982442
1 12 20 62,32 -125,33 -157,420 1641982442
1 12 20 62,14 -125,14 -157,396 1641982443
1 12 20 61,89 -125,08 -157,402 1641982443
1 12 20 61,64 -125,14 -157,402 1641982444
1 12 20 61,45 -125,33 -157,396 1641982444
1 12 20 61,39 -125,58 -157,389 1641982445
1 12 20 61,45 -125,83 -157,426 1641982445
1 12 20 61,64 -126,01 -157,353 1641982445
1 12 20 61,89 -126,08 -157,377 1641982446
1 12 20 62,14 -126,01 -157,414 1641982447
1 12 20 62,32 -125,83 -157,426 1641982447
1 12 21 56,06 -122,21 -157,426 1641982448
1 12 21 56,56 -122,21 -157,347 1641982448
1 12 21 56,49 -121,96 -157,383 1641982449
1 12 21 56,31 -121,78 -157,371 1641982449
1 12 21 56,06 -121,71 -157,389 1641982449
1 12 21 55,81 -121,78 -157,426 1641982450
1 12 21 55,62 -121,96 -157,402 1641982450
1 12 21 55,56 -122,21 -157,463 1641982451
1 12 21 55,62 -122,46 -157,347 1641982451
1 12 21 55,81 -122,65 -157,414 1641982452
1 12 21 56,06 -122,71 -157,328 1641982452
1 12 21 56,31 -122,65 -157,408 1641982453
1 12 21 56,49 -122,46 -157,396 1641982453
1 12 22 52,69 -116,38 -157,420 1641982454
1 12 22 53,19 -116,38 -157,316 1641982454
1 12 22 53,13 -116,13 -157,335 1641982455
1 12 22 52,94 -115,95 -157,420 1641982455
1 12 22 52,69 -115,88 -157,365 1641982456
1 12 22 52,44 -115,95 -157,389 1641982456
1 12 22 52,26 -116,13 -157,353 1641982457
1 12 22 52,19 -116,38 -157,402 1641982457
1 12 22 52,26 -116,63 -157,353 1641982458
1 12 22 52,44 -116,82 -157,322 1641982458
1 12 22 52,69 -116,88 -157,359 1641982459
1 12 22 52,94 -116,82 -157,389 1641982459
1 12 22 53,13 -116,63 -157,255 1641982459
1 12 23 45,93 -118,20 -158,067 1641982460
1 12 23 46,43 -118,20 -157,396 1641982461
1 12 23 46,36 -117,95 -157,371 1641982461
1 12 23 46,18 -117,76 -157,438 1641982461
1 12 23 45,93 -117,70 -157,798 1641982461
1 12 23 45,68 -117,76 -158,830 1641982462
1 12 23 45,50 -117,95 -158,842 1641982462
1 12 23 45,43 -118,20 -158,818 1641982462
1 12 23 45,50 -118,45 -158,732 1641982463
1 12 23 45,68 -118,63 -158,818 1641982463
1 12 23 45,93 -118,70 -158,854 1641982464
1 12 23 46,18 -118,63 -157,408 1641982464
1 12 23 46,36 -118,45 -157,414 1641982465
1 12 24 47,93 -123,02 -157,359 1641982465
1 12 24 48,43 -123,02 -157,371 1641982466
1 12 24 48,36 -122,77 -157,414 1641982466
1 12 24 48,18 -122,59 -157,402 1641982466
1 12 24 47,93 -122,52 -157,389 1641982466
1 12 24 47,68 -122,59 -157,414 1641982467
1 12 24 47,50 -122,77 -157,487 1641982467
1 12 24 47,43 -123,02 -157,737 1641982468
1 12 24 47,50 -123,27 -158,098 1641982468
1 12 24 47,68 -123,45 -157,701 1641982469
1 12 24 47,93 -123,52 -157,359 1641982469
1 12 24 48,18 -123,45 -157,371 1641982470
1 12 24 48,36 -123,27 -157,365 1641982470
1 12 25 51,11 -127,16 -157,383 1641982471
1 12 25 51,61 -127,16 -157,365 1641982471
1 12 25 51,54 -126,91 -157,426 1641982472
1 12 25 51,36 -126,73 -157,414 1641982472
1 12 25 51,11 -126,66 -157,408 1641982473
1 12 25 50,86 -126,73 -157,408 1641982473
1 12 25 50,67 -126,91 -157,396 1641982474
1 12 25 50,61 -127,16 -157,402 1641982474
1 12 25 50,67 -127,41 -157,408 1641982475
1 12 25 50,86 -127,60 -157,414 1641982475
1 12 25 51,11 -127,66 -157,371 1641982476
1 12 25 51,36 -127,60 -157,426 1641982476
1 12 25 51,54 -127,41 -157,353 1641982476
1 12 26 55,25 -130,34 -157,365 1641982477
1 12 26 55,75 -130,34 -157,408 1641982478
1 12 26 55,68 -130,09 -157,389 1641982478
1 12 26 55,50 -129,91 -157,396 1641982478
1 12 26 55,25 -129,84 -157,377 1641982479
1 12 26 55,00 -129,91 -157,389 1641982480
1 12 26 54,82 -130,09 -157,377 1641982480
1 12 26 54,75 -130,34 -157,414 1641982480
1 12 26 54,82 -130,59 -157,402 1641982481
1 12 26 55,00 -130,77 -157,463 1641982481
1 12 26 55,25 -130,84 -157,383 1641982482
1 12 26 55,50 -130,77 -157,389 1641982482
1 12 26 55,68 -130,59 -157,463 1641982483
1 12 27 60,07 -132,34 -157,420 1641982483
1 12 27 60,57 -132,34 -157,414 1641982484
1 12 27 60,51 -132,09 -157,414 1641982484
1 12 27 60,32 -131,91 -157,432 1641982485
1 12 27 60,07 -131,84 -157,414 1641982485
1 12 27 59,82 -131,91 -157,383 1641982486
1 12 27 59,64 -132,09 -157,396 1641982486
1 12 27 59,57 -132,34 -157,359 1641982487
1 12 27 59,64 -132,59 -157,402 1641982487
1 12 27 59,82 -132,77 -157,408 1641982488
1 12 27 60,07 -132,84 -157,420 1641982488
1 12 27 60,32 -132,77 -157,414 1641982489
1 12 27 60,51 -132,59 -157,420 1641982489
1 12 28 70,43 -132,34 -157,420 1641982490
1 12 28 70,93 -132,34 -157,408 1641982491
1 12 28 70,86 -132,09 -157,402 1641982491
1 12 28 70,68 -131,91 -157,451 1641982491
1 12 28 70,43 -131,84 -157,402 1641982492
1 12 28 70,18 -131,91 -157,377 1641982493
1 12 28 69,99 -132,09 -157,402 1641982493
1 12 28 69,93 -132,34 -157,396 1641982493
1 12 28 69,99 -132,59 -157,438 1641982494
1 12 28 70,18 -132,77 -157,383 1641982494
1 12 28 70,43 -132,84 -157,396 1641982495
1 12 28 70,68 -132,77 -157,457 1641982495
1 12 28 70,86 -132,59 -157,444 1641982496
1 12 29 75,25 -130,34 -157,408 1641982496
1 12 29 75,75 -130,34 -157,438 1641982497
1 12 29 75,68 -130,09 -157,389 1641982497
1 12 29 75,50 -129,91 -157,420 1641982498
1 12 29 75,25 -129,84 -157,402 1641982498
1 12 29 75,00 -129,91 -157,371 1641982499
1 12 29 74,82 -130,09 -157,451 1641982499
1 12 29 74,75 -130,34 -157,432 1641982500
1 12 29 74,82 -130,59 -157,444 1641982500
1 12 29 75,00 -130,77 -157,420 1641982500
1 12 29 75,25 -130,84 -157,426 1641982501
1 12 29 75,50 -130,77 -157,408 1641982502
1 12 29 75,68 -130,59 -157,383 1641982502
1 12 30 79,39 -127,16 -157,377 1641982503
1 12 30 79,89 -127,16 -157,396 1641982503
1 12 30 79,83 -126,91 -157,426 1641982503
1 12 30 79,64 -126,73 -157,359 1641982504
1 12 30 79,39 -126,66 -157,383 1641982504
1 12 30 79,14 -126,73 -157,377 1641982505
1 12 30 78,96 -126,91 -157,414 1641982505
1 12 30 78,89 -127,16 -157,353 1641982506
1 12 30 78,96 -127,41 -157,408 1641982506
1 12 30 79,14 -127,60 -157,371 1641982507
1 12 30 79,39 -127,66 -157,396 1641982507
1 12 30 79,64 -127,60 -157,414 1641982508
1 12 30 79,83 -127,41 -157,408 1641982508
1 12 31 82,57 -123,02 -157,402 1641982509
1 12 31 83,07 -123,02 -157,402 1641982509
1 12 31 83,00 -122,77 -157,420 1641982510
1 12 31 82,82 -122,59 -157,396 1641982510
1 12 31 82,57 -122,52 -157,396 1641982511
1 12 31 82,32 -122,59 -157,396 1641982511
1 12 31 82,14 -122,77 -157,365 1641982511
1 12 31 82,07 -123,02 -157,359 1641982512
1 12 31 82,14 -123,27 -157,353 1641982512
1 12 31 82,32 -123,45 -157,359 1641982513
1 12 31 82,57 -123,52 -157,426 1641982513
1 12 31 82,82 -123,45 -157,408 1641982514
1 12 31 83,00 -123,27 -157,365 1641982514
1 12 32 84,57 -118,20 -157,420 1641982515
1 12 32 85,07 -118,20 -157,432 1641982515
1 12 32 85,00 -117,95 -157,396 1641982516
1 12 32 84,82 -117,76 -157,408 1641982516
1 12 32 84,57 -117,70 -157,426 1641982517
1 12 32 84,32 -117,76 -157,371 1641982517
1 12 32 84,14 -117,95 -157,408 1641982517
1 12 32 84,07 -118,20 -157,365 1641982518
1 12 32 84,14 -118,45 -157,383 1641982519
1 12 32 84,32 -118,63 -157,365 1641982519
1 12 32 84,57 -118,70 -157,353 1641982520
1 12 32 84,82 -118,63 -157,371 1641982520
1 12 32 85,00 -118,45 -157,377 1641982520
1 12 33 77,81 -116,38 -157,365 1641982521
1 12 33 78,31 -116,38 -157,377 1641982522
1 12 33 78,24 -116,13 -157,365 1641982522
1 12 33 78,06 -115,95 -157,389 1641982523
1 12 33 77,81 -115,88 -157,359 1641982523
1 12 33 77,56 -115,95 -157,365 1641982524
1 12 33 77,37 -116,13 -157,389 1641982524
1 12 33 77,31 -116,38 -157,365 1641982525
1 12 33 77,37 -116,63 -157,347 1641982525
1 12 33 77,56 -116,82 -157,347 1641982525
1 12 33 77,81 -116,88 -157,347 1641982526
1 12 33 78,06 -116,82 -157,396 1641982527
1 12 33 78,24 -116,63 -157,408 1641982527
1 12 34 74,44 -122,21 -157,426 1641982528
1 12 34 74,94 -122,21 -157,359 1641982528
1 12 34 74,88 -121,96 -157,414 1641982528
1 12 34 74,69 -121,78 -157,457 1641982529
1 12 34 74,44 -121,71 -157,377 1641982529
1 12 34 74,19 -121,78 -157,402 1641982530
1 12 34 74,01 -121,96 -157,377 1641982530
1 12 34 73,94 -122,21 -157,371 1641982531
1 12 34 74,01 -122,46 -157,396 1641982531
1 12 34 74,19 -122,65 -157,432 1641982532
1 12 34 74,44 -122,71 -157,432 1641982532
1 12 34 74,69 -122,65 -157,402 1641982533
1 12 34 74,88 -122,46 -157,389 1641982533
1 12 35 68,61 -125,58 -158,830 1641982534
1 12 35 69,11 -125,58 -157,359 1641982535
1 12 35 69,05 -125,33 -157,280 1641982535
1 12 35 68,86 -125,14 -158,848 1641982535
1 12 35 68,61 -125,08 -158,787 1641982536
1 12 35 68,36 -125,14 -158,787 1641982536
1 12 35 68,18 -125,33 -158,806 1641982537
1 12 35 68,11 -125,58 -158,824 1641982537
1 12 35 68,18 -125,83 -158,812 1641982538
1 12 35 68,36 -126,01 -158,812 1641982538
1 12 35 68,61 -126,08 -158,787 1641982539
1 12 35 68,86 -126,01 -158,787 1641982539
1 12 35 69,05 -125,83 -157,249 1641982539
1 12 36 69,49 -117,26 -157,377 1641982540
1 12 36 69,99 -117,26 -157,365 1641982541
1 12 36 69,93 -117,01 -157,377 1641982541
1 12 36 69,74 -116,83 -157,383 1641982542
1 12 36 69,49 -116,76 -157,408 1641982542
1 12 36 69,24 -116,83 -157,389 1641982543
1 12 36 69,06 -117,01 -158,903 1641982543
1 12 36 68,99 -117,26 -158,787 1641982544
1 12 36 69,06 -117,51 -159,001 1641982544
1 12 36 69,24 -117,70 -157,408 1641982544
1 12 36 69,49 -117,76 -157,414 1641982545
1 12 36 69,74 -117,70 -157,426 1641982546
1 12 36 69,93 -117,51 -157,402 1641982546
1 12 37 92,25 -113,02 -158,726 1641982548
1 12 37 92,75 -113,02 -157,402 1641982548
1 12 37 92,68 -112,77 -157,414 1641982548
1 12 37 92,50 -112,59 -157,310 1641982548
1 12 37 92,25 -112,52 -158,775 1641982549
1 12 37 92,00 -112,59 -158,830 1641982549
1 12 37 91,82 -112,77 -158,714 1641982549
1 12 37 91,75 -113,02 -158,702 1641982550
1 12 37 91,82 -113,27 -158,751 1641982550
1 12 37 92,00 -113,45 -158,842 1641982550
1 12 37 92,25 -113,52 -158,769 1641982550
1 12 37 92,50 -113,45 -158,891 1641982551
1 12 37 92,68 -113,27 -157,402 1641982551
1 12 38 91,33 -106,03 -157,286 1641982552
1 12 38 91,83 -106,03 -157,408 1641982553
1 12 38 91,76 -105,78 -157,310 1641982553
1 12 38 91,58 -105,60 -157,426 1641982553
1 12 38 91,33 -105,53 -157,371 1641982554
1 12 38 91,08 -105,60 -158,775 1641982555
1 12 38 90,90 -105,78 -158,842 1641982555
1 12 38 90,83 -106,03 -158,812 1641982555
1 12 38 90,90 -106,28 -158,806 1641982556
1 12 38 91,08 -106,46 -158,885 1641982556
1 12 38 91,33 -106,53 -158,812 1641982557
1 12 38 91,58 -106,46 -157,347 1641982557
1 12 38 91,76 -106,28 -157,432 1641982558
1 12 39 88,63 -99,52 -157,359 1641982559
1 12 39 89,13 -99,52 -157,402 1641982559
1 12 39 89,07 -99,27 -157,402 1641982560
1 12 39 88,88 -99,09 -157,414 1641982560
1 12 39 88,63 -99,02 -157,371 1641982560
1 12 39 88,38 -99,09 -157,389 1641982561
1 12 39 88,20 -99,27 -157,359 1641982561
1 12 39 88,13 -99,52 -157,371 1641982562
1 12 39 88,20 -99,77 -157,396 1641982562
1 12 39 88,38 -99,95 -157,396 1641982563
1 12 39 88,63 -100,02 -157,328 1641982563
1 12 39 88,88 -99,95 -157,438 1641982564
1 12 39 89,07 -99,77 -157,365 1641982564
1 12 40 84,34 -93,93 -157,402 1641982565
1 12 40 84,84 -93,93 -157,353 1641982565
1 12 40 84,77 -93,68 -157,371 1641982565
1 12 40 84,59 -93,50 -157,389 1641982566
1 12 40 84,34 -93,43 -157,383 1641982567
1 12 40 84,09 -93,50 -157,389 1641982567
1 12 40 83,91 -93,68 -157,328 1641982567
1 12 40 83,84 -93,93 -157,359 1641982568
1 12 40 83,91 -94,18 -157,402 1641982569
1 12 40 84,09 -94,36 -157,414 1641982569
1 12 40 84,34 -94,43 -157,322 1641982569
1 12 40 84,59 -94,36 -157,377 1641982570
1 12 40 84,77 -94,18 -157,414 1641982570
1 12 41 78,75 -89,64 -157,536 1641982571
1 12 41 79,25 -89,64 -157,335 1641982572
1 12 41 79,18 -89,39 -157,389 1641982572
1 12 41 79,00 -89,20 -157,353 1641982572
1 12 41 78,75 -89,14 -157,347 1641982573
1 12 41 78,50 -89,20 -157,328 1641982574
1 12 41 78,32 -89,39 -157,408 1641982574
1 12 41 78,25 -89,64 -157,383 1641982574
1 12 41 78,32 -89,89 -157,365 1641982575
1 12 41 78,50 -90,07 -157,212 1641982575
1 12 41 78,75 -90,14 -157,451 1641982576
1 12 41 79,00 -90,07 -157,359 1641982576
1 12 41 79,18 -89,89 -157,335 1641982577
1 12 42 72,24 -86,94 -157,402 1641982577
1 12 42 72,74 -86,94 -157,365 1641982578
1 12 42 72,67 -86,69 -157,353 1641982578
1 12 42 72,49 -86,51 -157,365 1641982578
1 12 42 72,24 -86,44 -157,383 1641982579
1 12 42 71,99 -86,51 -157,402 1641982579
1 12 42 71,81 -86,69 -157,377 1641982579
1 12 42 71,74 -86,94 -157,383 1641982579
1 12 42 71,81 -87,19 -157,371 1641982580
1 12 42 71,99 -87,37 -157,389 1641982580
1 12 42 72,24 -87,44 -157,347 1641982581
1 12 42 72,49 -87,37 -157,383 1641982581
1 12 42 72,67 -87,19 -157,371 1641982582
1 12 43 65,25 -86,02 -157,389 1641982582
1 12 43 65,75 -86,02 -157,365 1641982583
1 12 43 65,68 -85,77 -157,359 1641982583
1 12 43 65,50 -85,59 -157,371 1641982584
1 12 43 65,25 -85,52 -157,341 1641982584
1 12 43 65,00 -85,59 -157,347 1641982585
1 12 43 64,82 -85,77 -157,322 1641982585
1 12 43 64,75 -86,02 -157,347 1641982586
1 12 43 64,82 -86,27 -157,341 1641982586
1 12 43 65,00 -86,45 -157,377 1641982587
1 12 43 65,25 -86,52 -157,365 1641982587
1 12 43 65,50 -86,45 -157,383 1641982588
1 12 43 65,68 -86,27 -157,347 1641982588
1 12 44 58,26 -86,94 -157,402 1641982589
1 12 44 58,76 -86,94 -157,383 1641982589
1 12 44 58,69 -86,69 -157,341 1641982590
1 12 44 58,51 -86,51 -157,396 1641982590
1 12 44 58,26 -86,44 -157,371 1641982591
1 12 44 58,01 -86,51 -157,402 1641982591
1 12 44 57,83 -86,69 -157,377 1641982592
1 12 44 57,76 -86,94 -157,383 1641982592
1 12 44 57,83 -87,19 -157,396 1641982593
1 12 44 58,01 -87,37 -157,371 1641982593
1 12 44 58,26 -87,44 -157,365 1641982594
1 12 44 58,51 -87,37 -157,402 1641982594
1 12 44 58,69 -87,19 -157,347 1641982595
1 12 45 51,75 -89,64 -157,353 1641982595
1 12 45 52,25 -89,64 -157,353 1641982596
1 12 45 52,18 -89,39 -157,396 1641982596
1 12 45 52,00 -89,20 -157,402 1641982597
1 12 45 51,75 -89,14 -157,383 1641982597
1 12 45 51,50 -89,20 -157,359 1641982598
1 12 45 51,32 -89,39 -157,371 1641982598
1 12 45 51,25 -89,64 -157,316 1641982599
1 12 45 51,32 -89,89 -157,310 1641982599
1 12 45 51,50 -90,07 -157,359 1641982599
1 12 45 51,75 -90,14 -157,371 1641982600
1 12 45 52,00 -90,07 -157,365 1641982601
1 12 45 52,18 -89,89 -157,335 1641982601
1 12 46 46,16 -93,93 -157,414 1641982602
1 12 46 46,66 -93,93 -157,365 1641982602
1 12 46 46,59 -93,68 -157,389 1641982603
1 12 46 46,41 -93,50 -157,359 1641982603
1 12 46 46,16 -93,43 -157,347 1641982604
1 12 46 45,91 -93,50 -157,402 1641982604
1 12 46 45,73 -93,68 -157,383 1641982604
1 12 46 45,66 -93,93 -157,414 1641982605
1 12 46 45,73 -94,18 -157,328 1641982606
1 12 46 45,91 -94,36 -157,426 1641982606
1 12 46 46,16 -94,43 -157,365 1641982606
1 12 46 46,41 -94,36 -157,365 1641982607
1 12 46 46,59 -94,18 -157,365 1641982607
1 12 47 41,87 -99,52 -157,457 1641982608
1 12 47 42,37 -99,52 -157,396 1641982609
1 12 47 42,30 -99,27 -157,347 1641982609
1 12 47 42,12 -99,09 -157,396 1641982609
1 12 47 41,87 -99,02 -157,408 1641982610
1 12 47 41,62 -99,09 -157,383 1641982611
1 12 47 41,43 -99,27 -157,359 1641982611
1 12 47 41,37 -99,52 -157,402 1641982611
1 12 47 41,43 -99,77 -157,414 1641982612
1 12 47 41,62 -99,95 -157,365 1641982612
1 12 47 41,87 -100,02 -157,353 1641982613
1 12 47 42,12 -99,95 -157,383 1641982613
1 12 47 42,30 -99,77 -157,402 1641982614
1 12 48 39,17 -106,03 -157,408 1641982614
1 12 48 39,67 -106,03 -157,389 1641982615
1 12 48 39,60 -105,78 -157,438 1641982615
1 12 48 39,42 -105,60 -157,353 1641982616
1 12 48 39,17 -105,53 -157,365 1641982616
1 12 48 38,92 -105,60 -157,371 1641982617
1 12 48 38,74 -105,78 -157,365 1641982617
1 12 48 38,67 -106,03 -157,408 1641982618
1 12 48 38,74 -106,28 -157,377 1641982618
1 12 48 38,92 -106,46 -157,426 1641982618
1 12 48 39,17 -106,53 -157,408 1641982619
1 12 48 39,42 -106,46 -157,359 1641982620
1 12 48 39,60 -106,28 -157,402 1641982620
1 12 49 38,25 -113,02 -157,420 1641982621
1 12 49 38,75 -113,02 -157,347 1641982621
1 12 49 38,68 -112,77 -157,353 1641982622
1 12 49 38,50 -112,59 -157,365 1641982622
1 12 49 38,25 -112,52 -157,353 1641982623
1 12 49 38,00 -112,59 -157,371 1641982623
1 12 49 37,82 -112,77 -159,361 1641982623
1 12 49 37,75 -113,02 -159,269 1641982624
1 12 49 37,82 -113,27 -159,379 1641982625
1 12 49 38,00 -113,45 -157,322 1641982625
1 12 49 38,25 -113,52 -157,365 1641982625
1 12 49 38,50 -113,45 -157,414 1641982626
1 12 49 38,68 -113,27 -157,359 1641982626
1 12 50 39,17 -120,01 -157,420 1641982627
1 12 50 39,67 -120,01 -157,377 1641982628
1 12 50 39,60 -119,76 -157,414 1641982628
1 12 50 39,42 -119,58 -157,335 1641982628
1 12 50 39,17 -119,51 -157,414 1641982629
1 12 50 38,92 -119,58 -157,402 1641982630
1 12 50 38,74 -119,76 -157,414 1641982630
1 12 50 38,67 -120,01 -157,353 1641982630
1 12 50 38,74 -120,26 -157,414 1641982631
1 12 50 38,92 -120,44 -157,371 1641982631
1 12 50 39,17 -120,51 -157,383 1641982632
1 12 50 39,42 -120,44 -157,371 1641982632
1 12 50 39,60 -120,26 -157,451 1641982633
1 12 51 41,87 -126,52 -157,402 1641982633
1 12 51 42,37 -126,52 -157,426 1641982634
1 12 51 42,30 -126,27 -157,426 1641982634
1 12 51 42,12 -126,09 -157,347 1641982635
1 12 51 41,87 -126,02 -157,438 1641982635
1 12 51 41,62 -126,09 -157,408 1641982636
1 12 51 41,43 -126,27 -157,408 1641982636
1 12 51 41,37 -126,52 -157,402 1641982637
1 12 51 41,43 -126,77 -157,451 1641982637
1 12 51 41,62 -126,95 -157,408 1641982637
1 12 51 41,87 -127,02 -157,389 1641982638
1 12 51 42,12 -126,95 -157,396 1641982639
1 12 51 42,30 -126,77 -157,359 1641982639
1 12 52 46,16 -132,11 -157,420 1641982640
1 12 52 46,66 -132,11 -157,377 1641982640
1 12 52 46,59 -131,86 -157,414 1641982641
1 12 52 46,41 -131,68 -157,371 1641982641
1 12 52 46,16 -131,61 -157,420 1641982642
1 12 52 45,91 -131,68 -157,359 1641982642
1 12 52 45,73 -131,86 -157,414 1641982643
1 12 52 45,66 -132,11 -157,371 1641982643
1 12 52 45,73 -132,36 -157,389 1641982643
1 12 52 45,91 -132,54 -157,383 1641982644
1 12 52 46,16 -132,61 -157,396 1641982645
1 12 52 46,41 -132,54 -157,365 1641982645
1 12 52 46,59 -132,36 -157,389 1641982645
1 12 53 51,75 -136,40 -157,359 1641982646
1 12 53 52,25 -136,40 -157,365 1641982647
1 12 53 52,18 -136,15 -157,365 1641982647
1 12 53 52,00 -135,97 -157,389 1641982647
1 12 53 51,75 -135,90 -157,353 1641982648
1 12 53 51,50 -135,97 -157,414 1641982649
1 12 53 51,32 -136,15 -157,438 1641982649
1 12 53 51,25 -136,40 -157,451 1641982649
1 12 53 51,32 -136,65 -157,408 1641982650
1 12 53 51,50 -136,84 -157,420 1641982650
1 12 53 51,75 -136,90 -157,408 1641982651
1 12 53 52,00 -136,84 -157,359 1641982651
1 12 53 52,18 -136,65 -157,469 1641982652
1 12 54 58,26 -139,10 -157,408 1641982653
1 12 54 58,76 -139,10 -157,426 1641982653
1 12 54 58,69 -138,85 -157,408 1641982654
1 12 54 58,51 -138,67 -157,475 1641982654
1 12 54 58,26 -138,60 -157,365 1641982654
1 12 54 58,01 -138,67 -157,365 1641982655
1 12 54 57,83 -138,85 -157,438 1641982655
1 12 54 57,76 -139,10 -157,402 1641982656
1 12 54 57,83 -139,35 -157,402 1641982656
1 12 54 58,01 -139,53 -157,432 1641982657
1 12 54 58,26 -139,60 -157,451 1641982657
1 12 54 58,51 -139,53 -157,414 1641982658
1 12 54 58,69 -139,35 -157,432 1641982658
1 12 55 65,25 -140,02 -157,353 1641982659
1 12 55 65,75 -140,02 -157,396 1641982660
1 12 55 65,68 -139,77 -157,408 1641982660
1 12 55 65,50 -139,59 -157,414 1641982660
1 12 55 65,25 -139,52 -157,377 1641982661
1 12 55 65,00 -139,59 -157,408 1641982662
1 12 55 64,82 -139,77 -157,341 1641982662
1 12 55 64,75 -140,02 -157,420 1641982662
1 12 55 64,82 -140,27 -157,365 1641982663
1 12 55 65,00 -140,45 -157,383 1641982663
1 12 55 65,25 -140,52 -157,408 1641982664
1 12 55 65,50 -140,45 -157,371 1641982664
1 12 55 65,68 -140,27 -157,414 1641982665
1 12 56 72,24 -139,10 -157,420 1641982665
1 12 56 72,74 -139,10 -157,432 1641982666
1 12 56 72,67 -138,85 -157,426 1641982666
1 12 56 72,49 -138,67 -157,402 1641982667
1 12 56 72,24 -138,60 -157,469 1641982667
1 12 56 71,99 -138,67 -157,408 1641982668
1 12 56 71,81 -138,85 -157,451 1641982668
1 12 56 71,74 -139,10 -157,463 1641982669
1 12 56 71,81 -139,35 -157,396 1641982669
1 12 56 71,99 -139,53 -157,371 1641982669
1 12 56 72,24 -139,60 -157,432 1641982670
1 12 56 72,49 -139,53 -157,426 1641982671
1 12 56 72,67 -139,35 -157,353 1641982671
1 12 57 78,75 -136,40 -157,402 1641982672
1 12 57 79,25 -136,40 -157,426 1641982672
1 12 57 79,18 -136,15 -157,444 1641982672
1 12 57 79,00 -135,97 -157,963 1641982673
1 12 57 78,75 -135,90 -158,275 1641982674
1 12 57 78,50 -135,97 -158,787 1641982674
1 12 57 78,32 -136,15 -158,757 1641982674
1 12 57 78,25 -136,40 -157,499 1641982675
1 12 57 78,32 -136,65 -157,383 1641982676
1 12 57 78,50 -136,84 -157,438 1641982676
1 12 57 78,75 -136,90 -157,444 1641982677
1 12 57 79,00 -136,84 -157,396 1641982677
1 12 57 79,18 -136,65 -157,408 1641982677
1 12 58 84,34 -132,11 -158,775 1641982678
1 12 58 84,84 -132,11 -157,396 1641982679
1 12 58 84,77 -131,86 -157,365 1641982679
1 12 58 84,59 -131,68 -158,775 1641982679
1 12 58 84,34 -131,61 -158,714 1641982680
1 12 58 84,09 -131,68 -158,806 1641982681
1 12 58 83,91 -131,86 -158,781 1641982681
1 12 58 83,84 -132,11 -158,830 1641982681
1 12 58 83,91 -132,36 -158,854 1641982682
1 12 58 84,09 -132,54 -157,408 1641982682
1 12 58 84,34 -132,61 -157,432 1641982683
1 12 58 84,59 -132,54 -157,389 1641982683
1 12 58 84,77 -132,36 -157,420 1641982684
1 12 59 88,63 -126,52 -158,769 1641982685
1 12 59 89,13 -126,52 -157,396 1641982685
1 12 59 89,07 -126,27 -158,806 1641982686
1 12 59 88,88 -126,09 -158,799 1641982686
1 12 59 88,63 -126,02 -158,732 1641982687
1 12 59 88,38 -126,09 -158,781 1641982687
1 12 59 88,20 -126,27 -158,824 1641982687
1 12 59 88,13 -126,52 -158,812 1641982688
1 12 59 88,20 -126,77 -158,738 1641982689
1 12 59 88,38 -126,95 -158,647 1641982689
1 12 59 88,63 -127,02 -158,903 1641982689
1 12 59 88,88 -126,95 -157,347 1641982690
1 12 59 89,07 -126,77 -157,457 1641982690
1 12 60 91,33 -120,01 -158,787 1641982691
1 12 60 91,83 -120,01 -157,371 1641982692
1 12 60 91,76 -119,76 -158,824 1641982692
1 12 60 91,58 -119,58 -158,671 1641982692
1 12 60 91,33 -119,51 -158,861 1641982693
1 12 60 91,08 -119,58 -158,714 1641982694
1 12 60 90,90 -119,76 -158,793 1641982694
1 12 60 90,83 -120,01 -158,812 1641982694
1 12 60 90,90 -120,26 -158,806 1641982695
1 12 60 91,08 -120,44 -158,763 1641982695
1 12 60 91,33 -120,51 -158,702 1641982696
1 12 60 91,58 -120,44 -158,891 1641982696
1 12 60 91,76 -120,26 -157,389 1641982697
