1 1 1 4,24 4,24 -157,194 1637052195
1 1 1 4,74 4,24 -157,188 1637052195
1 1 1 4,68 4,49 -157,249 1637052195
1 1 1 4,49 4,68 -157,286 1637052196
1 1 1 4,24 4,74 -157,274 1637052197
1 1 1 3,99 4,68 -157,188 1637052197
1 1 1 3,81 4,49 -157,286 1637052197
1 1 1 3,74 4,24 -157,206 1637052198
1 1 1 3,81 3,99 -157,212 1637052198
1 1 1 3,99 3,81 -157,231 1637052199
1 1 1 4,24 3,74 -157,225 1637052199
1 1 1 4,49 3,81 -157,206 1637052199
1 1 1 4,68 3,99 -157,280 1637052200
1 1 2 3,36 12,56 -157,237 1637052201
1 1 2 3,86 12,56 -157,225 1637052202
1 1 2 3,80 12,81 -157,231 1637052202
1 1 2 3,61 12,99 -157,225 1637052202
1 1 2 3,36 13,06 -157,267 1637052203
1 1 2 3,11 12,99 -157,200 1637052204
1 1 2 2,93 12,81 -157,200 1637052204
1 1 2 2,86 12,56 -157,219 1637052204
1 1 2 2,93 12,31 -157,170 1637052205
1 1 2 3,11 12,12 -157,261 1637052205
1 1 2 3,36 12,06 -157,219 1637052206
1 1 2 3,61 12,12 -157,158 1637052206
1 1 2 3,80 12,31 -157,316 1637052207
1 1 3 9,19 9,19 -157,231 1637052208
1 1 3 9,69 9,19 -157,188 1637052208
1 1 3 9,63 9,44 -157,212 1637052208
1 1 3 9,44 9,63 -157,212 1637052209
1 1 3 9,19 9,69 -157,182 1637052209
1 1 3 8,94 9,63 -157,267 1637052209
1 1 3 8,76 9,44 -157,206 1637052210
1 1 3 8,69 9,19 -157,304 1637052211
1 1 3 8,76 8,94 -157,115 1637052211
1 1 3 8,94 8,76 -157,255 1637052211
1 1 3 9,19 8,69 -157,188 1637052212
1 1 3 9,44 8,76 -157,212 1637052213
1 1 3 9,63 8,94 -157,194 1637052213
1 1 4 12,56 3,36 -157,231 1637052214
1 1 4 13,06 3,36 -157,164 1637052214
1 1 4 12,99 3,61 -157,206 1637052215
1 1 4 12,81 3,80 -157,212 1637052215
1 1 4 12,56 3,86 -157,188 1637052215
1 1 4 12,31 3,80 -157,286 1637052216
1 1 4 12,12 3,61 -157,212 1637052216
1 1 4 12,06 3,36 -157,188 1637052216
1 1 4 12,12 3,11 -157,261 1637052217
1 1 4 12,31 2,93 -157,115 1637052217
1 1 4 12,56 2,86 -157,328 1637052217
1 1 4 12,81 2,93 -157,176 1637052218
1 1 4 12,99 3,11 -157,243 1637052218
1 1 5 19,32 5,18 -157,212 1637052219
1 1 5 19,82 5,18 -157,212 1637052220
1 1 5 19,75 5,43 -157,274 1637052221
1 1 5 19,57 5,61 -157,261 1637052221
1 1 5 19,32 5,68 -157,219 1637052221
1 1 5 19,07 5,61 -157,151 1637052222
1 1 5 18,89 5,43 -157,249 1637052222
1 1 5 18,82 5,18 -157,200 1637052223
1 1 5 18,89 4,93 -157,237 1637052223
1 1 5 19,07 4,74 -157,133 1637052224
1 1 5 19,32 4,68 -157,194 1637052224
1 1 5 19,57 4,74 -157,267 1637052225
1 1 5 19,75 4,93 -157,261 1637052225
1 1 6 17,32 10,00 -157,237 1637052226
1 1 6 17,82 10,00 -157,200 1637052227
1 1 6 17,75 10,25 -157,212 1637052227
1 1 6 17,57 10,43 -157,231 1637052227
1 1 6 17,32 10,50 -157,206 1637052228
1 1 6 17,07 10,43 -157,182 1637052229
1 1 6 16,89 10,25 -157,237 1637052229
1 1 6 16,82 10,00 -157,212 1637052229
1 1 6 16,89 9,75 -157,200 1637052230
1 1 6 17,07 9,57 -157,249 1637052230
1 1 6 17,32 9,50 -157,225 1637052231
1 1 6 17,57 9,57 -157,267 1637052232
1 1 6 17,75 9,75 -157,212 1637052232
1 1 7 14,14 14,14 -157,115 1637052233
1 1 7 14,64 14,14 -157,219 1637052233
1 1 7 14,58 14,39 -157,212 1637052233
1 1 7 14,39 14,58 -157,261 1637052234
1 1 7 14,14 14,64 -157,194 1637052235
1 1 7 13,89 14,58 -157,194 1637052235
1 1 7 13,71 14,39 -157,231 1637052236
1 1 7 13,64 14,14 -157,194 1637052236
1 1 7 13,71 13,89 -157,237 1637052237
1 1 7 13,89 13,71 -157,200 1637052237
1 1 7 14,14 13,64 -157,188 1637052237
1 1 7 14,39 13,71 -157,188 1637052238
1 1 7 14,58 13,89 -157,261 1637052238
1 1 8 10,00 17,32 -157,267 1637052239
1 1 8 10,50 17,32 -157,231 1637052240
1 1 8 10,43 17,57 -157,200 1637052241
1 1 8 10,25 17,75 -157,274 1637052241
1 1 8 10,00 17,82 -157,170 1637052241
1 1 8 9,75 17,75 -157,225 1637052242
1 1 8 9,57 17,57 -157,249 1637052242
1 1 8 9,50 17,32 -157,188 1637052242
1 1 8 9,57 17,07 -157,219 1637052243
1 1 8 9,75 16,89 -157,219 1637052243
1 1 8 10,00 16,82 -157,212 1637052243
1 1 8 10,25 16,89 -157,188 1637052244
1 1 8 10,43 17,07 -157,237 1637052245
1 1 9 5,18 19,32 -157,194 1637052245
1 1 9 5,68 19,32 -157,261 1637052246
1 1 9 5,61 19,57 -157,255 1637052246
1 1 9 5,43 19,75 -157,200 1637052247
1 1 9 5,18 19,82 -157,243 1637052247
1 1 9 4,93 19,75 -157,231 1637052248
1 1 9 4,74 19,57 -157,145 1637052248
1 1 9 4,68 19,32 -157,194 1637052249
1 1 9 4,74 19,07 -157,133 1637052249
1 1 9 4,93 18,89 -157,194 1637052250
1 1 9 5,18 18,82 -157,267 1637052250
1 1 9 5,43 18,89 -157,231 1637052251
1 1 9 5,61 19,07 -157,225 1637052251
1 1 10 -5,18 19,32 -157,237 1637052252
1 1 10 -4,68 19,32 -157,255 1637052252
1 1 10 -4,74 19,57 -157,274 1637052253
1 1 10 -4,93 19,75 -157,176 1637052253
1 1 10 -5,18 19,82 -157,225 1637052254
1 1 10 -5,43 19,75 -157,243 1637052254
1 1 10 -5,61 19,57 -157,145 1637052255
1 1 10 -5,68 19,32 -157,231 1637052255
1 1 10 -5,61 19,07 -157,304 1637052256
1 1 10 -5,43 18,89 -157,176 1637052256
1 1 10 -5,18 18,82 -157,212 1637052257
1 1 10 -4,93 18,89 -157,194 1637052257
1 1 10 -4,74 19,07 -157,206 1637052257
1 1 11 -10,00 17,32 -157,188 1637052258
1 1 11 -9,50 17,32 -157,212 1637052259
1 1 11 -9,57 17,57 -157,261 1637052260
1 1 11 -9,75 17,75 -157,219 1637052260
1 1 11 -10,00 17,82 -157,261 1637052261
1 1 11 -10,25 17,75 -157,225 1637052261
1 1 11 -10,43 17,57 -157,194 1637052262
1 1 11 -10,50 17,32 -157,219 1637052262
1 1 11 -10,43 17,07 -157,164 1637052263
1 1 11 -10,25 16,89 -157,261 1637052263
1 1 11 -10,00 16,82 -157,206 1637052263
1 1 11 -9,75 16,89 -157,225 1637052264
1 1 11 -9,57 17,07 -157,267 1637052264
1 1 12 -14,14 14,14 -157,212 1637052265
1 1 12 -13,64 14,14 -157,212 1637052265
1 1 12 -13,71 14,39 -157,249 1637052266
1 1 12 -13,89 14,58 -157,225 1637052266
1 1 12 -14,14 14,64 -157,212 1637052266
1 1 12 -14,39 14,58 -157,225 1637052267
1 1 12 -14,58 14,39 -157,225 1637052267
1 1 12 -14,64 14,14 -157,225 1637052267
1 1 12 -14,58 13,89 -157,127 1637052268
1 1 12 -14,39 13,71 -157,212 1637052268
1 1 12 -14,14 13,64 -157,212 1637052268
1 1 12 -13,89 13,71 -157,225 1637052269
1 1 12 -13,71 13,89 -157,231 1637052269
1 1 13 -17,32 10,00 -157,194 1637052270
1 1 13 -16,82 10,00 -157,280 1637052270
1 1 13 -16,89 10,25 -157,212 1637052271
1 1 13 -17,07 10,43 -157,274 1637052271
1 1 13 -17,32 10,50 -157,249 1637052271
1 1 13 -17,57 10,43 -157,225 1637052272
1 1 13 -17,75 10,25 -157,249 1637052272
1 1 13 -17,82 10,00 -157,170 1637052273
1 1 13 -17,75 9,75 -157,237 1637052274
1 1 13 -17,57 9,57 -157,231 1637052274
1 1 13 -17,32 9,50 -157,164 1637052275
1 1 13 -17,07 9,57 -157,212 1637052276
1 1 13 -16,89 9,75 -157,200 1637052276
1 1 14 -19,32 5,18 -157,243 1637052277
1 1 14 -18,82 5,18 -157,212 1637052277
1 1 14 -18,89 5,43 -157,212 1637052278
1 1 14 -19,07 5,61 -157,188 1637052278
1 1 14 -19,32 5,68 -157,237 1637052279
1 1 14 -19,57 5,61 -157,182 1637052279
1 1 14 -19,75 5,43 -157,249 1637052280
1 1 14 -19,82 5,18 -157,145 1637052280
1 1 14 -19,75 4,93 -157,188 1637052281
1 1 14 -19,57 4,74 -157,243 1637052281
1 1 14 -19,32 4,68 -157,206 1637052282
1 1 14 -19,07 4,74 -157,292 1637052282
1 1 14 -18,89 4,93 -157,243 1637052282
1 1 15 -12,56 3,36 -157,219 1637052283
1 1 15 -12,06 3,36 -157,164 1637052284
1 1 15 -12,12 3,61 -157,225 1637052284
1 1 15 -12,31 3,80 -157,188 1637052284
1 1 15 -12,56 3,86 -157,237 1637052285
1 1 15 -12,81 3,80 -157,158 1637052286
1 1 15 -12,99 3,61 -157,261 1637052286
1 1 15 -13,06 3,36 -157,267 1637052287
1 1 15 -12,99 3,11 -157,237 1637052287
1 1 15 -12,81 2,93 -157,231 1637052288
1 1 15 -12,56 2,86 -157,212 1637052288
1 1 15 -12,31 2,93 -157,261 1637052289
1 1 15 -12,12 3,11 -157,182 1637052289
1 1 16 -9,19 9,19 -157,182 1637052290
1 1 16 -8,69 9,19 -157,267 1637052291
1 1 16 -8,76 9,44 -157,267 1637052291
1 1 16 -8,94 9,63 -157,182 1637052291
1 1 16 -9,19 9,69 -157,212 1637052292
1 1 16 -9,44 9,63 -157,225 1637052293
1 1 16 -9,63 9,44 -157,286 1637052293
1 1 16 -9,69 9,19 -157,176 1637052293
1 1 16 -9,63 8,94 -157,200 1637052294
1 1 16 -9,44 8,76 -157,261 1637052294
1 1 16 -9,19 8,69 -157,231 1637052295
1 1 16 -8,94 8,76 -157,219 1637052296
1 1 16 -8,76 8,94 -157,243 1637052296
1 1 17 -3,36 12,56 -157,237 1637052297
1 1 17 -2,86 12,56 -157,249 1637052297
1 1 17 -2,93 12,81 -157,249 1637052298
1 1 17 -3,11 12,99 -157,219 1637052298
1 1 17 -3,36 13,06 -157,249 1637052299
1 1 17 -3,61 12,99 -157,225 1637052299
1 1 17 -3,80 12,81 -157,274 1637052300
1 1 17 -3,86 12,56 -157,249 1637052300
1 1 17 -3,80 12,31 -157,249 1637052301
1 1 17 -3,61 12,12 -157,200 1637052301
1 1 17 -3,36 12,06 -157,231 1637052302
1 1 17 -3,11 12,12 -157,212 1637052302
1 1 17 -2,93 12,31 -157,243 1637052303
1 1 18 -4,24 4,24 -157,261 1637052304
1 1 18 -3,74 4,24 -157,158 1637052304
1 1 18 -3,81 4,49 -157,145 1637052305
1 1 18 -3,99 4,68 -157,225 1637052305
1 1 18 -4,24 4,74 -157,267 1637052306
1 1 18 -4,49 4,68 -157,243 1637052306
1 1 18 -4,68 4,49 -157,206 1637052307
1 1 18 -4,74 4,24 -157,286 1637052307
1 1 18 -4,68 3,99 -157,292 1637052308
1 1 18 -4,49 3,81 -157,267 1637052308
1 1 18 -4,24 3,74 -157,255 1637052309
1 1 18 -3,99 3,81 -157,127 1637052309
1 1 18 -3,81 3,99 -157,292 1637052310
1 1 19 -4,24 -4,24 -157,194 1637052311
1 1 19 -3,74 -4,24 -157,219 1637052311
1 1 19 -3,81 -3,99 -157,261 1637052312
1 1 19 -3,99 -3,81 -157,225 1637052312
1 1 19 -4,24 -3,74 -157,261 1637052313
1 1 19 -4,49 -3,81 -157,170 1637052313
1 1 19 -4,68 -3,99 -157,249 1637052314
1 1 19 -4,74 -4,24 -157,231 1637052314
1 1 19 -4,68 -4,49 -157,249 1637052315
1 1 19 -4,49 -4,68 -157,231 1637052315
1 1 19 -4,24 -4,74 -157,206 1637052316
1 1 19 -3,99 -4,68 -157,261 1637052316
1 1 19 -3,81 -4,49 -157,231 1637052317
1 1 20 -3,36 -12,56 -157,231 1637052318
1 1 20 -2,86 -12,56 -157,096 1637052318
1 1 20 -2,93 -12,31 -157,194 1637052319
1 1 20 -3,11 -12,12 -157,225 1637052319
1 1 20 -3,36 -12,06 -157,188 1637052320
1 1 20 -3,61 -12,12 -157,231 1637052320
1 1 20 -3,80 -12,31 -157,194 1637052320
1 1 20 -3,86 -12,56 -157,261 1637052321
1 1 20 -3,80 -12,81 -157,212 1637052322
1 1 20 -3,61 -12,99 -157,267 1637052322
1 1 20 -3,36 -13,06 -157,267 1637052322
1 1 20 -3,11 -12,99 -157,255 1637052323
1 1 20 -2,93 -12,81 -157,188 1637052323
1 1 21 -9,19 -9,19 -157,225 1637052324
1 1 21 -8,69 -9,19 -157,255 1637052325
1 1 21 -8,76 -8,94 -157,170 1637052325
1 1 21 -8,94 -8,76 -157,145 1637052326
1 1 21 -9,19 -8,69 -157,298 1637052326
1 1 21 -9,44 -8,76 -157,243 1637052327
1 1 21 -9,63 -8,94 -157,249 1637052327
1 1 21 -9,69 -9,19 -157,261 1637052328
1 1 21 -9,63 -9,44 -157,231 1637052329
1 1 21 -9,44 -9,63 -157,200 1637052329
1 1 21 -9,19 -9,69 -157,158 1637052329
1 1 21 -8,94 -9,63 -157,225 1637052330
1 1 21 -8,76 -9,44 -157,194 1637052330
1 1 22 -12,56 -3,36 -157,182 1637052331
1 1 22 -12,06 -3,36 -157,212 1637052331
1 1 22 -12,12 -3,11 -157,212 1637052332
1 1 22 -12,31 -2,93 -157,158 1637052333
1 1 22 -12,56 -2,86 -157,212 1637052333
1 1 22 -12,81 -2,93 -157,200 1637052333
1 1 22 -12,99 -3,11 -157,237 1637052334
1 1 22 -13,06 -3,36 -157,188 1637052335
1 1 22 -12,99 -3,61 -157,212 1637052335
1 1 22 -12,81 -3,80 -157,286 1637052335
1 1 22 -12,56 -3,86 -157,225 1637052336
1 1 22 -12,31 -3,80 -157,225 1637052337
1 1 22 -12,12 -3,61 -157,212 1637052337
1 1 23 -19,32 -5,18 -157,243 1637052338
1 1 23 -18,82 -5,18 -157,158 1637052339
1 1 23 -18,89 -4,93 -157,219 1637052339
1 1 23 -19,07 -4,74 -157,188 1637052339
1 1 23 -19,32 -4,68 -157,182 1637052340
1 1 23 -19,57 -4,74 -157,206 1637052341
1 1 23 -19,75 -4,93 -157,212 1637052341
1 1 23 -19,82 -5,18 -157,182 1637052341
1 1 23 -19,75 -5,43 -157,164 1637052342
1 1 23 -19,57 -5,61 -157,225 1637052342
1 1 23 -19,32 -5,68 -157,188 1637052343
1 1 23 -19,07 -5,61 -157,298 1637052343
1 1 23 -18,89 -5,43 -157,145 1637052344
1 1 24 -17,32 -10,00 -157,255 1637052344
1 1 24 -16,82 -10,00 -157,310 1637052345
1 1 24 -16,89 -9,75 -157,225 1637052345
1 1 24 -17,07 -9,57 -157,237 1637052346
1 1 24 -17,32 -9,50 -157,158 1637052346
1 1 24 -17,57 -9,57 -157,164 1637052346
1 1 24 -17,75 -9,75 -157,249 1637052347
1 1 24 -17,82 -10,00 -157,182 1637052347
1 1 24 -17,75 -10,25 -157,341 1637052347
1 1 24 -17,57 -10,43 -157,225 1637052348
1 1 24 -17,32 -10,50 -157,267 1637052349
1 1 24 -17,07 -10,43 -157,188 1637052349
1 1 24 -16,89 -10,25 -157,280 1637052350
1 1 25 -14,14 -14,14 -157,249 1637052351
1 1 25 -13,64 -14,14 -157,212 1637052351
1 1 25 -13,71 -13,89 -157,212 1637052352
1 1 25 -13,89 -13,71 -157,188 1637052352
1 1 25 -14,14 -13,64 -157,212 1637052352
1 1 25 -14,39 -13,71 -157,212 1637052353
1 1 25 -14,58 -13,89 -157,225 1637052353
1 1 25 -14,64 -14,14 -157,249 1637052353
1 1 25 -14,58 -14,39 -157,286 1637052354
1 1 25 -14,39 -14,58 -157,151 1637052354
1 1 25 -14,14 -14,64 -157,255 1637052354
1 1 25 -13,89 -14,58 -157,231 1637052355
1 1 25 -13,71 -14,39 -157,206 1637052355
1 1 26 -10,00 -17,32 -157,212 1637052356
1 1 26 -9,50 -17,32 -157,170 1637052357
1 1 26 -9,57 -17,07 -157,231 1637052357
1 1 26 -9,75 -16,89 -157,212 1637052357
1 1 26 -10,00 -16,82 -157,200 1637052358
1 1 26 -10,25 -16,89 -157,182 1637052359
1 1 26 -10,43 -17,07 -157,286 1637052359
1 1 26 -10,50 -17,32 -157,188 1637052360
1 1 26 -10,43 -17,57 -157,188 1637052360
1 1 26 -10,25 -17,75 -157,255 1637052360
1 1 26 -10,00 -17,82 -157,219 1637052361
1 1 26 -9,75 -17,75 -157,170 1637052361
1 1 26 -9,57 -17,57 -157,280 1637052362
1 1 27 -5,18 -19,32 -157,212 1637052363
1 1 27 -4,68 -19,32 -157,212 1637052363
1 1 27 -4,74 -19,07 -157,243 1637052363
1 1 27 -4,93 -18,89 -157,188 1637052364
1 1 27 -5,18 -18,82 -157,194 1637052364
1 1 27 -5,43 -18,89 -157,212 1637052364
1 1 27 -5,61 -19,07 -157,219 1637052365
1 1 27 -5,68 -19,32 -157,188 1637052366
1 1 27 -5,61 -19,57 -157,249 1637052366
1 1 27 -5,43 -19,75 -157,249 1637052366
1 1 27 -5,18 -19,82 -157,127 1637052367
1 1 27 -4,93 -19,75 -157,145 1637052368
1 1 27 -4,74 -19,57 -157,267 1637052368
1 1 28 5,18 -19,32 -157,231 1637052369
1 1 28 5,68 -19,32 -157,237 1637052370
1 1 28 5,61 -19,07 -157,225 1637052370
1 1 28 5,43 -18,89 -157,249 1637052370
1 1 28 5,18 -18,82 -157,261 1637052371
1 1 28 4,93 -18,89 -157,212 1637052372
1 1 28 4,74 -19,07 -157,212 1637052372
1 1 28 4,68 -19,32 -157,249 1637052372
1 1 28 4,74 -19,57 -157,164 1637052373
1 1 28 4,93 -19,75 -157,188 1637052373
1 1 28 5,18 -19,82 -157,219 1637052374
1 1 28 5,43 -19,75 -157,267 1637052374
1 1 28 5,61 -19,57 -157,194 1637052375
1 1 29 10,00 -17,32 -157,335 1637052375
1 1 29 10,50 -17,32 -157,298 1637052376
1 1 29 10,43 -17,07 -157,267 1637052376
1 1 29 10,25 -16,89 -157,249 1637052377
1 1 29 10,00 -16,82 -157,280 1637052378
1 1 29 9,75 -16,89 -157,255 1637052378
1 1 29 9,57 -17,07 -157,267 1637052378
1 1 29 9,50 -17,32 -157,267 1637052379
1 1 29 9,57 -17,57 -157,188 1637052380
1 1 29 9,75 -17,75 -157,243 1637052380
1 1 29 10,00 -17,82 -157,261 1637052380
1 1 29 10,25 -17,75 -157,225 1637052381
1 1 29 10,43 -17,57 -157,231 1637052381
1 1 30 14,14 -14,14 -157,292 1637052382
1 1 30 14,64 -14,14 -157,292 1637052382
1 1 30 14,58 -13,89 -157,292 1637052383
1 1 30 14,39 -13,71 -157,188 1637052383
1 1 30 14,14 -13,64 -157,237 1637052384
1 1 30 13,89 -13,71 -157,243 1637052384
1 1 30 13,71 -13,89 -157,206 1637052385
1 1 30 13,64 -14,14 -157,249 1637052385
1 1 30 13,71 -14,39 -157,225 1637052386
1 1 30 13,89 -14,58 -157,212 1637052386
1 1 30 14,14 -14,64 -157,225 1637052387
1 1 30 14,39 -14,58 -157,298 1637052387
1 1 30 14,58 -14,39 -157,249 1637052388
1 1 31 17,32 -10,00 -157,274 1637052389
1 1 31 17,82 -10,00 -157,164 1637052389
1 1 31 17,75 -9,75 -157,292 1637052390
1 1 31 17,57 -9,57 -157,274 1637052390
1 1 31 17,32 -9,50 -157,304 1637052391
1 1 31 17,07 -9,57 -157,267 1637052391
1 1 31 16,89 -9,75 -157,219 1637052392
1 1 31 16,82 -10,00 -157,231 1637052392
1 1 31 16,89 -10,25 -157,280 1637052393
1 1 31 17,07 -10,43 -157,225 1637052393
1 1 31 17,32 -10,50 -157,267 1637052394
1 1 31 17,57 -10,43 -157,274 1637052395
1 1 31 17,75 -10,25 -157,212 1637052395
1 1 32 19,32 -5,18 -157,225 1637052396
1 1 32 19,82 -5,18 -157,188 1637052396
1 1 32 19,75 -4,93 -157,267 1637052397
1 1 32 19,57 -4,74 -157,280 1637052397
1 1 32 19,32 -4,68 -157,200 1637052398
1 1 32 19,07 -4,74 -157,212 1637052398
1 1 32 18,89 -4,93 -157,243 1637052399
1 1 32 18,82 -5,18 -157,249 1637052400
1 1 32 18,89 -5,43 -157,292 1637052400
1 1 32 19,07 -5,61 -157,261 1637052401
1 1 32 19,32 -5,68 -157,225 1637052401
1 1 32 19,57 -5,61 -157,212 1637052402
1 1 32 19,75 -5,43 -157,164 1637052402
1 1 33 12,56 -3,36 -157,219 1637052403
1 1 33 13,06 -3,36 -157,158 1637052404
1 1 33 12,99 -3,11 -157,188 1637052404
1 1 33 12,81 -2,93 -157,212 1637052405
1 1 33 12,56 -2,86 -157,255 1637052405
1 1 33 12,31 -2,93 -157,237 1637052406
1 1 33 12,12 -3,11 -157,200 1637052406
1 1 33 12,06 -3,36 -157,225 1637052407
1 1 33 12,12 -3,61 -157,243 1637052408
1 1 33 12,31 -3,80 -157,249 1637052408
1 1 33 12,56 -3,86 -157,261 1637052408
1 1 33 12,81 -3,80 -157,249 1637052409
1 1 33 12,99 -3,61 -157,225 1637052409
1 1 34 9,19 -9,19 -157,255 1637052410
1 1 34 9,69 -9,19 -157,225 1637052411
1 1 34 9,63 -8,94 -157,255 1637052411
1 1 34 9,44 -8,76 -157,212 1637052412
1 1 34 9,19 -8,69 -157,219 1637052412
1 1 34 8,94 -8,76 -157,292 1637052413
1 1 34 8,76 -8,94 -157,206 1637052413
1 1 34 8,69 -9,19 -157,249 1637052414
1 1 34 8,76 -9,44 -157,261 1637052415
1 1 34 8,94 -9,63 -157,255 1637052415
1 1 34 9,19 -9,69 -157,286 1637052415
1 1 34 9,44 -9,63 -157,188 1637052416
1 1 34 9,63 -9,44 -157,170 1637052416
1 1 35 3,36 -12,56 -157,182 1637052417
1 1 35 3,86 -12,56 -157,219 1637052417
1 1 35 3,80 -12,31 -157,225 1637052418
1 1 35 3,61 -12,12 -157,225 1637052418
1 1 35 3,36 -12,06 -157,170 1637052418
1 1 35 3,11 -12,12 -157,158 1637052419
1 1 35 2,93 -12,31 -157,225 1637052419
1 1 35 2,86 -12,56 -157,231 1637052420
1 1 35 2,93 -12,81 -157,274 1637052420
1 1 35 3,11 -12,99 -157,231 1637052421
1 1 35 3,36 -13,06 -157,249 1637052421
1 1 35 3,61 -12,99 -157,170 1637052422
1 1 35 3,80 -12,81 -157,280 1637052422
1 1 36 4,24 -4,24 -157,176 1637052423
1 1 36 4,74 -4,24 -157,188 1637052423
1 1 36 4,68 -3,99 -157,158 1637052424
1 1 36 4,49 -3,81 -157,280 1637052424
1 1 36 4,24 -3,74 -157,225 1637052424
1 1 36 3,99 -3,81 -157,194 1637052425
1 1 36 3,81 -3,99 -157,249 1637052425
1 1 36 3,74 -4,24 -157,188 1637052426
1 1 36 3,81 -4,49 -157,286 1637052426
1 1 36 3,99 -4,68 -157,194 1637052426
1 1 36 4,24 -4,74 -157,151 1637052427
1 1 36 4,49 -4,68 -157,249 1637052427
1 1 36 4,68 -4,49 -157,212 1637052428
1 1 37 27,00 0,00 -157,121 1637052429
1 1 37 27,50 0,00 -157,225 1637052430
1 1 37 27,43 0,25 -157,304 1637052431
1 1 37 27,25 0,43 -157,139 1637052431
1 1 37 27,00 0,50 -157,225 1637052431
1 1 37 26,75 0,43 -157,243 1637052431
1 1 37 26,57 0,25 -157,164 1637052432
1 1 37 26,50 0,00 -157,151 1637052432
1 1 37 26,57 -0,25 -157,103 1637052433
1 1 37 26,75 -0,43 -157,225 1637052433
1 1 37 27,00 -0,50 -157,225 1637052434
1 1 37 27,25 -0,43 -157,255 1637052434
1 1 37 27,43 -0,25 -157,194 1637052435
1 1 38 26,08 6,99 -157,042 1637052436
1 1 38 26,58 6,99 -157,151 1637052436
1 1 38 26,51 7,24 -157,127 1637052437
1 1 38 26,33 7,42 -157,212 1637052437
1 1 38 26,08 7,49 -157,096 1637052438
1 1 38 25,83 7,42 -157,212 1637052438
1 1 38 25,65 7,24 -157,212 1637052439
1 1 38 25,58 6,99 -157,133 1637052439
1 1 38 25,65 6,74 -157,182 1637052440
1 1 38 25,83 6,56 -157,188 1637052440
1 1 38 26,08 6,49 -157,170 1637052441
1 1 38 26,33 6,56 -157,298 1637052441
1 1 38 26,51 6,74 -157,261 1637052442
1 1 39 23,38 13,50 -157,158 1637052443
1 1 39 23,88 13,50 -157,249 1637052443
1 1 39 23,82 13,75 -157,225 1637052444
1 1 39 23,63 13,93 -157,194 1637052444
1 1 39 23,38 14,00 -157,237 1637052444
1 1 39 23,13 13,93 -157,219 1637052445
1 1 39 22,95 13,75 -157,261 1637052445
1 1 39 22,88 13,50 -157,219 1637052445
1 1 39 22,95 13,25 -157,200 1637052446
1 1 39 23,13 13,07 -157,243 1637052446
1 1 39 23,38 13,00 -157,194 1637052446
1 1 39 23,63 13,07 -157,255 1637052447
1 1 39 23,82 13,25 -157,237 1637052447
1 1 40 19,09 19,09 -157,164 1637052448
1 1 40 19,59 19,09 -157,164 1637052449
1 1 40 19,52 19,34 -157,200 1637052449
1 1 40 19,34 19,52 -157,206 1637052450
1 1 40 19,09 19,59 -157,255 1637052450
1 1 40 18,84 19,52 -157,170 1637052451
1 1 40 18,66 19,34 -157,206 1637052451
1 1 40 18,59 19,09 -157,212 1637052452
1 1 40 18,66 18,84 -157,200 1637052452
1 1 40 18,84 18,66 -157,188 1637052453
1 1 40 19,09 18,59 -157,212 1637052453
1 1 40 19,34 18,66 -157,225 1637052453
1 1 40 19,52 18,84 -157,219 1637052454
1 1 41 13,50 23,38 -157,225 1637052455
1 1 41 14,00 23,38 -157,103 1637052455
1 1 41 13,93 23,63 -157,237 1637052455
1 1 41 13,75 23,82 -157,231 1637052456
1 1 41 13,50 23,88 -157,219 1637052456
1 1 41 13,25 23,82 -157,255 1637052456
1 1 41 13,07 23,63 -157,176 1637052457
1 1 41 13,00 23,38 -157,194 1637052457
1 1 41 13,07 23,13 -157,176 1637052457
1 1 41 13,25 22,95 -157,176 1637052458
1 1 41 13,50 22,88 -157,200 1637052459
1 1 41 13,75 22,95 -157,176 1637052459
1 1 41 13,93 23,13 -157,219 1637052459
1 1 42 6,99 26,08 -157,212 1637052460
1 1 42 7,49 26,08 -157,255 1637052461
1 1 42 7,42 26,33 -157,231 1637052461
1 1 42 7,24 26,51 -157,219 1637052461
1 1 42 6,99 26,58 -157,212 1637052462
1 1 42 6,74 26,51 -157,188 1637052462
1 1 42 6,56 26,33 -157,200 1637052462
1 1 42 6,49 26,08 -157,274 1637052463
1 1 42 6,56 25,83 -157,212 1637052464
1 1 42 6,74 25,65 -157,145 1637052464
1 1 42 6,99 25,58 -157,335 1637052464
1 1 42 7,24 25,65 -157,212 1637052465
1 1 42 7,42 25,83 -157,188 1637052465
1 1 43 0,00 27,00 -157,188 1637052466
1 1 43 0,50 27,00 -157,249 1637052467
1 1 43 0,43 27,25 -157,243 1637052467
1 1 43 0,25 27,43 -157,212 1637052468
1 1 43 0,00 27,50 -157,225 1637052468
1 1 43 -0,25 27,43 -157,219 1637052469
1 1 43 -0,43 27,25 -157,200 1637052469
1 1 43 -0,50 27,00 -157,219 1637052470
1 1 43 -0,43 26,75 -157,237 1637052471
1 1 43 -0,25 26,57 -157,249 1637052471
1 1 43 0,00 26,50 -157,188 1637052471
1 1 43 0,25 26,57 -157,225 1637052472
1 1 43 0,43 26,75 -157,237 1637052472
1 1 44 -6,99 26,08 -157,188 1637052473
1 1 44 -6,49 26,08 -157,286 1637052474
1 1 44 -6,56 26,33 -157,212 1637052474
1 1 44 -6,74 26,51 -157,231 1637052475
1 1 44 -6,99 26,58 -157,206 1637052475
1 1 44 -7,24 26,51 -157,164 1637052475
1 1 44 -7,42 26,33 -157,225 1637052476
1 1 44 -7,49 26,08 -157,280 1637052476
1 1 44 -7,42 25,83 -157,243 1637052476
1 1 44 -7,24 25,65 -157,133 1637052477
1 1 44 -6,99 25,58 -157,249 1637052478
1 1 44 -6,74 25,65 -157,212 1637052478
1 1 44 -6,56 25,83 -157,243 1637052479
1 1 45 -13,50 23,38 -157,121 1637052480
1 1 45 -13,00 23,38 -157,158 1637052480
1 1 45 -13,07 23,63 -157,267 1637052480
1 1 45 -13,25 23,82 -157,237 1637052481
1 1 45 -13,50 23,88 -157,176 1637052481
1 1 45 -13,75 23,82 -157,225 1637052481
1 1 45 -13,93 23,63 -157,255 1637052482
1 1 45 -14,00 23,38 -157,280 1637052482
1 1 45 -13,93 23,13 -157,188 1637052482
1 1 45 -13,75 22,95 -157,243 1637052483
1 1 45 -13,50 22,88 -157,225 1637052484
1 1 45 -13,25 22,95 -157,243 1637052484
1 1 45 -13,07 23,13 -157,188 1637052485
1 1 46 -19,09 19,09 -157,219 1637052486
1 1 46 -18,59 19,09 -157,237 1637052486
1 1 46 -18,66 19,34 -157,255 1637052487
1 1 46 -18,84 19,52 -157,188 1637052487
1 1 46 -19,09 19,59 -157,274 1637052488
1 1 46 -19,34 19,52 -157,261 1637052488
1 1 46 -19,52 19,34 -157,274 1637052489
1 1 46 -19,59 19,09 -157,231 1637052489
1 1 46 -19,52 18,84 -157,231 1637052490
1 1 46 -19,34 18,66 -157,158 1637052490
1 1 46 -19,09 18,59 -157,249 1637052491
1 1 46 -18,84 18,66 -157,237 1637052491
1 1 46 -18,66 18,84 -157,237 1637052491
1 1 47 -23,38 13,50 -157,261 1637052492
1 1 47 -22,88 13,50 -157,274 1637052493
1 1 47 -22,95 13,75 -157,267 1637052494
1 1 47 -23,13 13,93 -157,225 1637052494
1 1 47 -23,38 14,00 -157,243 1637052494
1 1 47 -23,63 13,93 -157,231 1637052495
1 1 47 -23,82 13,75 -157,219 1637052495
1 1 47 -23,88 13,50 -157,206 1637052496
1 1 47 -23,82 13,25 -157,188 1637052496
1 1 47 -23,63 13,07 -157,237 1637052497
1 1 47 -23,38 13,00 -157,188 1637052497
1 1 47 -23,13 13,07 -157,212 1637052498
1 1 47 -22,95 13,25 -157,280 1637052498
1 1 48 -26,08 6,99 -157,206 1637052499
1 1 48 -25,58 6,99 -157,267 1637052500
1 1 48 -25,65 7,24 -157,084 1637052500
1 1 48 -25,83 7,42 -157,298 1637052501
1 1 48 -26,08 7,49 -157,115 1637052501
1 1 48 -26,33 7,42 -157,188 1637052502
1 1 48 -26,51 7,24 -157,304 1637052502
1 1 48 -26,58 6,99 -157,237 1637052503
1 1 48 -26,51 6,74 -157,286 1637052503
1 1 48 -26,33 6,56 -157,274 1637052504
1 1 48 -26,08 6,49 -157,231 1637052504
1 1 48 -25,83 6,56 -157,219 1637052505
1 1 48 -25,65 6,74 -157,078 1637052505
1 1 49 -27,00 0,00 -157,176 1637052506
1 1 49 -26,50 0,00 -157,158 1637052506
1 1 49 -26,57 0,25 -157,200 1637052507
1 1 49 -26,75 0,43 -157,219 1637052507
1 1 49 -27,00 0,50 -157,219 1637052508
1 1 49 -27,25 0,43 -157,078 1637052509
1 1 49 -27,43 0,25 -157,292 1637052509
1 1 49 -27,50 0,00 -157,237 1637052510
1 1 49 -27,43 -0,25 -157,255 1637052510
1 1 49 -27,25 -0,43 -157,231 1637052510
1 1 49 -27,00 -0,50 -157,212 1637052511
1 1 49 -26,75 -0,43 -157,139 1637052512
1 1 49 -26,57 -0,25 -157,225 1637052512
1 1 50 -26,08 -6,99 -157,286 1637052513
1 1 50 -25,58 -6,99 -157,212 1637052514
1 1 50 -25,65 -6,74 -157,255 1637052514
1 1 50 -25,83 -6,56 -157,219 1637052515
1 1 50 -26,08 -6,49 -157,243 1637052515
1 1 50 -26,33 -6,56 -157,182 1637052516
1 1 50 -26,51 -6,74 -157,176 1637052516
1 1 50 -26,58 -6,99 -157,225 1637052517
1 1 50 -26,51 -7,24 -157,139 1637052517
1 1 50 -26,33 -7,42 -157,206 1637052518
1 1 50 -26,08 -7,49 -157,267 1637052518
1 1 50 -25,83 -7,42 -157,219 1637052518
1 1 50 -25,65 -7,24 -157,176 1637052519
1 1 51 -23,38 -13,50 -157,176 1637052520
1 1 51 -22,88 -13,50 -157,212 1637052520
1 1 51 -22,95 -13,25 -157,219 1637052520
1 1 51 -23,13 -13,07 -157,219 1637052521
1 1 51 -23,38 -13,00 -157,158 1637052522
1 1 51 -23,63 -13,07 -157,231 1637052522
1 1 51 -23,82 -13,25 -157,243 1637052523
1 1 51 -23,88 -13,50 -157,158 1637052523
1 1 51 -23,82 -13,75 -157,286 1637052524
1 1 51 -23,63 -13,93 -157,206 1637052524
1 1 51 -23,38 -14,00 -157,225 1637052525
1 1 51 -23,13 -13,93 -157,225 1637052525
1 1 51 -22,95 -13,75 -157,225 1637052526
1 1 52 -19,09 -19,09 -157,151 1637052526
1 1 52 -18,59 -19,09 -157,237 1637052527
1 1 52 -18,66 -18,84 -157,219 1637052528
1 1 52 -18,84 -18,66 -157,206 1637052528
1 1 52 -19,09 -18,59 -157,225 1637052528
1 1 52 -19,34 -18,66 -157,212 1637052529
1 1 52 -19,52 -18,84 -157,225 1637052529
1 1 52 -19,59 -19,09 -157,194 1637052529
1 1 52 -19,52 -19,34 -157,188 1637052530
1 1 52 -19,34 -19,52 -157,237 1637052530
1 1 52 -19,09 -19,59 -157,194 1637052531
1 1 52 -18,84 -19,52 -157,212 1637052532
1 1 52 -18,66 -19,34 -157,212 1637052532
1 1 53 -13,50 -23,38 -157,261 1637052533
1 1 53 -13,00 -23,38 -157,249 1637052534
1 1 53 -13,07 -23,13 -157,194 1637052534
1 1 53 -13,25 -22,95 -157,219 1637052535
1 1 53 -13,50 -22,88 -157,212 1637052535
1 1 53 -13,75 -22,95 -157,255 1637052536
1 1 53 -13,93 -23,13 -157,206 1637052536
1 1 53 -14,00 -23,38 -157,176 1637052537
1 1 53 -13,93 -23,63 -157,225 1637052537
1 1 53 -13,75 -23,82 -157,225 1637052538
1 1 53 -13,50 -23,88 -157,231 1637052538
1 1 53 -13,25 -23,82 -157,255 1637052539
1 1 53 -13,07 -23,63 -157,151 1637052539
1 1 54 -6,99 -26,08 -157,225 1637052540
1 1 54 -6,49 -26,08 -157,225 1637052541
1 1 54 -6,56 -25,83 -157,194 1637052541
1 1 54 -6,74 -25,65 -157,206 1637052542
1 1 54 -6,99 -25,58 -157,237 1637052542
1 1 54 -7,24 -25,65 -157,274 1637052543
1 1 54 -7,42 -25,83 -157,267 1637052543
1 1 54 -7,49 -26,08 -157,286 1637052544
1 1 54 -7,42 -26,33 -157,274 1637052544
1 1 54 -7,24 -26,51 -157,212 1637052545
1 1 54 -6,99 -26,58 -157,212 1637052545
1 1 54 -6,74 -26,51 -157,212 1637052546
1 1 54 -6,56 -26,33 -157,280 1637052546
1 1 55 -0,00 -27,00 -157,231 1637052547
1 1 55 0,50 -27,00 -157,231 1637052548
1 1 55 0,43 -26,75 -157,225 1637052548
1 1 55 0,25 -26,57 -157,261 1637052549
1 1 55 -0,00 -26,50 -157,212 1637052549
1 1 55 -0,25 -26,57 -157,261 1637052550
1 1 55 -0,43 -26,75 -157,274 1637052550
1 1 55 -0,50 -27,00 -157,249 1637052551
1 1 55 -0,43 -27,25 -157,188 1637052551
1 1 55 -0,25 -27,43 -157,249 1637052551
1 1 55 -0,00 -27,50 -157,243 1637052552
1 1 55 0,25 -27,43 -157,212 1637052553
1 1 55 0,43 -27,25 -157,243 1637052553
1 1 56 6,99 -26,08 -157,274 1637052554
1 1 56 7,49 -26,08 -157,280 1637052554
1 1 56 7,42 -25,83 -157,243 1637052555
1 1 56 7,24 -25,65 -157,274 1637052555
1 1 56 6,99 -25,58 -157,261 1637052556
1 1 56 6,74 -25,65 -157,219 1637052556
1 1 56 6,56 -25,83 -157,328 1637052556
1 1 56 6,49 -26,08 -157,249 1637052557
1 1 56 6,56 -26,33 -157,212 1637052557
1 1 56 6,74 -26,51 -157,243 1637052557
1 1 56 6,99 -26,58 -157,243 1637052558
1 1 56 7,24 -26,51 -157,274 1637052558
1 1 56 7,42 -26,33 -157,298 1637052558
1 1 57 13,50 -23,38 -157,200 1637052560
1 1 57 14,00 -23,38 -157,261 1637052560
1 1 57 13,93 -23,13 -157,225 1637052561
1 1 57 13,75 -22,95 -157,182 1637052561
1 1 57 13,50 -22,88 -157,304 1637052562
1 1 57 13,25 -22,95 -157,335 1637052562
1 1 57 13,07 -23,13 -157,182 1637052563
1 1 57 13,00 -23,38 -157,237 1637052563
1 1 57 13,07 -23,63 -157,267 1637052564
1 1 57 13,25 -23,82 -157,261 1637052564
1 1 57 13,50 -23,88 -157,243 1637052565
1 1 57 13,75 -23,82 -157,261 1637052565
1 1 57 13,93 -23,63 -157,255 1637052565
1 1 58 19,09 -19,09 -157,261 1637052566
1 1 58 19,59 -19,09 -157,225 1637052567
1 1 58 19,52 -18,84 -157,243 1637052567
1 1 58 19,34 -18,66 -157,219 1637052567
1 1 58 19,09 -18,59 -157,133 1637052568
1 1 58 18,84 -18,66 -157,212 1637052568
1 1 58 18,66 -18,84 -157,231 1637052568
1 1 58 18,59 -19,09 -157,219 1637052569
1 1 58 18,66 -19,34 -157,267 1637052569
1 1 58 18,84 -19,52 -157,133 1637052569
1 1 58 19,09 -19,59 -157,298 1637052570
1 1 58 19,34 -19,52 -157,212 1637052570
1 1 58 19,52 -19,34 -157,304 1637052571
1 1 59 23,38 -13,50 -157,158 1637052572
1 1 59 23,88 -13,50 -157,249 1637052572
1 1 59 23,82 -13,25 -157,261 1637052573
1 1 59 23,63 -13,07 -157,267 1637052573
1 1 59 23,38 -13,00 -157,280 1637052574
1 1 59 23,13 -13,07 -157,249 1637052575
1 1 59 22,95 -13,25 -157,286 1637052575
1 1 59 22,88 -13,50 -157,249 1637052575
1 1 59 22,95 -13,75 -157,212 1637052576
1 1 59 23,13 -13,93 -157,243 1637052576
1 1 59 23,38 -14,00 -157,243 1637052577
1 1 59 23,63 -13,93 -157,225 1637052578
1 1 59 23,82 -13,75 -157,255 1637052578
1 1 60 26,08 -6,99 -157,200 1637052579
1 1 60 26,58 -6,99 -157,237 1637052579
1 1 60 26,51 -6,74 -157,237 1637052580
1 1 60 26,33 -6,56 -157,219 1637052580
1 1 60 26,08 -6,49 -157,249 1637052581
1 1 60 25,83 -6,56 -157,206 1637052582
1 1 60 25,65 -6,74 -157,219 1637052582
1 1 60 25,58 -6,99 -157,274 1637052583
1 1 60 25,65 -7,24 -157,255 1637052584
1 1 60 25,83 -7,42 -157,212 1637052584
1 1 60 26,08 -7,49 -157,212 1637052585
1 1 60 26,33 -7,42 -157,225 1637052585
1 1 60 26,51 -7,24 -157,249 1637052585
2 1 1 4,24 4,24 -157,188 1637052587
2 1 1 4,74 4,24 -157,182 1637052588
2 1 1 4,68 4,49 -157,237 1637052588
2 1 1 4,49 4,68 -157,280 1637052589
2 1 1 4,24 4,74 -157,274 1637052589
2 1 1 3,99 4,68 -157,188 1637052590
2 1 1 3,81 4,49 -157,280 1637052590
2 1 1 3,74 4,24 -157,200 1637052591
2 1 1 3,81 3,99 -157,219 1637052591
2 1 1 3,99 3,81 -157,225 1637052591
2 1 1 4,24 3,74 -157,225 1637052592
2 1 1 4,49 3,81 -157,206 1637052593
2 1 1 4,68 3,99 -157,280 1637052593
2 1 2 3,36 12,56 -157,231 1637052594
2 1 2 3,86 12,56 -157,225 1637052595
2 1 2 3,80 12,81 -157,231 1637052595
2 1 2 3,61 12,99 -157,225 1637052595
2 1 2 3,36 13,06 -157,267 1637052596
2 1 2 3,11 12,99 -157,200 1637052596
2 1 2 2,93 12,81 -157,206 1637052597
2 1 2 2,86 12,56 -157,219 1637052597
2 1 2 2,93 12,31 -157,164 1637052598
2 1 2 3,11 12,12 -157,261 1637052598
2 1 2 3,36 12,06 -157,212 1637052599
2 1 2 3,61 12,12 -157,151 1637052599
2 1 2 3,80 12,31 -157,316 1637052599
2 1 3 9,19 9,19 -157,231 1637052600
2 1 3 9,69 9,19 -157,188 1637052601
2 1 3 9,63 9,44 -157,188 1637052602
2 1 3 9,44 9,63 -157,212 1637052602
2 1 3 9,19 9,69 -157,182 1637052603
2 1 3 8,94 9,63 -157,267 1637052603
2 1 3 8,76 9,44 -157,194 1637052603
2 1 3 8,69 9,19 -157,298 1637052604
2 1 3 8,76 8,94 -157,109 1637052605
2 1 3 8,94 8,76 -157,243 1637052605
2 1 3 9,19 8,69 -157,188 1637052606
2 1 3 9,44 8,76 -157,206 1637052606
2 1 3 9,63 8,94 -157,194 1637052606
2 1 4 12,56 3,36 -157,231 1637052607
2 1 4 13,06 3,36 -157,164 1637052608
2 1 4 12,99 3,61 -157,206 1637052608
2 1 4 12,81 3,80 -157,212 1637052609
2 1 4 12,56 3,86 -157,188 1637052609
2 1 4 12,31 3,80 -157,280 1637052610
2 1 4 12,12 3,61 -157,212 1637052610
2 1 4 12,06 3,36 -157,188 1637052611
2 1 4 12,12 3,11 -157,261 1637052611
2 1 4 12,31 2,93 -157,109 1637052612
2 1 4 12,56 2,86 -157,328 1637052612
2 1 4 12,81 2,93 -157,170 1637052613
2 1 4 12,99 3,11 -157,243 1637052613
2 1 5 19,32 5,18 -157,206 1637052614
2 1 5 19,82 5,18 -157,212 1637052614
2 1 5 19,75 5,43 -157,280 1637052615
2 1 5 19,57 5,61 -157,261 1637052615
2 1 5 19,32 5,68 -157,219 1637052616
2 1 5 19,07 5,61 -157,151 1637052617
2 1 5 18,89 5,43 -157,249 1637052617
2 1 5 18,82 5,18 -157,194 1637052617
2 1 5 18,89 4,93 -157,237 1637052618
2 1 5 19,07 4,74 -157,127 1637052618
2 1 5 19,32 4,68 -157,188 1637052619
2 1 5 19,57 4,74 -157,274 1637052619
2 1 5 19,75 4,93 -157,255 1637052619
2 1 6 17,32 10,00 -157,237 1637052620
2 1 6 17,82 10,00 -157,200 1637052621
2 1 6 17,75 10,25 -157,212 1637052621
2 1 6 17,57 10,43 -157,243 1637052621
2 1 6 17,32 10,50 -157,200 1637052622
2 1 6 17,07 10,43 -157,170 1637052622
2 1 6 16,89 10,25 -157,237 1637052623
2 1 6 16,82 10,00 -157,212 1637052623
2 1 6 16,89 9,75 -157,200 1637052624
2 1 6 17,07 9,57 -157,243 1637052624
2 1 6 17,32 9,50 -157,225 1637052625
2 1 6 17,57 9,57 -157,261 1637052625
2 1 6 17,75 9,75 -157,212 1637052625
2 1 7 14,14 14,14 -157,109 1637052626
2 1 7 14,64 14,14 -157,219 1637052627
2 1 7 14,58 14,39 -157,206 1637052627
2 1 7 14,39 14,58 -157,255 1637052628
2 1 7 14,14 14,64 -157,194 1637052628
2 1 7 13,89 14,58 -157,194 1637052629
2 1 7 13,71 14,39 -157,225 1637052629
2 1 7 13,64 14,14 -157,188 1637052630
2 1 7 13,71 13,89 -157,237 1637052630
2 1 7 13,89 13,71 -157,194 1637052630
2 1 7 14,14 13,64 -157,182 1637052631
2 1 7 14,39 13,71 -157,188 1637052632
2 1 7 14,58 13,89 -157,255 1637052632
2 1 8 10,00 17,32 -157,267 1637052633
2 1 8 10,50 17,32 -157,231 1637052634
2 1 8 10,43 17,57 -157,188 1637052634
2 1 8 10,25 17,75 -157,274 1637052635
2 1 8 10,00 17,82 -157,164 1637052635
2 1 8 9,75 17,75 -157,219 1637052636
2 1 8 9,57 17,57 -157,249 1637052636
2 1 8 9,50 17,32 -157,194 1637052637
2 1 8 9,57 17,07 -157,225 1637052637
2 1 8 9,75 16,89 -157,219 1637052638
2 1 8 10,00 16,82 -157,212 1637052638
2 1 8 10,25 16,89 -157,188 1637052639
2 1 8 10,43 17,07 -157,237 1637052639
2 1 9 5,18 19,32 -157,194 1637052640
2 1 9 5,68 19,32 -157,261 1637052640
2 1 9 5,61 19,57 -157,243 1637052641
2 1 9 5,43 19,75 -157,200 1637052642
2 1 9 5,18 19,82 -157,243 1637052642
2 1 9 4,93 19,75 -157,231 1637052643
2 1 9 4,74 19,57 -157,139 1637052643
2 1 9 4,68 19,32 -157,188 1637052644
2 1 9 4,74 19,07 -157,127 1637052644
2 1 9 4,93 18,89 -157,200 1637052644
2 1 9 5,18 18,82 -157,267 1637052645
2 1 9 5,43 18,89 -157,231 1637052646
2 1 9 5,61 19,07 -157,219 1637052646
2 1 10 -5,18 19,32 -157,231 1637052647
2 1 10 -4,68 19,32 -157,255 1637052648
2 1 10 -4,74 19,57 -157,261 1637052648
2 1 10 -4,93 19,75 -157,176 1637052648
2 1 10 -5,18 19,82 -157,219 1637052649
2 1 10 -5,43 19,75 -157,243 1637052650
2 1 10 -5,61 19,57 -157,133 1637052650
2 1 10 -5,68 19,32 -157,225 1637052651
2 1 10 -5,61 19,07 -157,298 1637052651
2 1 10 -5,43 18,89 -157,170 1637052651
2 1 10 -5,18 18,82 -157,212 1637052652
2 1 10 -4,93 18,89 -157,194 1637052653
2 1 10 -4,74 19,07 -157,206 1637052653
2 1 11 -10,00 17,32 -157,188 1637052654
2 1 11 -9,50 17,32 -157,212 1637052654
2 1 11 -9,57 17,57 -157,267 1637052655
2 1 11 -9,75 17,75 -157,219 1637052655
2 1 11 -10,00 17,82 -157,261 1637052656
2 1 11 -10,25 17,75 -157,219 1637052656
2 1 11 -10,43 17,57 -157,188 1637052656
2 1 11 -10,50 17,32 -157,212 1637052657
2 1 11 -10,43 17,07 -157,158 1637052658
2 1 11 -10,25 16,89 -157,267 1637052658
2 1 11 -10,00 16,82 -157,206 1637052658
2 1 11 -9,75 16,89 -157,225 1637052659
2 1 11 -9,57 17,07 -157,261 1637052659
2 1 12 -14,14 14,14 -157,212 1637052660
2 1 12 -13,64 14,14 -157,206 1637052661
2 1 12 -13,71 14,39 -157,243 1637052661
2 1 12 -13,89 14,58 -157,225 1637052661
2 1 12 -14,14 14,64 -157,212 1637052662
2 1 12 -14,39 14,58 -157,225 1637052663
2 1 12 -14,58 14,39 -157,225 1637052663
2 1 12 -14,64 14,14 -157,231 1637052663
2 1 12 -14,58 13,89 -157,133 1637052664
2 1 12 -14,39 13,71 -157,212 1637052664
2 1 12 -14,14 13,64 -157,212 1637052665
2 1 12 -13,89 13,71 -157,219 1637052666
2 1 12 -13,71 13,89 -157,231 1637052666
2 1 13 -17,32 10,00 -157,200 1637052667
2 1 13 -16,82 10,00 -157,280 1637052667
2 1 13 -16,89 10,25 -157,212 1637052667
2 1 13 -17,07 10,43 -157,267 1637052668
2 1 13 -17,32 10,50 -157,249 1637052669
2 1 13 -17,57 10,43 -157,225 1637052669
2 1 13 -17,75 10,25 -157,249 1637052670
2 1 13 -17,82 10,00 -157,170 1637052670
2 1 13 -17,75 9,75 -157,231 1637052671
2 1 13 -17,57 9,57 -157,225 1637052671
2 1 13 -17,32 9,50 -157,170 1637052672
2 1 13 -17,07 9,57 -157,212 1637052672
2 1 13 -16,89 9,75 -157,200 1637052673
2 1 14 -19,32 5,18 -157,243 1637052673
2 1 14 -18,82 5,18 -157,212 1637052674
2 1 14 -18,89 5,43 -157,212 1637052675
2 1 14 -19,07 5,61 -157,188 1637052675
2 1 14 -19,32 5,68 -157,237 1637052676
2 1 14 -19,57 5,61 -157,164 1637052676
2 1 14 -19,75 5,43 -157,243 1637052677
2 1 14 -19,82 5,18 -157,151 1637052677
2 1 14 -19,75 4,93 -157,188 1637052678
2 1 14 -19,57 4,74 -157,243 1637052678
2 1 14 -19,32 4,68 -157,206 1637052679
2 1 14 -19,07 4,74 -157,292 1637052679
2 1 14 -18,89 4,93 -157,237 1637052679
2 1 15 -12,56 3,36 -157,219 1637052680
2 1 15 -12,06 3,36 -157,164 1637052681
2 1 15 -12,12 3,61 -157,212 1637052682
2 1 15 -12,31 3,80 -157,188 1637052682
2 1 15 -12,56 3,86 -157,231 1637052683
2 1 15 -12,81 3,80 -157,158 1637052683
2 1 15 -12,99 3,61 -157,261 1637052684
2 1 15 -13,06 3,36 -157,261 1637052684
2 1 15 -12,99 3,11 -157,231 1637052685
2 1 15 -12,81 2,93 -157,237 1637052685
2 1 15 -12,56 2,86 -157,212 1637052685
2 1 15 -12,31 2,93 -157,261 1637052686
2 1 15 -12,12 3,11 -157,176 1637052686
2 1 16 -9,19 9,19 -157,188 1637052687
2 1 16 -8,69 9,19 -157,267 1637052688
2 1 16 -8,76 9,44 -157,267 1637052688
2 1 16 -8,94 9,63 -157,164 1637052689
2 1 16 -9,19 9,69 -157,219 1637052689
2 1 16 -9,44 9,63 -157,225 1637052690
2 1 16 -9,63 9,44 -157,286 1637052690
2 1 16 -9,69 9,19 -157,170 1637052691
2 1 16 -9,63 8,94 -157,194 1637052691
2 1 16 -9,44 8,76 -157,261 1637052692
2 1 16 -9,19 8,69 -157,231 1637052692
2 1 16 -8,94 8,76 -157,212 1637052693
2 1 16 -8,76 8,94 -157,243 1637052693
2 1 17 -3,36 12,56 -157,243 1637052694
2 1 17 -2,86 12,56 -157,243 1637052695
2 1 17 -2,93 12,81 -157,249 1637052695
2 1 17 -3,11 12,99 -157,219 1637052695
2 1 17 -3,36 13,06 -157,249 1637052696
2 1 17 -3,61 12,99 -157,225 1637052697
2 1 17 -3,80 12,81 -157,267 1637052697
2 1 17 -3,86 12,56 -157,249 1637052697
2 1 17 -3,80 12,31 -157,243 1637052698
2 1 17 -3,61 12,12 -157,206 1637052698
2 1 17 -3,36 12,06 -157,231 1637052698
2 1 17 -3,11 12,12 -157,212 1637052699
2 1 17 -2,93 12,31 -157,249 1637052699
2 1 18 -4,24 4,24 -157,261 1637052700
2 1 18 -3,74 4,24 -157,158 1637052701
2 1 18 -3,81 4,49 -157,145 1637052702
2 1 18 -3,99 4,68 -157,219 1637052702
2 1 18 -4,24 4,74 -157,267 1637052702
2 1 18 -4,49 4,68 -157,237 1637052703
2 1 18 -4,68 4,49 -157,200 1637052703
2 1 18 -4,74 4,24 -157,286 1637052704
2 1 18 -4,68 3,99 -157,286 1637052704
2 1 18 -4,49 3,81 -157,267 1637052705
2 1 18 -4,24 3,74 -157,255 1637052705
2 1 18 -3,99 3,81 -157,121 1637052706
2 1 18 -3,81 3,99 -157,274 1637052706
2 1 19 -4,24 -4,24 -157,194 1637052707
2 1 19 -3,74 -4,24 -157,219 1637052708
2 1 19 -3,81 -3,99 -157,261 1637052708
2 1 19 -3,99 -3,81 -157,225 1637052708
2 1 19 -4,24 -3,74 -157,261 1637052709
2 1 19 -4,49 -3,81 -157,164 1637052710
2 1 19 -4,68 -3,99 -157,249 1637052710
2 1 19 -4,74 -4,24 -157,231 1637052710
2 1 19 -4,68 -4,49 -157,243 1637052711
2 1 19 -4,49 -4,68 -157,231 1637052711
2 1 19 -4,24 -4,74 -157,206 1637052712
2 1 19 -3,99 -4,68 -157,261 1637052712
2 1 19 -3,81 -4,49 -157,231 1637052713
2 1 20 -3,36 -12,56 -157,231 1637052714
2 1 20 -2,86 -12,56 -157,096 1637052714
2 1 20 -2,93 -12,31 -157,212 1637052715
2 1 20 -3,11 -12,12 -157,225 1637052715
2 1 20 -3,36 -12,06 -157,188 1637052716
2 1 20 -3,61 -12,12 -157,231 1637052716
2 1 20 -3,80 -12,31 -157,212 1637052717
2 1 20 -3,86 -12,56 -157,261 1637052717
2 1 20 -3,80 -12,81 -157,200 1637052718
2 1 20 -3,61 -12,99 -157,267 1637052718
2 1 20 -3,36 -13,06 -157,267 1637052719
2 1 20 -3,11 -12,99 -157,249 1637052720
2 1 20 -2,93 -12,81 -157,182 1637052720
2 1 21 -9,19 -9,19 -157,219 1637052721
2 1 21 -8,69 -9,19 -157,249 1637052721
2 1 21 -8,76 -8,94 -157,188 1637052721
2 1 21 -8,94 -8,76 -157,139 1637052722
2 1 21 -9,19 -8,69 -157,298 1637052722
2 1 21 -9,44 -8,76 -157,237 1637052722
2 1 21 -9,63 -8,94 -157,243 1637052723
2 1 21 -9,69 -9,19 -157,261 1637052723
2 1 21 -9,63 -9,44 -157,231 1637052724
2 1 21 -9,44 -9,63 -157,206 1637052724
2 1 21 -9,19 -9,69 -157,158 1637052725
2 1 21 -8,94 -9,63 -157,225 1637052725
2 1 21 -8,76 -9,44 -157,188 1637052726
2 1 22 -12,56 -3,36 -157,176 1637052726
2 1 22 -12,06 -3,36 -157,212 1637052727
2 1 22 -12,12 -3,11 -157,212 1637052727
2 1 22 -12,31 -2,93 -157,151 1637052728
2 1 22 -12,56 -2,86 -157,219 1637052729
2 1 22 -12,81 -2,93 -157,194 1637052729
2 1 22 -12,99 -3,11 -157,243 1637052729
2 1 22 -13,06 -3,36 -157,188 1637052730
2 1 22 -12,99 -3,61 -157,206 1637052731
2 1 22 -12,81 -3,80 -157,286 1637052731
2 1 22 -12,56 -3,86 -157,225 1637052731
2 1 22 -12,31 -3,80 -157,225 1637052732
2 1 22 -12,12 -3,61 -157,212 1637052732
2 1 23 -19,32 -5,18 -157,243 1637052733
2 1 23 -18,82 -5,18 -157,158 1637052734
2 1 23 -18,89 -4,93 -157,225 1637052734
2 1 23 -19,07 -4,74 -157,188 1637052734
2 1 23 -19,32 -4,68 -157,176 1637052735
2 1 23 -19,57 -4,74 -157,200 1637052735
2 1 23 -19,75 -4,93 -157,206 1637052735
2 1 23 -19,82 -5,18 -157,164 1637052736
2 1 23 -19,75 -5,43 -157,158 1637052736
2 1 23 -19,57 -5,61 -157,225 1637052736
2 1 23 -19,32 -5,68 -157,182 1637052737
2 1 23 -19,07 -5,61 -157,298 1637052737
2 1 23 -18,89 -5,43 -157,139 1637052738
2 1 24 -17,32 -10,00 -157,255 1637052738
2 1 24 -16,82 -10,00 -157,304 1637052739
2 1 24 -16,89 -9,75 -157,219 1637052740
2 1 24 -17,07 -9,57 -157,225 1637052740
2 1 24 -17,32 -9,50 -157,158 1637052741
2 1 24 -17,57 -9,57 -157,164 1637052741
2 1 24 -17,75 -9,75 -157,249 1637052742
2 1 24 -17,82 -10,00 -157,182 1637052742
2 1 24 -17,75 -10,25 -157,341 1637052743
2 1 24 -17,57 -10,43 -157,225 1637052743
2 1 24 -17,32 -10,50 -157,261 1637052744
2 1 24 -17,07 -10,43 -157,188 1637052744
2 1 24 -16,89 -10,25 -157,286 1637052745
2 1 25 -14,14 -14,14 -157,249 1637052746
2 1 25 -13,64 -14,14 -157,212 1637052746
2 1 25 -13,71 -13,89 -157,212 1637052747
2 1 25 -13,89 -13,71 -157,188 1637052747
2 1 25 -14,14 -13,64 -157,200 1637052748
2 1 25 -14,39 -13,71 -157,212 1637052748
2 1 25 -14,58 -13,89 -157,225 1637052749
2 1 25 -14,64 -14,14 -157,255 1637052749
2 1 25 -14,58 -14,39 -157,292 1637052750
2 1 25 -14,39 -14,58 -157,151 1637052750
2 1 25 -14,14 -14,64 -157,255 1637052750
2 1 25 -13,89 -14,58 -157,231 1637052751
2 1 25 -13,71 -14,39 -157,212 1637052751
2 1 26 -10,00 -17,32 -157,212 1637052752
2 1 26 -9,50 -17,32 -157,176 1637052752
2 1 26 -9,57 -17,07 -157,225 1637052753
2 1 26 -9,75 -16,89 -157,212 1637052753
2 1 26 -10,00 -16,82 -157,188 1637052754
2 1 26 -10,25 -16,89 -157,182 1637052755
2 1 26 -10,43 -17,07 -157,286 1637052755
2 1 26 -10,50 -17,32 -157,188 1637052755
2 1 26 -10,43 -17,57 -157,188 1637052756
2 1 26 -10,25 -17,75 -157,255 1637052756
2 1 26 -10,00 -17,82 -157,219 1637052757
2 1 26 -9,75 -17,75 -157,170 1637052757
2 1 26 -9,57 -17,57 -157,280 1637052758
2 1 27 -5,18 -19,32 -157,212 1637052758
2 1 27 -4,68 -19,32 -157,212 1637052759
2 1 27 -4,74 -19,07 -157,231 1637052760
2 1 27 -4,93 -18,89 -157,188 1637052760
2 1 27 -5,18 -18,82 -157,206 1637052760
2 1 27 -5,43 -18,89 -157,206 1637052761
2 1 27 -5,61 -19,07 -157,212 1637052761
2 1 27 -5,68 -19,32 -157,188 1637052762
2 1 27 -5,61 -19,57 -157,243 1637052763
2 1 27 -5,43 -19,75 -157,249 1637052763
2 1 27 -5,18 -19,82 -157,133 1637052764
2 1 27 -4,93 -19,75 -157,145 1637052764
2 1 27 -4,74 -19,57 -157,267 1637052764
2 1 28 5,18 -19,32 -157,237 1637052765
2 1 28 5,68 -19,32 -157,231 1637052766
2 1 28 5,61 -19,07 -157,231 1637052767
2 1 28 5,43 -18,89 -157,249 1637052767
2 1 28 5,18 -18,82 -157,261 1637052768
2 1 28 4,93 -18,89 -157,212 1637052768
2 1 28 4,74 -19,07 -157,212 1637052769
2 1 28 4,68 -19,32 -157,243 1637052769
2 1 28 4,74 -19,57 -157,158 1637052770
2 1 28 4,93 -19,75 -157,188 1637052770
2 1 28 5,18 -19,82 -157,212 1637052771
2 1 28 5,43 -19,75 -157,267 1637052771
2 1 28 5,61 -19,57 -157,188 1637052771
2 1 29 10,00 -17,32 -157,328 1637052772
2 1 29 10,50 -17,32 -157,298 1637052773
2 1 29 10,43 -17,07 -157,249 1637052774
2 1 29 10,25 -16,89 -157,237 1637052774
2 1 29 10,00 -16,82 -157,267 1637052775
2 1 29 9,75 -16,89 -157,249 1637052775
2 1 29 9,57 -17,07 -157,274 1637052775
2 1 29 9,50 -17,32 -157,274 1637052776
2 1 29 9,57 -17,57 -157,194 1637052777
2 1 29 9,75 -17,75 -157,243 1637052777
2 1 29 10,00 -17,82 -157,255 1637052777
2 1 29 10,25 -17,75 -157,225 1637052778
2 1 29 10,43 -17,57 -157,231 1637052778
2 1 30 14,14 -14,14 -157,292 1637052779
2 1 30 14,64 -14,14 -157,292 1637052779
2 1 30 14,58 -13,89 -157,292 1637052780
2 1 30 14,39 -13,71 -157,188 1637052780
2 1 30 14,14 -13,64 -157,237 1637052781
2 1 30 13,89 -13,71 -157,243 1637052781
2 1 30 13,71 -13,89 -157,206 1637052782
2 1 30 13,64 -14,14 -157,249 1637052782
2 1 30 13,71 -14,39 -157,225 1637052783
2 1 30 13,89 -14,58 -157,212 1637052783
2 1 30 14,14 -14,64 -157,225 1637052784
2 1 30 14,39 -14,58 -157,292 1637052785
2 1 30 14,58 -14,39 -157,249 1637052785
2 1 31 17,32 -10,00 -157,274 1637052786
2 1 31 17,82 -10,00 -157,170 1637052786
2 1 31 17,75 -9,75 -157,298 1637052786
2 1 31 17,57 -9,57 -157,274 1637052787
2 1 31 17,32 -9,50 -157,304 1637052788
2 1 31 17,07 -9,57 -157,267 1637052788
2 1 31 16,89 -9,75 -157,219 1637052788
2 1 31 16,82 -10,00 -157,243 1637052789
2 1 31 16,89 -10,25 -157,267 1637052789
2 1 31 17,07 -10,43 -157,225 1637052789
2 1 31 17,32 -10,50 -157,261 1637052790
2 1 31 17,57 -10,43 -157,280 1637052790
2 1 31 17,75 -10,25 -157,212 1637052791
2 1 32 19,32 -5,18 -157,225 1637052792
2 1 32 19,82 -5,18 -157,188 1637052792
2 1 32 19,75 -4,93 -157,267 1637052793
2 1 32 19,57 -4,74 -157,280 1637052793
2 1 32 19,32 -4,68 -157,194 1637052793
2 1 32 19,07 -4,74 -157,219 1637052794
2 1 32 18,89 -4,93 -157,243 1637052794
2 1 32 18,82 -5,18 -157,237 1637052795
2 1 32 18,89 -5,43 -157,286 1637052795
2 1 32 19,07 -5,61 -157,261 1637052795
2 1 32 19,32 -5,68 -157,219 1637052796
2 1 32 19,57 -5,61 -157,212 1637052796
2 1 32 19,75 -5,43 -157,158 1637052797
2 1 33 12,56 -3,36 -157,212 1637052798
2 1 33 13,06 -3,36 -157,158 1637052798
2 1 33 12,99 -3,11 -157,176 1637052799
2 1 33 12,81 -2,93 -157,212 1637052799
2 1 33 12,56 -2,86 -157,255 1637052800
2 1 33 12,31 -2,93 -157,231 1637052801
2 1 33 12,12 -3,11 -157,200 1637052801
2 1 33 12,06 -3,36 -157,225 1637052801
2 1 33 12,12 -3,61 -157,243 1637052802
2 1 33 12,31 -3,80 -157,237 1637052802
2 1 33 12,56 -3,86 -157,261 1637052803
2 1 33 12,81 -3,80 -157,249 1637052803
2 1 33 12,99 -3,61 -157,225 1637052804
2 1 34 9,19 -9,19 -157,261 1637052804
2 1 34 9,69 -9,19 -157,225 1637052805
2 1 34 9,63 -8,94 -157,249 1637052806
2 1 34 9,44 -8,76 -157,219 1637052806
2 1 34 9,19 -8,69 -157,225 1637052807
2 1 34 8,94 -8,76 -157,298 1637052807
2 1 34 8,76 -8,94 -157,212 1637052807
2 1 34 8,69 -9,19 -157,249 1637052808
2 1 34 8,76 -9,44 -157,261 1637052809
2 1 34 8,94 -9,63 -157,255 1637052809
2 1 34 9,19 -9,69 -157,286 1637052810
2 1 34 9,44 -9,63 -157,188 1637052810
2 1 34 9,63 -9,44 -157,182 1637052811
2 1 35 3,36 -12,56 -157,182 1637052811
2 1 35 3,86 -12,56 -157,219 1637052812
2 1 35 3,80 -12,31 -157,225 1637052812
2 1 35 3,61 -12,12 -157,225 1637052812
2 1 35 3,36 -12,06 -157,170 1637052813
2 1 35 3,11 -12,12 -157,158 1637052813
2 1 35 2,93 -12,31 -157,219 1637052813
2 1 35 2,86 -12,56 -157,237 1637052814
2 1 35 2,93 -12,81 -157,274 1637052814
2 1 35 3,11 -12,99 -157,231 1637052814
2 1 35 3,36 -13,06 -157,249 1637052815
2 1 35 3,61 -12,99 -157,170 1637052816
2 1 35 3,80 -12,81 -157,274 1637052816
2 1 36 4,24 -4,24 -157,182 1637052817
2 1 36 4,74 -4,24 -157,188 1637052818
2 1 36 4,68 -3,99 -157,151 1637052818
2 1 36 4,49 -3,81 -157,267 1637052819
2 1 36 4,24 -3,74 -157,225 1637052819
2 1 36 3,99 -3,81 -157,206 1637052820
2 1 36 3,81 -3,99 -157,249 1637052820
2 1 36 3,74 -4,24 -157,188 1637052820
2 1 36 3,81 -4,49 -157,298 1637052821
2 1 36 3,99 -4,68 -157,200 1637052821
2 1 36 4,24 -4,74 -157,158 1637052822
2 1 36 4,49 -4,68 -157,243 1637052822
2 1 36 4,68 -4,49 -157,212 1637052823
2 1 37 27,00 0,00 -157,121 1637052824
2 1 37 27,50 0,00 -157,219 1637052825
2 1 37 27,43 0,25 -157,304 1637052825
2 1 37 27,25 0,43 -157,145 1637052826
2 1 37 27,00 0,50 -157,231 1637052826
2 1 37 26,75 0,43 -157,249 1637052827
2 1 37 26,57 0,25 -157,170 1637052828
2 1 37 26,50 0,00 -157,158 1637052828
2 1 37 26,57 -0,25 -157,115 1637052829
2 1 37 26,75 -0,43 -157,225 1637052829
2 1 37 27,00 -0,50 -157,225 1637052830
2 1 37 27,25 -0,43 -157,255 1637052830
2 1 37 27,43 -0,25 -157,200 1637052830
2 1 38 26,08 6,99 -157,048 1637052831
2 1 38 26,58 6,99 -157,145 1637052832
2 1 38 26,51 7,24 -157,121 1637052833
2 1 38 26,33 7,42 -157,212 1637052833
2 1 38 26,08 7,49 -157,096 1637052833
2 1 38 25,83 7,42 -157,212 1637052834
2 1 38 25,65 7,24 -157,212 1637052834
2 1 38 25,58 6,99 -157,133 1637052835
2 1 38 25,65 6,74 -157,176 1637052835
2 1 38 25,83 6,56 -157,188 1637052836
2 1 38 26,08 6,49 -157,170 1637052836
2 1 38 26,33 6,56 -157,298 1637052837
2 1 38 26,51 6,74 -157,261 1637052837
2 1 39 23,38 13,50 -157,151 1637052838
2 1 39 23,88 13,50 -157,249 1637052839
2 1 39 23,82 13,75 -157,212 1637052840
2 1 39 23,63 13,93 -157,188 1637052840
2 1 39 23,38 14,00 -157,231 1637052840
2 1 39 23,13 13,93 -157,219 1637052841
2 1 39 22,95 13,75 -157,267 1637052841
2 1 39 22,88 13,50 -157,231 1637052842
2 1 39 22,95 13,25 -157,206 1637052842
2 1 39 23,13 13,07 -157,249 1637052842
2 1 39 23,38 13,00 -157,188 1637052843
2 1 39 23,63 13,07 -157,255 1637052843
2 1 39 23,82 13,25 -157,237 1637052843
2 1 40 19,09 19,09 -157,164 1637052844
2 1 40 19,59 19,09 -157,164 1637052845
2 1 40 19,52 19,34 -157,194 1637052846
2 1 40 19,34 19,52 -157,206 1637052846
2 1 40 19,09 19,59 -157,255 1637052847
2 1 40 18,84 19,52 -157,170 1637052847
2 1 40 18,66 19,34 -157,206 1637052848
2 1 40 18,59 19,09 -157,212 1637052848
2 1 40 18,66 18,84 -157,194 1637052849
2 1 40 18,84 18,66 -157,194 1637052849
2 1 40 19,09 18,59 -157,219 1637052850
2 1 40 19,34 18,66 -157,219 1637052850
2 1 40 19,52 18,84 -157,219 1637052851
2 1 41 13,50 23,38 -157,219 1637052852
2 1 41 14,00 23,38 -157,103 1637052852
2 1 41 13,93 23,63 -157,243 1637052853
2 1 41 13,75 23,82 -157,231 1637052853
2 1 41 13,50 23,88 -157,219 1637052854
2 1 41 13,25 23,82 -157,261 1637052855
2 1 41 13,07 23,63 -157,170 1637052855
2 1 41 13,00 23,38 -157,206 1637052856
2 1 41 13,07 23,13 -157,188 1637052856
2 1 41 13,25 22,95 -157,176 1637052856
2 1 41 13,50 22,88 -157,194 1637052857
2 1 41 13,75 22,95 -157,170 1637052858
2 1 41 13,93 23,13 -157,219 1637052858
2 1 42 6,99 26,08 -157,200 1637052859
2 1 42 7,49 26,08 -157,255 1637052859
2 1 42 7,42 26,33 -157,225 1637052860
2 1 42 7,24 26,51 -157,219 1637052860
2 1 42 6,99 26,58 -157,212 1637052861
2 1 42 6,74 26,51 -157,194 1637052862
2 1 42 6,56 26,33 -157,206 1637052862
2 1 42 6,49 26,08 -157,267 1637052862
2 1 42 6,56 25,83 -157,212 1637052863
2 1 42 6,74 25,65 -157,139 1637052863
2 1 42 6,99 25,58 -157,328 1637052864
2 1 42 7,24 25,65 -157,206 1637052864
2 1 42 7,42 25,83 -157,194 1637052865
2 1 43 0,00 27,00 -157,188 1637052866
2 1 43 0,50 27,00 -157,243 1637052866
2 1 43 0,43 27,25 -157,237 1637052867
2 1 43 0,25 27,43 -157,206 1637052867
2 1 43 0,00 27,50 -157,225 1637052868
2 1 43 -0,25 27,43 -157,225 1637052868
2 1 43 -0,43 27,25 -157,200 1637052869
2 1 43 -0,50 27,00 -157,212 1637052869
2 1 43 -0,43 26,75 -157,231 1637052870
2 1 43 -0,25 26,57 -157,243 1637052870
2 1 43 0,00 26,50 -157,188 1637052871
2 1 43 0,25 26,57 -157,225 1637052871
2 1 43 0,43 26,75 -157,243 1637052872
2 1 44 -6,99 26,08 -157,188 1637052873
2 1 44 -6,49 26,08 -157,286 1637052873
2 1 44 -6,56 26,33 -157,212 1637052874
2 1 44 -6,74 26,51 -157,231 1637052874
2 1 44 -6,99 26,58 -157,212 1637052875
2 1 44 -7,24 26,51 -157,164 1637052875
2 1 44 -7,42 26,33 -157,225 1637052876
2 1 44 -7,49 26,08 -157,280 1637052876
2 1 44 -7,42 25,83 -157,243 1637052877
2 1 44 -7,24 25,65 -157,133 1637052877
2 1 44 -6,99 25,58 -157,249 1637052878
2 1 44 -6,74 25,65 -157,212 1637052878
2 1 44 -6,56 25,83 -157,243 1637052879
2 1 45 -13,50 23,38 -157,127 1637052880
2 1 45 -13,00 23,38 -157,158 1637052880
2 1 45 -13,07 23,63 -157,255 1637052881
2 1 45 -13,25 23,82 -157,231 1637052881
2 1 45 -13,50 23,88 -157,182 1637052882
2 1 45 -13,75 23,82 -157,225 1637052882
2 1 45 -13,93 23,63 -157,255 1637052882
2 1 45 -14,00 23,38 -157,286 1637052883
2 1 45 -13,93 23,13 -157,194 1637052884
2 1 45 -13,75 22,95 -157,237 1637052884
2 1 45 -13,50 22,88 -157,225 1637052884
2 1 45 -13,25 22,95 -157,249 1637052885
2 1 45 -13,07 23,13 -157,188 1637052885
2 1 46 -19,09 19,09 -157,219 1637052886
2 1 46 -18,59 19,09 -157,237 1637052887
2 1 46 -18,66 19,34 -157,267 1637052887
2 1 46 -18,84 19,52 -157,182 1637052887
2 1 46 -19,09 19,59 -157,267 1637052888
2 1 46 -19,34 19,52 -157,261 1637052888
2 1 46 -19,52 19,34 -157,274 1637052889
2 1 46 -19,59 19,09 -157,237 1637052889
2 1 46 -19,52 18,84 -157,231 1637052890
2 1 46 -19,34 18,66 -157,158 1637052890
2 1 46 -19,09 18,59 -157,243 1637052891
2 1 46 -18,84 18,66 -157,243 1637052891
2 1 46 -18,66 18,84 -157,237 1637052892
2 1 47 -23,38 13,50 -157,261 1637052892
2 1 47 -22,88 13,50 -157,274 1637052893
2 1 47 -22,95 13,75 -157,267 1637052894
2 1 47 -23,13 13,93 -157,225 1637052894
2 1 47 -23,38 14,00 -157,243 1637052894
2 1 47 -23,63 13,93 -157,231 1637052895
2 1 47 -23,82 13,75 -157,225 1637052895
2 1 47 -23,88 13,50 -157,212 1637052896
2 1 47 -23,82 13,25 -157,188 1637052897
2 1 47 -23,63 13,07 -157,243 1637052897
2 1 47 -23,38 13,00 -157,188 1637052898
2 1 47 -23,13 13,07 -157,206 1637052898
2 1 47 -22,95 13,25 -157,280 1637052898
2 1 48 -26,08 6,99 -157,206 1637052899
2 1 48 -25,58 6,99 -157,267 1637052900
2 1 48 -25,65 7,24 -157,084 1637052901
2 1 48 -25,83 7,42 -157,292 1637052901
2 1 48 -26,08 7,49 -157,109 1637052901
2 1 48 -26,33 7,42 -157,182 1637052902
2 1 48 -26,51 7,24 -157,310 1637052902
2 1 48 -26,58 6,99 -157,237 1637052903
2 1 48 -26,51 6,74 -157,286 1637052903
2 1 48 -26,33 6,56 -157,274 1637052904
2 1 48 -26,08 6,49 -157,231 1637052904
2 1 48 -25,83 6,56 -157,212 1637052905
2 1 48 -25,65 6,74 -157,072 1637052905
2 1 49 -27,00 0,00 -157,176 1637052906
2 1 49 -26,50 0,00 -157,151 1637052906
2 1 49 -26,57 0,25 -157,206 1637052907
2 1 49 -26,75 0,43 -157,219 1637052907
2 1 49 -27,00 0,50 -157,225 1637052907
2 1 49 -27,25 0,43 -157,072 1637052908
2 1 49 -27,43 0,25 -157,298 1637052908
2 1 49 -27,50 0,00 -157,231 1637052909
2 1 49 -27,43 -0,25 -157,255 1637052910
2 1 49 -27,25 -0,43 -157,225 1637052910
2 1 49 -27,00 -0,50 -157,212 1637052910
2 1 49 -26,75 -0,43 -157,145 1637052911
2 1 49 -26,57 -0,25 -157,225 1637052911
2 1 50 -26,08 -6,99 -157,286 1637052912
2 1 50 -25,58 -6,99 -157,206 1637052913
2 1 50 -25,65 -6,74 -157,261 1637052913
2 1 50 -25,83 -6,56 -157,219 1637052914
2 1 50 -26,08 -6,49 -157,243 1637052914
2 1 50 -26,33 -6,56 -157,176 1637052915
2 1 50 -26,51 -6,74 -157,182 1637052915
2 1 50 -26,58 -6,99 -157,225 1637052916
2 1 50 -26,51 -7,24 -157,145 1637052917
2 1 50 -26,33 -7,42 -157,206 1637052917
2 1 50 -26,08 -7,49 -157,274 1637052917
2 1 50 -25,83 -7,42 -157,219 1637052918
2 1 50 -25,65 -7,24 -157,170 1637052918
2 1 51 -23,38 -13,50 -157,176 1637052919
2 1 51 -22,88 -13,50 -157,212 1637052919
2 1 51 -22,95 -13,25 -157,219 1637052920
2 1 51 -23,13 -13,07 -157,219 1637052920
2 1 51 -23,38 -13,00 -157,164 1637052920
2 1 51 -23,63 -13,07 -157,231 1637052921
2 1 51 -23,82 -13,25 -157,237 1637052921
2 1 51 -23,88 -13,50 -157,139 1637052921
2 1 51 -23,82 -13,75 -157,286 1637052922
2 1 51 -23,63 -13,93 -157,206 1637052922
2 1 51 -23,38 -14,00 -157,225 1637052923
2 1 51 -23,13 -13,93 -157,225 1637052923
2 1 51 -22,95 -13,75 -157,225 1637052923
2 1 52 -19,09 -19,09 -157,158 1637052924
2 1 52 -18,59 -19,09 -157,231 1637052925
2 1 52 -18,66 -18,84 -157,219 1637052926
2 1 52 -18,84 -18,66 -157,206 1637052926
2 1 52 -19,09 -18,59 -157,219 1637052926
2 1 52 -19,34 -18,66 -157,212 1637052927
2 1 52 -19,52 -18,84 -157,225 1637052927
2 1 52 -19,59 -19,09 -157,206 1637052928
2 1 52 -19,52 -19,34 -157,188 1637052928
2 1 52 -19,34 -19,52 -157,237 1637052929
2 1 52 -19,09 -19,59 -157,194 1637052929
2 1 52 -18,84 -19,52 -157,212 1637052930
2 1 52 -18,66 -19,34 -157,212 1637052930
