1 1 1 4,24 4,24 -157,206 1637054151
1 1 1 4,74 4,24 -157,188 1637054152
1 1 1 4,68 4,49 -157,249 1637054152
1 1 1 4,49 4,68 -157,292 1637054152
1 1 1 4,24 4,74 -157,286 1637054153
1 1 1 3,99 4,68 -157,206 1637054154
1 1 1 3,81 4,49 -157,292 1637054154
1 1 1 3,74 4,24 -157,212 1637054154
1 1 1 3,81 3,99 -157,225 1637054155
1 1 1 3,99 3,81 -157,237 1637054155
1 1 1 4,24 3,74 -157,237 1637054156
1 1 1 4,49 3,81 -157,212 1637054156
1 1 1 4,68 3,99 -157,286 1637054157
1 1 2 3,36 12,56 -157,249 1637054158
1 1 2 3,86 12,56 -157,219 1637054158
1 1 2 3,80 12,81 -157,255 1637054158
1 1 2 3,61 12,99 -157,237 1637054159
1 1 2 3,36 13,06 -157,274 1637054159
1 1 2 3,11 12,99 -157,194 1637054159
1 1 2 2,93 12,81 -157,188 1637054160
1 1 2 2,86 12,56 -157,219 1637054160
1 1 2 2,93 12,31 -157,176 1637054160
1 1 2 3,11 12,12 -157,261 1637054161
1 1 2 3,36 12,06 -157,225 1637054161
1 1 2 3,61 12,12 -157,176 1637054161
1 1 2 3,80 12,31 -157,341 1637054162
1 1 3 9,19 9,19 -157,243 1637054163
1 1 3 9,69 9,19 -157,212 1637054163
1 1 3 9,63 9,44 -157,212 1637054164
1 1 3 9,44 9,63 -157,219 1637054164
1 1 3 9,19 9,69 -157,194 1637054165
1 1 3 8,94 9,63 -157,274 1637054165
1 1 3 8,76 9,44 -157,206 1637054166
1 1 3 8,69 9,19 -157,304 1637054166
1 1 3 8,76 8,94 -157,121 1637054167
1 1 3 8,94 8,76 -157,249 1637054167
1 1 3 9,19 8,69 -157,200 1637054168
1 1 3 9,44 8,76 -157,219 1637054168
1 1 3 9,63 8,94 -157,212 1637054169
1 1 4 12,56 3,36 -157,237 1637054170
1 1 4 13,06 3,36 -157,188 1637054170
1 1 4 12,99 3,61 -157,219 1637054171
1 1 4 12,81 3,80 -157,225 1637054171
1 1 4 12,56 3,86 -157,200 1637054172
1 1 4 12,31 3,80 -157,286 1637054172
1 1 4 12,12 3,61 -157,225 1637054173
1 1 4 12,06 3,36 -157,206 1637054173
1 1 4 12,12 3,11 -157,261 1637054173
1 1 4 12,31 2,93 -157,133 1637054174
1 1 4 12,56 2,86 -157,335 1637054174
1 1 4 12,81 2,93 -157,194 1637054174
1 1 4 12,99 3,11 -157,267 1637054175
1 1 5 19,32 5,18 -157,212 1637054176
1 1 5 19,82 5,18 -157,231 1637054176
1 1 5 19,75 5,43 -157,310 1637054177
1 1 5 19,57 5,61 -157,267 1637054177
1 1 5 19,32 5,68 -157,231 1637054178
1 1 5 19,07 5,61 -157,176 1637054179
1 1 5 18,89 5,43 -157,267 1637054179
1 1 5 18,82 5,18 -157,212 1637054179
1 1 5 18,89 4,93 -157,249 1637054180
1 1 5 19,07 4,74 -157,158 1637054180
1 1 5 19,32 4,68 -157,212 1637054181
1 1 5 19,57 4,74 -157,286 1637054182
1 1 5 19,75 4,93 -157,304 1637054182
1 1 6 17,32 10,00 -157,249 1637054183
1 1 6 17,82 10,00 -157,219 1637054183
1 1 6 17,75 10,25 -157,225 1637054184
1 1 6 17,57 10,43 -157,261 1637054184
1 1 6 17,32 10,50 -157,212 1637054185
1 1 6 17,07 10,43 -157,212 1637054185
1 1 6 16,89 10,25 -157,249 1637054186
1 1 6 16,82 10,00 -157,212 1637054186
1 1 6 16,89 9,75 -157,219 1637054187
1 1 6 17,07 9,57 -157,280 1637054187
1 1 6 17,32 9,50 -157,249 1637054188
1 1 6 17,57 9,57 -157,292 1637054188
1 1 6 17,75 9,75 -157,231 1637054188
1 1 7 14,14 14,14 -157,133 1637054189
1 1 7 14,64 14,14 -157,243 1637054189
1 1 7 14,58 14,39 -157,225 1637054190
1 1 7 14,39 14,58 -157,267 1637054190
1 1 7 14,14 14,64 -157,212 1637054190
1 1 7 13,89 14,58 -157,219 1637054191
1 1 7 13,71 14,39 -157,237 1637054191
1 1 7 13,64 14,14 -157,188 1637054192
1 1 7 13,71 13,89 -157,231 1637054192
1 1 7 13,89 13,71 -157,231 1637054192
1 1 7 14,14 13,64 -157,188 1637054193
1 1 7 14,39 13,71 -157,200 1637054193
1 1 7 14,58 13,89 -157,261 1637054194
1 1 8 10,00 17,32 -157,280 1637054195
1 1 8 10,50 17,32 -157,249 1637054195
1 1 8 10,43 17,57 -157,182 1637054195
1 1 8 10,25 17,75 -157,274 1637054196
1 1 8 10,00 17,82 -157,188 1637054196
1 1 8 9,75 17,75 -157,225 1637054196
1 1 8 9,57 17,57 -157,261 1637054197
1 1 8 9,50 17,32 -157,206 1637054197
1 1 8 9,57 17,07 -157,231 1637054197
1 1 8 9,75 16,89 -157,231 1637054198
1 1 8 10,00 16,82 -157,225 1637054198
1 1 8 10,25 16,89 -157,194 1637054198
1 1 8 10,43 17,07 -157,231 1637054199
1 1 9 5,18 19,32 -157,212 1637054200
1 1 9 5,68 19,32 -157,310 1637054200
1 1 9 5,61 19,57 -157,261 1637054200
1 1 9 5,43 19,75 -157,225 1637054201
1 1 9 5,18 19,82 -157,249 1637054202
1 1 9 4,93 19,75 -157,243 1637054202
1 1 9 4,74 19,57 -157,176 1637054202
1 1 9 4,68 19,32 -157,212 1637054203
1 1 9 4,74 19,07 -157,176 1637054204
1 1 9 4,93 18,89 -157,225 1637054204
1 1 9 5,18 18,82 -157,267 1637054205
1 1 9 5,43 18,89 -157,243 1637054205
1 1 9 5,61 19,07 -157,255 1637054205
1 1 10 -5,18 19,32 -157,225 1637054207
1 1 10 -4,68 19,32 -157,243 1637054207
1 1 10 -4,74 19,57 -157,280 1637054207
1 1 10 -4,93 19,75 -157,188 1637054208
1 1 10 -5,18 19,82 -157,212 1637054208
1 1 10 -5,43 19,75 -157,237 1637054209
1 1 10 -5,61 19,57 -157,133 1637054209
1 1 10 -5,68 19,32 -157,243 1637054210
1 1 10 -5,61 19,07 -157,274 1637054210
1 1 10 -5,43 18,89 -157,206 1637054211
1 1 10 -5,18 18,82 -157,225 1637054211
1 1 10 -4,93 18,89 -157,206 1637054212
1 1 10 -4,74 19,07 -157,206 1637054212
1 1 11 -10,00 17,32 -157,188 1637054213
1 1 11 -9,50 17,32 -157,206 1637054214
1 1 11 -9,57 17,57 -157,249 1637054214
1 1 11 -9,75 17,75 -157,225 1637054215
1 1 11 -10,00 17,82 -157,249 1637054215
1 1 11 -10,25 17,75 -157,225 1637054216
1 1 11 -10,43 17,57 -157,188 1637054216
1 1 11 -10,50 17,32 -157,212 1637054217
1 1 11 -10,43 17,07 -157,164 1637054218
1 1 11 -10,25 16,89 -157,274 1637054218
1 1 11 -10,00 16,82 -157,206 1637054218
1 1 11 -9,75 16,89 -157,225 1637054219
1 1 11 -9,57 17,07 -157,280 1637054219
1 1 12 -14,14 14,14 -157,225 1637054220
1 1 12 -13,64 14,14 -157,212 1637054220
1 1 12 -13,71 14,39 -157,231 1637054221
1 1 12 -13,89 14,58 -157,219 1637054221
1 1 12 -14,14 14,64 -157,212 1637054222
1 1 12 -14,39 14,58 -157,231 1637054222
1 1 12 -14,58 14,39 -157,225 1637054222
1 1 12 -14,64 14,14 -157,212 1637054223
1 1 12 -14,58 13,89 -157,121 1637054223
1 1 12 -14,39 13,71 -157,212 1637054224
1 1 12 -14,14 13,64 -157,219 1637054225
1 1 12 -13,89 13,71 -157,231 1637054225
1 1 12 -13,71 13,89 -157,237 1637054225
1 1 13 -17,32 10,00 -157,206 1637054226
1 1 13 -16,82 10,00 -157,274 1637054227
1 1 13 -16,89 10,25 -157,206 1637054227
1 1 13 -17,07 10,43 -157,304 1637054228
1 1 13 -17,32 10,50 -157,249 1637054228
1 1 13 -17,57 10,43 -157,231 1637054229
1 1 13 -17,75 10,25 -157,237 1637054229
1 1 13 -17,82 10,00 -157,188 1637054230
1 1 13 -17,75 9,75 -157,249 1637054230
1 1 13 -17,57 9,57 -157,231 1637054231
1 1 13 -17,32 9,50 -157,188 1637054231
1 1 13 -17,07 9,57 -157,243 1637054232
1 1 13 -16,89 9,75 -157,219 1637054232
1 1 14 -19,32 5,18 -157,261 1637054233
1 1 14 -18,82 5,18 -157,225 1637054234
1 1 14 -18,89 5,43 -157,225 1637054234
1 1 14 -19,07 5,61 -157,212 1637054234
1 1 14 -19,32 5,68 -157,249 1637054235
1 1 14 -19,57 5,61 -157,212 1637054236
1 1 14 -19,75 5,43 -157,249 1637054236
1 1 14 -19,82 5,18 -157,158 1637054237
1 1 14 -19,75 4,93 -157,212 1637054237
1 1 14 -19,57 4,74 -157,243 1637054238
1 1 14 -19,32 4,68 -157,219 1637054238
1 1 14 -19,07 4,74 -157,298 1637054238
1 1 14 -18,89 4,93 -157,267 1637054239
1 1 15 -12,56 3,36 -157,231 1637054240
1 1 15 -12,06 3,36 -157,182 1637054240
1 1 15 -12,12 3,61 -157,225 1637054240
1 1 15 -12,31 3,80 -157,188 1637054241
1 1 15 -12,56 3,86 -157,237 1637054241
1 1 15 -12,81 3,80 -157,158 1637054242
1 1 15 -12,99 3,61 -157,274 1637054242
1 1 15 -13,06 3,36 -157,274 1637054242
1 1 15 -12,99 3,11 -157,231 1637054243
1 1 15 -12,81 2,93 -157,249 1637054243
1 1 15 -12,56 2,86 -157,231 1637054243
1 1 15 -12,31 2,93 -157,274 1637054244
1 1 15 -12,12 3,11 -157,194 1637054244
1 1 16 -9,19 9,19 -157,194 1637054245
1 1 16 -8,69 9,19 -157,274 1637054245
1 1 16 -8,76 9,44 -157,286 1637054246
1 1 16 -8,94 9,63 -157,188 1637054246
1 1 16 -9,19 9,69 -157,225 1637054246
1 1 16 -9,44 9,63 -157,237 1637054247
1 1 16 -9,63 9,44 -157,286 1637054247
1 1 16 -9,69 9,19 -157,188 1637054248
1 1 16 -9,63 8,94 -157,212 1637054248
1 1 16 -9,44 8,76 -157,261 1637054248
1 1 16 -9,19 8,69 -157,243 1637054249
1 1 16 -8,94 8,76 -157,225 1637054249
1 1 16 -8,76 8,94 -157,249 1637054250
1 1 17 -3,36 12,56 -157,225 1637054251
1 1 17 -2,86 12,56 -157,243 1637054251
1 1 17 -2,93 12,81 -157,280 1637054251
1 1 17 -3,11 12,99 -157,225 1637054252
1 1 17 -3,36 13,06 -157,249 1637054252
1 1 17 -3,61 12,99 -157,243 1637054252
1 1 17 -3,80 12,81 -157,274 1637054253
1 1 17 -3,86 12,56 -157,261 1637054253
1 1 17 -3,80 12,31 -157,237 1637054253
1 1 17 -3,61 12,12 -157,212 1637054254
1 1 17 -3,36 12,06 -157,249 1637054254
1 1 17 -3,11 12,12 -157,219 1637054255
1 1 17 -2,93 12,31 -157,255 1637054255
1 1 18 -4,24 4,24 -157,274 1637054256
1 1 18 -3,74 4,24 -157,182 1637054257
1 1 18 -3,81 4,49 -157,158 1637054257
1 1 18 -3,99 4,68 -157,231 1637054257
1 1 18 -4,24 4,74 -157,280 1637054258
1 1 18 -4,49 4,68 -157,255 1637054259
1 1 18 -4,68 4,49 -157,212 1637054259
1 1 18 -4,74 4,24 -157,286 1637054259
1 1 18 -4,68 3,99 -157,292 1637054259
1 1 18 -4,49 3,81 -157,280 1637054260
1 1 18 -4,24 3,74 -157,274 1637054260
1 1 18 -3,99 3,81 -157,127 1637054260
1 1 18 -3,81 3,99 -157,298 1637054261
1 1 19 -4,24 -4,24 -157,212 1637054262
1 1 19 -3,74 -4,24 -157,237 1637054262
1 1 19 -3,81 -3,99 -157,274 1637054263
1 1 19 -3,99 -3,81 -157,243 1637054263
1 1 19 -4,24 -3,74 -157,267 1637054264
1 1 19 -4,49 -3,81 -157,188 1637054265
1 1 19 -4,68 -3,99 -157,261 1637054265
1 1 19 -4,74 -4,24 -157,237 1637054266
1 1 19 -4,68 -4,49 -157,255 1637054266
1 1 19 -4,49 -4,68 -157,243 1637054266
1 1 19 -4,24 -4,74 -157,212 1637054267
1 1 19 -3,99 -4,68 -157,274 1637054267
1 1 19 -3,81 -4,49 -157,237 1637054268
1 1 20 -3,36 -12,56 -157,243 1637054269
1 1 20 -2,86 -12,56 -157,127 1637054269
1 1 20 -2,93 -12,31 -157,219 1637054269
1 1 20 -3,11 -12,12 -157,261 1637054270
1 1 20 -3,36 -12,06 -157,188 1637054270
1 1 20 -3,61 -12,12 -157,231 1637054270
1 1 20 -3,80 -12,31 -157,231 1637054271
1 1 20 -3,86 -12,56 -157,261 1637054271
1 1 20 -3,80 -12,81 -157,219 1637054271
1 1 20 -3,61 -12,99 -157,280 1637054272
1 1 20 -3,36 -13,06 -157,267 1637054272
1 1 20 -3,11 -12,99 -157,249 1637054273
1 1 20 -2,93 -12,81 -157,188 1637054273
1 1 21 -9,19 -9,19 -157,243 1637054274
1 1 21 -8,69 -9,19 -157,274 1637054275
1 1 21 -8,76 -8,94 -157,176 1637054275
1 1 21 -8,94 -8,76 -157,164 1637054276
1 1 21 -9,19 -8,69 -157,310 1637054276
1 1 21 -9,44 -8,76 -157,267 1637054277
1 1 21 -9,63 -8,94 -157,274 1637054277
1 1 21 -9,69 -9,19 -157,274 1637054278
1 1 21 -9,63 -9,44 -157,249 1637054278
1 1 21 -9,44 -9,63 -157,225 1637054278
1 1 21 -9,19 -9,69 -157,188 1637054279
1 1 21 -8,94 -9,63 -157,243 1637054280
1 1 21 -8,76 -9,44 -157,206 1637054280
1 1 22 -12,56 -3,36 -157,188 1637054281
1 1 22 -12,06 -3,36 -157,225 1637054281
1 1 22 -12,12 -3,11 -157,225 1637054281
1 1 22 -12,31 -2,93 -157,164 1637054282
1 1 22 -12,56 -2,86 -157,249 1637054283
1 1 22 -12,81 -2,93 -157,212 1637054283
1 1 22 -12,99 -3,11 -157,267 1637054284
1 1 22 -13,06 -3,36 -157,212 1637054284
1 1 22 -12,99 -3,61 -157,212 1637054285
1 1 22 -12,81 -3,80 -157,292 1637054285
1 1 22 -12,56 -3,86 -157,237 1637054286
1 1 22 -12,31 -3,80 -157,231 1637054286
1 1 22 -12,12 -3,61 -157,231 1637054287
1 1 23 -19,32 -5,18 -157,267 1637054288
1 1 23 -18,82 -5,18 -157,182 1637054288
1 1 23 -18,89 -4,93 -157,261 1637054289
1 1 23 -19,07 -4,74 -157,212 1637054289
1 1 23 -19,32 -4,68 -157,194 1637054290
1 1 23 -19,57 -4,74 -157,225 1637054290
1 1 23 -19,75 -4,93 -157,225 1637054290
1 1 23 -19,82 -5,18 -157,225 1637054291
1 1 23 -19,75 -5,43 -157,206 1637054292
1 1 23 -19,57 -5,61 -157,243 1637054292
1 1 23 -19,32 -5,68 -157,206 1637054293
1 1 23 -19,07 -5,61 -157,304 1637054293
1 1 23 -18,89 -5,43 -157,158 1637054294
1 1 24 -17,32 -10,00 -157,286 1637054294
1 1 24 -16,82 -10,00 -157,322 1637054295
1 1 24 -16,89 -9,75 -157,231 1637054296
1 1 24 -17,07 -9,57 -157,261 1637054296
1 1 24 -17,32 -9,50 -157,188 1637054296
1 1 24 -17,57 -9,57 -157,212 1637054297
1 1 24 -17,75 -9,75 -157,255 1637054297
1 1 24 -17,82 -10,00 -157,194 1637054298
1 1 24 -17,75 -10,25 -157,353 1637054298
1 1 24 -17,57 -10,43 -157,237 1637054299
1 1 24 -17,32 -10,50 -157,274 1637054299
1 1 24 -17,07 -10,43 -157,219 1637054300
1 1 24 -16,89 -10,25 -157,286 1637054300
1 1 25 -14,14 -14,14 -157,261 1637054301
1 1 25 -13,64 -14,14 -157,206 1637054302
1 1 25 -13,71 -13,89 -157,212 1637054302
1 1 25 -13,89 -13,71 -157,231 1637054303
1 1 25 -14,14 -13,64 -157,225 1637054303
1 1 25 -14,39 -13,71 -157,225 1637054304
1 1 25 -14,58 -13,89 -157,243 1637054304
1 1 25 -14,64 -14,14 -157,255 1637054305
1 1 25 -14,58 -14,39 -157,292 1637054305
1 1 25 -14,39 -14,58 -157,212 1637054306
1 1 25 -14,14 -14,64 -157,261 1637054306
1 1 25 -13,89 -14,58 -157,249 1637054307
1 1 25 -13,71 -14,39 -157,212 1637054307
1 1 26 -10,00 -17,32 -157,249 1637054308
1 1 26 -9,50 -17,32 -157,200 1637054309
1 1 26 -9,57 -17,07 -157,267 1637054309
1 1 26 -9,75 -16,89 -157,225 1637054309
1 1 26 -10,00 -16,82 -157,225 1637054310
1 1 26 -10,25 -16,89 -157,188 1637054311
1 1 26 -10,43 -17,07 -157,304 1637054311
1 1 26 -10,50 -17,32 -157,219 1637054311
1 1 26 -10,43 -17,57 -157,206 1637054312
1 1 26 -10,25 -17,75 -157,280 1637054312
1 1 26 -10,00 -17,82 -157,255 1637054313
1 1 26 -9,75 -17,75 -157,206 1637054313
1 1 26 -9,57 -17,57 -157,292 1637054314
1 1 27 -5,18 -19,32 -157,225 1637054315
1 1 27 -4,68 -19,32 -157,225 1637054315
1 1 27 -4,74 -19,07 -157,274 1637054316
1 1 27 -4,93 -18,89 -157,188 1637054316
1 1 27 -5,18 -18,82 -157,212 1637054317
1 1 27 -5,43 -18,89 -157,225 1637054318
1 1 27 -5,61 -19,07 -157,231 1637054318
1 1 27 -5,68 -19,32 -157,212 1637054318
1 1 27 -5,61 -19,57 -157,267 1637054319
1 1 27 -5,43 -19,75 -157,267 1637054319
1 1 27 -5,18 -19,82 -157,170 1637054319
1 1 27 -4,93 -19,75 -157,188 1637054320
1 1 27 -4,74 -19,57 -157,286 1637054320
1 1 28 5,18 -19,32 -157,243 1637054321
1 1 28 5,68 -19,32 -157,231 1637054322
1 1 28 5,61 -19,07 -157,237 1637054323
1 1 28 5,43 -18,89 -157,261 1637054323
1 1 28 5,18 -18,82 -157,274 1637054324
1 1 28 4,93 -18,89 -157,225 1637054324
1 1 28 4,74 -19,07 -157,212 1637054325
1 1 28 4,68 -19,32 -157,267 1637054325
1 1 28 4,74 -19,57 -157,182 1637054326
1 1 28 4,93 -19,75 -157,206 1637054326
1 1 28 5,18 -19,82 -157,219 1637054327
1 1 28 5,43 -19,75 -157,274 1637054327
1 1 28 5,61 -19,57 -157,212 1637054327
1 1 29 10,00 -17,32 -157,335 1637054328
1 1 29 10,50 -17,32 -157,298 1637054329
1 1 29 10,43 -17,07 -157,237 1637054330
1 1 29 10,25 -16,89 -157,255 1637054330
1 1 29 10,00 -16,82 -157,286 1637054331
1 1 29 9,75 -16,89 -157,267 1637054331
1 1 29 9,57 -17,07 -157,280 1637054331
1 1 29 9,50 -17,32 -157,280 1637054332
1 1 29 9,57 -17,57 -157,212 1637054332
1 1 29 9,75 -17,75 -157,243 1637054333
1 1 29 10,00 -17,82 -157,261 1637054333
1 1 29 10,25 -17,75 -157,212 1637054334
1 1 29 10,43 -17,57 -157,243 1637054334
1 1 30 14,14 -14,14 -157,304 1637054335
1 1 30 14,64 -14,14 -157,316 1637054336
1 1 30 14,58 -13,89 -157,292 1637054336
1 1 30 14,39 -13,71 -157,188 1637054337
1 1 30 14,14 -13,64 -157,237 1637054337
1 1 30 13,89 -13,71 -157,243 1637054338
1 1 30 13,71 -13,89 -157,225 1637054338
1 1 30 13,64 -14,14 -157,261 1637054339
1 1 30 13,71 -14,39 -157,231 1637054339
1 1 30 13,89 -14,58 -157,194 1637054339
1 1 30 14,14 -14,64 -157,219 1637054340
1 1 30 14,39 -14,58 -157,298 1637054340
1 1 30 14,58 -14,39 -157,255 1637054341
1 1 31 17,32 -10,00 -157,286 1637054342
1 1 31 17,82 -10,00 -157,188 1637054342
1 1 31 17,75 -9,75 -157,298 1637054342
1 1 31 17,57 -9,57 -157,286 1637054343
1 1 31 17,32 -9,50 -157,316 1637054344
1 1 31 17,07 -9,57 -157,280 1637054344
1 1 31 16,89 -9,75 -157,231 1637054344
1 1 31 16,82 -10,00 -157,243 1637054345
1 1 31 16,89 -10,25 -157,286 1637054345
1 1 31 17,07 -10,43 -157,225 1637054346
1 1 31 17,32 -10,50 -157,261 1637054347
1 1 31 17,57 -10,43 -157,267 1637054347
1 1 31 17,75 -10,25 -157,219 1637054347
1 1 32 19,32 -5,18 -157,249 1637054348
1 1 32 19,82 -5,18 -157,212 1637054349
1 1 32 19,75 -4,93 -157,261 1637054349
1 1 32 19,57 -4,74 -157,292 1637054350
1 1 32 19,32 -4,68 -157,206 1637054350
1 1 32 19,07 -4,74 -157,219 1637054351
1 1 32 18,89 -4,93 -157,237 1637054351
1 1 32 18,82 -5,18 -157,243 1637054352
1 1 32 18,89 -5,43 -157,267 1637054352
1 1 32 19,07 -5,61 -157,280 1637054352
1 1 32 19,32 -5,68 -157,237 1637054353
1 1 32 19,57 -5,61 -157,225 1637054353
1 1 32 19,75 -5,43 -157,170 1637054354
1 1 33 12,56 -3,36 -157,225 1637054355
1 1 33 13,06 -3,36 -157,206 1637054355
1 1 33 12,99 -3,11 -157,200 1637054355
1 1 33 12,81 -2,93 -157,225 1637054356
1 1 33 12,56 -2,86 -157,261 1637054357
1 1 33 12,31 -2,93 -157,243 1637054357
1 1 33 12,12 -3,11 -157,219 1637054357
1 1 33 12,06 -3,36 -157,225 1637054358
1 1 33 12,12 -3,61 -157,261 1637054359
1 1 33 12,31 -3,80 -157,255 1637054359
1 1 33 12,56 -3,86 -157,280 1637054359
1 1 33 12,81 -3,80 -157,261 1637054360
1 1 33 12,99 -3,61 -157,231 1637054360
1 1 34 9,19 -9,19 -157,261 1637054361
1 1 34 9,69 -9,19 -157,231 1637054361
1 1 34 9,63 -8,94 -157,261 1637054362
1 1 34 9,44 -8,76 -157,225 1637054362
1 1 34 9,19 -8,69 -157,231 1637054363
1 1 34 8,94 -8,76 -157,292 1637054363
1 1 34 8,76 -8,94 -157,225 1637054363
1 1 34 8,69 -9,19 -157,249 1637054364
1 1 34 8,76 -9,44 -157,261 1637054365
1 1 34 8,94 -9,63 -157,261 1637054365
1 1 34 9,19 -9,69 -157,286 1637054365
1 1 34 9,44 -9,63 -157,212 1637054366
1 1 34 9,63 -9,44 -157,188 1637054366
1 1 35 3,36 -12,56 -157,188 1637054367
1 1 35 3,86 -12,56 -157,225 1637054368
1 1 35 3,80 -12,31 -157,212 1637054368
1 1 35 3,61 -12,12 -157,243 1637054369
1 1 35 3,36 -12,06 -157,188 1637054369
1 1 35 3,11 -12,12 -157,170 1637054370
1 1 35 2,93 -12,31 -157,237 1637054370
1 1 35 2,86 -12,56 -157,261 1637054371
1 1 35 2,93 -12,81 -157,298 1637054371
1 1 35 3,11 -12,99 -157,249 1637054372
1 1 35 3,36 -13,06 -157,261 1637054372
1 1 35 3,61 -12,99 -157,188 1637054373
1 1 35 3,80 -12,81 -157,298 1637054373
1 1 36 4,24 -4,24 -157,182 1637054374
1 1 36 4,74 -4,24 -157,200 1637054375
1 1 36 4,68 -3,99 -157,158 1637054375
1 1 36 4,49 -3,81 -157,274 1637054375
1 1 36 4,24 -3,74 -157,243 1637054376
1 1 36 3,99 -3,81 -157,206 1637054377
1 1 36 3,81 -3,99 -157,261 1637054377
1 1 36 3,74 -4,24 -157,188 1637054377
1 1 36 3,81 -4,49 -157,310 1637054378
1 1 36 3,99 -4,68 -157,212 1637054378
1 1 36 4,24 -4,74 -157,164 1637054379
1 1 36 4,49 -4,68 -157,249 1637054379
1 1 36 4,68 -4,49 -157,219 1637054380
1 1 37 27,00 0,00 -157,158 1637054381
1 1 37 27,50 0,00 -157,255 1637054382
1 1 37 27,43 0,25 -157,316 1637054383
1 1 37 27,25 0,43 -157,158 1637054383
1 1 37 27,00 0,50 -157,243 1637054384
1 1 37 26,75 0,43 -157,237 1637054384
1 1 37 26,57 0,25 -157,188 1637054385
1 1 37 26,50 0,00 -157,164 1637054385
1 1 37 26,57 -0,25 -157,133 1637054386
1 1 37 26,75 -0,43 -157,249 1637054386
1 1 37 27,00 -0,50 -157,243 1637054387
1 1 37 27,25 -0,43 -157,286 1637054388
1 1 37 27,43 -0,25 -157,206 1637054388
1 1 38 26,08 6,99 -157,066 1637054389
1 1 38 26,58 6,99 -157,182 1637054389
1 1 38 26,51 7,24 -157,151 1637054390
1 1 38 26,33 7,42 -157,255 1637054390
1 1 38 26,08 7,49 -157,121 1637054391
1 1 38 25,83 7,42 -157,249 1637054392
1 1 38 25,65 7,24 -157,249 1637054392
1 1 38 25,58 6,99 -157,133 1637054393
1 1 38 25,65 6,74 -157,194 1637054393
1 1 38 25,83 6,56 -157,206 1637054394
1 1 38 26,08 6,49 -157,188 1637054394
1 1 38 26,33 6,56 -157,328 1637054394
1 1 38 26,51 6,74 -157,298 1637054395
1 1 39 23,38 13,50 -157,188 1637054396
1 1 39 23,88 13,50 -157,274 1637054396
1 1 39 23,82 13,75 -157,249 1637054397
1 1 39 23,63 13,93 -157,231 1637054397
1 1 39 23,38 14,00 -157,255 1637054397
1 1 39 23,13 13,93 -157,225 1637054398
1 1 39 22,95 13,75 -157,280 1637054398
1 1 39 22,88 13,50 -157,249 1637054398
1 1 39 22,95 13,25 -157,225 1637054399
1 1 39 23,13 13,07 -157,261 1637054399
1 1 39 23,38 13,00 -157,225 1637054399
1 1 39 23,63 13,07 -157,280 1637054400
1 1 39 23,82 13,25 -157,286 1637054400
1 1 40 19,09 19,09 -157,176 1637054401
1 1 40 19,59 19,09 -157,212 1637054402
1 1 40 19,52 19,34 -157,219 1637054402
1 1 40 19,34 19,52 -157,237 1637054403
1 1 40 19,09 19,59 -157,274 1637054403
1 1 40 18,84 19,52 -157,200 1637054404
1 1 40 18,66 19,34 -157,219 1637054404
1 1 40 18,59 19,09 -157,237 1637054405
1 1 40 18,66 18,84 -157,219 1637054405
1 1 40 18,84 18,66 -157,188 1637054406
1 1 40 19,09 18,59 -157,237 1637054406
1 1 40 19,34 18,66 -157,255 1637054407
1 1 40 19,52 18,84 -157,267 1637054407
1 1 41 13,50 23,38 -157,237 1637054408
1 1 41 14,00 23,38 -157,158 1637054408
1 1 41 13,93 23,63 -157,267 1637054409
1 1 41 13,75 23,82 -157,261 1637054409
1 1 41 13,50 23,88 -157,225 1637054409
1 1 41 13,25 23,82 -157,231 1637054410
1 1 41 13,07 23,63 -157,164 1637054410
1 1 41 13,00 23,38 -157,231 1637054411
1 1 41 13,07 23,13 -157,200 1637054411
1 1 41 13,25 22,95 -157,194 1637054411
1 1 41 13,50 22,88 -157,219 1637054412
1 1 41 13,75 22,95 -157,182 1637054413
1 1 41 13,93 23,13 -157,225 1637054413
1 1 42 6,99 26,08 -157,212 1637054414
1 1 42 7,49 26,08 -157,249 1637054414
1 1 42 7,42 26,33 -157,249 1637054415
1 1 42 7,24 26,51 -157,225 1637054415
1 1 42 6,99 26,58 -157,194 1637054415
1 1 42 6,74 26,51 -157,212 1637054416
1 1 42 6,56 26,33 -157,219 1637054416
1 1 42 6,49 26,08 -157,261 1637054416
1 1 42 6,56 25,83 -157,206 1637054417
1 1 42 6,74 25,65 -157,151 1637054417
1 1 42 6,99 25,58 -157,335 1637054417
1 1 42 7,24 25,65 -157,231 1637054418
1 1 42 7,42 25,83 -157,188 1637054418
1 1 43 0,00 27,00 -157,170 1637054419
1 1 43 0,50 27,00 -157,237 1637054420
1 1 43 0,43 27,25 -157,231 1637054421
1 1 43 0,25 27,43 -157,188 1637054421
1 1 43 0,00 27,50 -157,225 1637054422
1 1 43 -0,25 27,43 -157,225 1637054422
1 1 43 -0,43 27,25 -157,188 1637054422
1 1 43 -0,50 27,00 -157,225 1637054423
1 1 43 -0,43 26,75 -157,219 1637054424
1 1 43 -0,25 26,57 -157,267 1637054424
1 1 43 0,00 26,50 -157,158 1637054424
1 1 43 0,25 26,57 -157,219 1637054425
1 1 43 0,43 26,75 -157,243 1637054425
1 1 44 -6,99 26,08 -157,212 1637054426
1 1 44 -6,49 26,08 -157,292 1637054427
1 1 44 -6,56 26,33 -157,219 1637054427
1 1 44 -6,74 26,51 -157,225 1637054427
1 1 44 -6,99 26,58 -157,206 1637054428
1 1 44 -7,24 26,51 -157,145 1637054428
1 1 44 -7,42 26,33 -157,225 1637054429
1 1 44 -7,49 26,08 -157,286 1637054430
1 1 44 -7,42 25,83 -157,237 1637054430
1 1 44 -7,24 25,65 -157,133 1637054430
1 1 44 -6,99 25,58 -157,274 1637054431
1 1 44 -6,74 25,65 -157,182 1637054432
1 1 44 -6,56 25,83 -157,243 1637054432
1 1 45 -13,50 23,38 -157,121 1637054433
1 1 45 -13,00 23,38 -157,158 1637054433
1 1 45 -13,07 23,63 -157,274 1637054434
1 1 45 -13,25 23,82 -157,225 1637054434
1 1 45 -13,50 23,88 -157,188 1637054434
1 1 45 -13,75 23,82 -157,225 1637054435
1 1 45 -13,93 23,63 -157,261 1637054435
1 1 45 -14,00 23,38 -157,267 1637054435
1 1 45 -13,93 23,13 -157,170 1637054436
1 1 45 -13,75 22,95 -157,225 1637054436
1 1 45 -13,50 22,88 -157,237 1637054436
1 1 45 -13,25 22,95 -157,249 1637054437
1 1 45 -13,07 23,13 -157,212 1637054437
1 1 46 -19,09 19,09 -157,212 1637054438
1 1 46 -18,59 19,09 -157,261 1637054439
1 1 46 -18,66 19,34 -157,255 1637054439
1 1 46 -18,84 19,52 -157,188 1637054439
1 1 46 -19,09 19,59 -157,267 1637054440
1 1 46 -19,34 19,52 -157,267 1637054441
1 1 46 -19,52 19,34 -157,261 1637054441
1 1 46 -19,59 19,09 -157,255 1637054441
1 1 46 -19,52 18,84 -157,225 1637054442
1 1 46 -19,34 18,66 -157,145 1637054442
1 1 46 -19,09 18,59 -157,237 1637054443
1 1 46 -18,84 18,66 -157,231 1637054444
1 1 46 -18,66 18,84 -157,237 1637054444
1 1 47 -23,38 13,50 -157,267 1637054445
1 1 47 -22,88 13,50 -157,286 1637054445
1 1 47 -22,95 13,75 -157,280 1637054445
1 1 47 -23,13 13,93 -157,225 1637054446
1 1 47 -23,38 14,00 -157,237 1637054447
1 1 47 -23,63 13,93 -157,261 1637054447
1 1 47 -23,82 13,75 -157,225 1637054447
1 1 47 -23,88 13,50 -157,212 1637054448
1 1 47 -23,82 13,25 -157,219 1637054449
1 1 47 -23,63 13,07 -157,237 1637054449
1 1 47 -23,38 13,00 -157,188 1637054449
1 1 47 -23,13 13,07 -157,231 1637054450
1 1 47 -22,95 13,25 -157,298 1637054450
1 1 48 -26,08 6,99 -157,212 1637054451
1 1 48 -25,58 6,99 -157,292 1637054451
1 1 48 -25,65 7,24 -157,096 1637054452
1 1 48 -25,83 7,42 -157,316 1637054452
1 1 48 -26,08 7,49 -157,145 1637054452
1 1 48 -26,33 7,42 -157,200 1637054453
1 1 48 -26,51 7,24 -157,328 1637054453
1 1 48 -26,58 6,99 -157,261 1637054453
1 1 48 -26,51 6,74 -157,292 1637054454
1 1 48 -26,33 6,56 -157,280 1637054454
1 1 48 -26,08 6,49 -157,243 1637054455
1 1 48 -25,83 6,56 -157,212 1637054455
1 1 48 -25,65 6,74 -157,103 1637054456
1 1 49 -27,00 0,00 -157,212 1637054457
1 1 49 -26,50 0,00 -157,194 1637054457
1 1 49 -26,57 0,25 -157,225 1637054457
1 1 49 -26,75 0,43 -157,237 1637054458
1 1 49 -27,00 0,50 -157,255 1637054458
1 1 49 -27,25 0,43 -157,115 1637054458
1 1 49 -27,43 0,25 -157,298 1637054459
1 1 49 -27,50 0,00 -157,243 1637054460
1 1 49 -27,43 -0,25 -157,274 1637054460
1 1 49 -27,25 -0,43 -157,243 1637054461
1 1 49 -27,00 -0,50 -157,225 1637054461
1 1 49 -26,75 -0,43 -157,182 1637054462
1 1 49 -26,57 -0,25 -157,249 1637054462
1 1 50 -26,08 -6,99 -157,322 1637054463
1 1 50 -25,58 -6,99 -157,225 1637054463
1 1 50 -25,65 -6,74 -157,298 1637054464
1 1 50 -25,83 -6,56 -157,231 1637054464
1 1 50 -26,08 -6,49 -157,280 1637054464
1 1 50 -26,33 -6,56 -157,188 1637054465
1 1 50 -26,51 -6,74 -157,200 1637054465
1 1 50 -26,58 -6,99 -157,243 1637054466
1 1 50 -26,51 -7,24 -157,158 1637054467
1 1 50 -26,33 -7,42 -157,243 1637054467
1 1 50 -26,08 -7,49 -157,310 1637054467
1 1 50 -25,83 -7,42 -157,237 1637054468
1 1 50 -25,65 -7,24 -157,212 1637054468
1 1 51 -23,38 -13,50 -157,237 1637054469
1 1 51 -22,88 -13,50 -157,231 1637054469
1 1 51 -22,95 -13,25 -157,237 1637054470
1 1 51 -23,13 -13,07 -157,231 1637054470
1 1 51 -23,38 -13,00 -157,212 1637054471
1 1 51 -23,63 -13,07 -157,249 1637054471
1 1 51 -23,82 -13,25 -157,243 1637054471
1 1 51 -23,88 -13,50 -157,170 1637054472
1 1 51 -23,82 -13,75 -157,322 1637054472
1 1 51 -23,63 -13,93 -157,231 1637054473
1 1 51 -23,38 -14,00 -157,261 1637054473
1 1 51 -23,13 -13,93 -157,231 1637054474
1 1 51 -22,95 -13,75 -157,237 1637054475
1 1 52 -19,09 -19,09 -157,170 1637054475
1 1 52 -18,59 -19,09 -157,267 1637054476
1 1 52 -18,66 -18,84 -157,225 1637054477
1 1 52 -18,84 -18,66 -157,206 1637054477
1 1 52 -19,09 -18,59 -157,261 1637054477
1 1 52 -19,34 -18,66 -157,243 1637054478
1 1 52 -19,52 -18,84 -157,261 1637054478
1 1 52 -19,59 -19,09 -157,200 1637054479
1 1 52 -19,52 -19,34 -157,200 1637054479
1 1 52 -19,34 -19,52 -157,261 1637054480
1 1 52 -19,09 -19,59 -157,194 1637054480
1 1 52 -18,84 -19,52 -157,225 1637054481
1 1 52 -18,66 -19,34 -157,243 1637054481
1 1 53 -13,50 -23,38 -157,280 1637054482
1 1 53 -13,00 -23,38 -157,261 1637054482
1 1 53 -13,07 -23,13 -157,237 1637054483
1 1 53 -13,25 -22,95 -157,243 1637054483
1 1 53 -13,50 -22,88 -157,261 1637054483
1 1 53 -13,75 -22,95 -157,274 1637054484
1 1 53 -13,93 -23,13 -157,243 1637054484
1 1 53 -14,00 -23,38 -157,200 1637054484
1 1 53 -13,93 -23,63 -157,237 1637054485
1 1 53 -13,75 -23,82 -157,231 1637054485
1 1 53 -13,50 -23,88 -157,237 1637054485
1 1 53 -13,25 -23,82 -157,286 1637054486
1 1 53 -13,07 -23,63 -157,164 1637054486
1 1 54 -6,99 -26,08 -157,219 1637054487
1 1 54 -6,49 -26,08 -157,219 1637054488
1 1 54 -6,56 -25,83 -157,206 1637054488
1 1 54 -6,74 -25,65 -157,225 1637054489
1 1 54 -6,99 -25,58 -157,255 1637054490
1 1 54 -7,24 -25,65 -157,267 1637054490
1 1 54 -7,42 -25,83 -157,286 1637054490
1 1 54 -7,49 -26,08 -157,274 1637054491
1 1 54 -7,42 -26,33 -157,267 1637054491
1 1 54 -7,24 -26,51 -157,212 1637054492
1 1 54 -6,99 -26,58 -157,219 1637054492
1 1 54 -6,74 -26,51 -157,237 1637054493
1 1 54 -6,56 -26,33 -157,274 1637054493
1 1 55 -0,00 -27,00 -157,249 1637054494
1 1 55 0,50 -27,00 -157,243 1637054494
1 1 55 0,43 -26,75 -157,267 1637054495
1 1 55 0,25 -26,57 -157,280 1637054495
1 1 55 -0,00 -26,50 -157,243 1637054495
1 1 55 -0,25 -26,57 -157,286 1637054496
1 1 55 -0,43 -26,75 -157,274 1637054496
1 1 55 -0,50 -27,00 -157,261 1637054496
1 1 55 -0,43 -27,25 -157,188 1637054497
1 1 55 -0,25 -27,43 -157,249 1637054497
1 1 55 -0,00 -27,50 -157,286 1637054498
1 1 55 0,25 -27,43 -157,212 1637054498
1 1 55 0,43 -27,25 -157,237 1637054498
1 1 56 6,99 -26,08 -157,292 1637054499
1 1 56 7,49 -26,08 -157,298 1637054500
1 1 56 7,42 -25,83 -157,243 1637054500
1 1 56 7,24 -25,65 -157,286 1637054501
1 1 56 6,99 -25,58 -157,249 1637054501
1 1 56 6,74 -25,65 -157,225 1637054502
1 1 56 6,56 -25,83 -157,328 1637054502
1 1 56 6,49 -26,08 -157,274 1637054503
1 1 56 6,56 -26,33 -157,194 1637054503
1 1 56 6,74 -26,51 -157,231 1637054504
1 1 56 6,99 -26,58 -157,225 1637054504
1 1 56 7,24 -26,51 -157,280 1637054505
1 1 56 7,42 -26,33 -157,335 1637054505
1 1 57 13,50 -23,38 -157,219 1637054506
1 1 57 14,00 -23,38 -157,274 1637054507
1 1 57 13,93 -23,13 -157,225 1637054507
1 1 57 13,75 -22,95 -157,176 1637054508
1 1 57 13,50 -22,88 -157,316 1637054508
1 1 57 13,25 -22,95 -157,322 1637054509
1 1 57 13,07 -23,13 -157,188 1637054509
1 1 57 13,00 -23,38 -157,231 1637054510
1 1 57 13,07 -23,63 -157,274 1637054510
1 1 57 13,25 -23,82 -157,255 1637054510
1 1 57 13,50 -23,88 -157,237 1637054511
1 1 57 13,75 -23,82 -157,261 1637054512
1 1 57 13,93 -23,63 -157,237 1637054512
1 1 58 19,09 -19,09 -157,274 1637054513
1 1 58 19,59 -19,09 -157,237 1637054513
1 1 58 19,52 -18,84 -157,225 1637054513
1 1 58 19,34 -18,66 -157,225 1637054514
1 1 58 19,09 -18,59 -157,139 1637054515
1 1 58 18,84 -18,66 -157,219 1637054515
1 1 58 18,66 -18,84 -157,225 1637054516
1 1 58 18,59 -19,09 -157,231 1637054516
1 1 58 18,66 -19,34 -157,286 1637054517
1 1 58 18,84 -19,52 -157,145 1637054517
1 1 58 19,09 -19,59 -157,292 1637054518
1 1 58 19,34 -19,52 -157,200 1637054518
1 1 58 19,52 -19,34 -157,304 1637054519
1 1 59 23,38 -13,50 -157,164 1637054520
1 1 59 23,88 -13,50 -157,237 1637054520
1 1 59 23,82 -13,25 -157,280 1637054521
1 1 59 23,63 -13,07 -157,267 1637054521
1 1 59 23,38 -13,00 -157,261 1637054522
1 1 59 23,13 -13,07 -157,255 1637054522
1 1 59 22,95 -13,25 -157,286 1637054523
1 1 59 22,88 -13,50 -157,267 1637054523
1 1 59 22,95 -13,75 -157,212 1637054524
1 1 59 23,13 -13,93 -157,249 1637054524
1 1 59 23,38 -14,00 -157,237 1637054525
1 1 59 23,63 -13,93 -157,212 1637054525
1 1 59 23,82 -13,75 -157,261 1637054525
1 1 60 26,08 -6,99 -157,188 1637054526
1 1 60 26,58 -6,99 -157,267 1637054527
1 1 60 26,51 -6,74 -157,261 1637054528
1 1 60 26,33 -6,56 -157,225 1637054528
1 1 60 26,08 -6,49 -157,267 1637054529
1 1 60 25,83 -6,56 -157,212 1637054529
1 1 60 25,65 -6,74 -157,243 1637054529
1 1 60 25,58 -6,99 -157,286 1637054530
1 1 60 25,65 -7,24 -157,249 1637054530
1 1 60 25,83 -7,42 -157,200 1637054530
1 1 60 26,08 -7,49 -157,225 1637054531
1 1 60 26,33 -7,42 -157,231 1637054531
1 1 60 26,51 -7,24 -157,267 1637054531
