1 1 1 4,24 4,24 -157,188 1637057139
1 1 1 4,74 4,24 -157,188 1637057139
1 1 1 4,68 4,49 -157,249 1637057140
1 1 1 4,49 4,68 -157,292 1637057140
1 1 1 4,24 4,74 -157,286 1637057141
1 1 1 3,99 4,68 -157,194 1637057141
1 1 1 3,81 4,49 -157,292 1637057142
1 1 1 3,74 4,24 -157,212 1637057142
1 1 1 3,81 3,99 -157,225 1637057143
1 1 1 3,99 3,81 -157,231 1637057143
1 1 1 4,24 3,74 -157,231 1637057144
1 1 1 4,49 3,81 -157,212 1637057144
1 1 1 4,68 3,99 -157,286 1637057144
1 1 2 3,36 12,56 -157,249 1637057145
1 1 2 3,86 12,56 -157,212 1637057146
1 1 2 3,80 12,81 -157,249 1637057146
1 1 2 3,61 12,99 -157,237 1637057147
1 1 2 3,36 13,06 -157,274 1637057147
1 1 2 3,11 12,99 -157,206 1637057148
1 1 2 2,93 12,81 -157,188 1637057148
1 1 2 2,86 12,56 -157,212 1637057149
1 1 2 2,93 12,31 -157,164 1637057149
1 1 2 3,11 12,12 -157,267 1637057149
1 1 2 3,36 12,06 -157,225 1637057150
1 1 2 3,61 12,12 -157,182 1637057150
1 1 2 3,80 12,31 -157,341 1637057150
1 1 3 9,19 9,19 -157,237 1637057151
1 1 3 9,69 9,19 -157,212 1637057152
1 1 3 9,63 9,44 -157,194 1637057153
1 1 3 9,44 9,63 -157,219 1637057153
1 1 3 9,19 9,69 -157,188 1637057154
1 1 3 8,94 9,63 -157,274 1637057155
1 1 3 8,76 9,44 -157,206 1637057155
1 1 3 8,69 9,19 -157,304 1637057156
1 1 3 8,76 8,94 -157,115 1637057156
1 1 3 8,94 8,76 -157,249 1637057156
1 1 3 9,19 8,69 -157,194 1637057157
1 1 3 9,44 8,76 -157,212 1637057158
1 1 3 9,63 8,94 -157,212 1637057158
1 1 4 12,56 3,36 -157,237 1637057159
1 1 4 13,06 3,36 -157,188 1637057160
1 1 4 12,99 3,61 -157,212 1637057160
1 1 4 12,81 3,80 -157,219 1637057160
1 1 4 12,56 3,86 -157,194 1637057161
1 1 4 12,31 3,80 -157,286 1637057162
1 1 4 12,12 3,61 -157,225 1637057162
1 1 4 12,06 3,36 -157,206 1637057163
1 1 4 12,12 3,11 -157,274 1637057163
1 1 4 12,31 2,93 -157,133 1637057163
1 1 4 12,56 2,86 -157,328 1637057164
1 1 4 12,81 2,93 -157,188 1637057164
1 1 4 12,99 3,11 -157,267 1637057165
1 1 5 19,32 5,18 -157,206 1637057166
1 1 5 19,82 5,18 -157,225 1637057166
1 1 5 19,75 5,43 -157,304 1637057167
1 1 5 19,57 5,61 -157,267 1637057167
1 1 5 19,32 5,68 -157,231 1637057168
1 1 5 19,07 5,61 -157,176 1637057169
1 1 5 18,89 5,43 -157,274 1637057169
1 1 5 18,82 5,18 -157,206 1637057169
1 1 5 18,89 4,93 -157,249 1637057170
1 1 5 19,07 4,74 -157,158 1637057170
1 1 5 19,32 4,68 -157,212 1637057171
1 1 5 19,57 4,74 -157,280 1637057171
1 1 5 19,75 4,93 -157,298 1637057172
1 1 6 17,32 10,00 -157,249 1637057173
1 1 6 17,82 10,00 -157,212 1637057173
1 1 6 17,75 10,25 -157,219 1637057174
1 1 6 17,57 10,43 -157,249 1637057174
1 1 6 17,32 10,50 -157,212 1637057175
1 1 6 17,07 10,43 -157,212 1637057175
1 1 6 16,89 10,25 -157,243 1637057176
1 1 6 16,82 10,00 -157,212 1637057176
1 1 6 16,89 9,75 -157,212 1637057177
1 1 6 17,07 9,57 -157,274 1637057177
1 1 6 17,32 9,50 -157,243 1637057178
1 1 6 17,57 9,57 -157,292 1637057179
1 1 6 17,75 9,75 -157,225 1637057179
1 1 7 14,14 14,14 -157,127 1637057180
1 1 7 14,64 14,14 -157,237 1637057180
1 1 7 14,58 14,39 -157,225 1637057181
1 1 7 14,39 14,58 -157,261 1637057181
1 1 7 14,14 14,64 -157,212 1637057182
1 1 7 13,89 14,58 -157,219 1637057183
1 1 7 13,71 14,39 -157,231 1637057183
1 1 7 13,64 14,14 -157,188 1637057184
1 1 7 13,71 13,89 -157,231 1637057184
1 1 7 13,89 13,71 -157,219 1637057184
1 1 7 14,14 13,64 -157,188 1637057185
1 1 7 14,39 13,71 -157,194 1637057186
1 1 7 14,58 13,89 -157,261 1637057186
1 1 8 10,00 17,32 -157,280 1637057187
1 1 8 10,50 17,32 -157,243 1637057187
1 1 8 10,43 17,57 -157,164 1637057188
1 1 8 10,25 17,75 -157,267 1637057189
1 1 8 10,00 17,82 -157,188 1637057189
1 1 8 9,75 17,75 -157,225 1637057190
1 1 8 9,57 17,57 -157,261 1637057190
1 1 8 9,50 17,32 -157,212 1637057191
1 1 8 9,57 17,07 -157,249 1637057191
1 1 8 9,75 16,89 -157,231 1637057191
1 1 8 10,00 16,82 -157,225 1637057192
1 1 8 10,25 16,89 -157,188 1637057192
1 1 8 10,43 17,07 -157,225 1637057193
1 1 9 5,18 19,32 -157,212 1637057194
1 1 9 5,68 19,32 -157,310 1637057194
1 1 9 5,61 19,57 -157,255 1637057194
1 1 9 5,43 19,75 -157,219 1637057195
1 1 9 5,18 19,82 -157,249 1637057195
1 1 9 4,93 19,75 -157,243 1637057195
1 1 9 4,74 19,57 -157,158 1637057196
1 1 9 4,68 19,32 -157,212 1637057196
1 1 9 4,74 19,07 -157,151 1637057196
1 1 9 4,93 18,89 -157,225 1637057197
1 1 9 5,18 18,82 -157,261 1637057198
1 1 9 5,43 18,89 -157,237 1637057199
1 1 9 5,61 19,07 -157,255 1637057199
1 1 10 -5,18 19,32 -157,225 1637057200
1 1 10 -4,68 19,32 -157,243 1637057200
1 1 10 -4,74 19,57 -157,267 1637057201
1 1 10 -4,93 19,75 -157,188 1637057201
1 1 10 -5,18 19,82 -157,212 1637057202
1 1 10 -5,43 19,75 -157,231 1637057203
1 1 10 -5,61 19,57 -157,127 1637057203
1 1 10 -5,68 19,32 -157,243 1637057204
1 1 10 -5,61 19,07 -157,274 1637057204
1 1 10 -5,43 18,89 -157,200 1637057205
1 1 10 -5,18 18,82 -157,231 1637057205
1 1 10 -4,93 18,89 -157,200 1637057206
1 1 10 -4,74 19,07 -157,206 1637057206
1 1 11 -10,00 17,32 -157,188 1637057207
1 1 11 -9,50 17,32 -157,194 1637057207
1 1 11 -9,57 17,57 -157,243 1637057208
1 1 11 -9,75 17,75 -157,219 1637057208
1 1 11 -10,00 17,82 -157,249 1637057209
1 1 11 -10,25 17,75 -157,225 1637057210
1 1 11 -10,43 17,57 -157,194 1637057210
1 1 11 -10,50 17,32 -157,212 1637057210
1 1 11 -10,43 17,07 -157,158 1637057211
1 1 11 -10,25 16,89 -157,267 1637057211
1 1 11 -10,00 16,82 -157,200 1637057212
1 1 11 -9,75 16,89 -157,219 1637057212
1 1 11 -9,57 17,07 -157,274 1637057213
1 1 12 -14,14 14,14 -157,219 1637057213
1 1 12 -13,64 14,14 -157,212 1637057214
1 1 12 -13,71 14,39 -157,225 1637057215
1 1 12 -13,89 14,58 -157,225 1637057215
1 1 12 -14,14 14,64 -157,212 1637057216
1 1 12 -14,39 14,58 -157,231 1637057216
1 1 12 -14,58 14,39 -157,212 1637057216
1 1 12 -14,64 14,14 -157,225 1637057217
1 1 12 -14,58 13,89 -157,121 1637057218
1 1 12 -14,39 13,71 -157,212 1637057218
1 1 12 -14,14 13,64 -157,219 1637057219
1 1 12 -13,89 13,71 -157,225 1637057219
1 1 12 -13,71 13,89 -157,231 1637057220
1 1 13 -17,32 10,00 -157,206 1637057220
1 1 13 -16,82 10,00 -157,274 1637057221
1 1 13 -16,89 10,25 -157,225 1637057221
1 1 13 -17,07 10,43 -157,298 1637057221
1 1 13 -17,32 10,50 -157,249 1637057222
1 1 13 -17,57 10,43 -157,225 1637057222
1 1 13 -17,75 10,25 -157,237 1637057223
1 1 13 -17,82 10,00 -157,182 1637057223
1 1 13 -17,75 9,75 -157,243 1637057224
1 1 13 -17,57 9,57 -157,237 1637057224
1 1 13 -17,32 9,50 -157,188 1637057225
1 1 13 -17,07 9,57 -157,243 1637057225
1 1 13 -16,89 9,75 -157,219 1637057226
1 1 14 -19,32 5,18 -157,261 1637057227
1 1 14 -18,82 5,18 -157,225 1637057227
1 1 14 -18,89 5,43 -157,225 1637057227
1 1 14 -19,07 5,61 -157,200 1637057228
1 1 14 -19,32 5,68 -157,255 1637057229
1 1 14 -19,57 5,61 -157,219 1637057229
1 1 14 -19,75 5,43 -157,243 1637057230
1 1 14 -19,82 5,18 -157,158 1637057230
1 1 14 -19,75 4,93 -157,212 1637057231
1 1 14 -19,57 4,74 -157,231 1637057231
1 1 14 -19,32 4,68 -157,206 1637057231
1 1 14 -19,07 4,74 -157,298 1637057232
1 1 14 -18,89 4,93 -157,261 1637057232
1 1 15 -12,56 3,36 -157,231 1637057233
1 1 15 -12,06 3,36 -157,182 1637057234
1 1 15 -12,12 3,61 -157,219 1637057235
1 1 15 -12,31 3,80 -157,188 1637057235
1 1 15 -12,56 3,86 -157,231 1637057235
1 1 15 -12,81 3,80 -157,151 1637057236
1 1 15 -12,99 3,61 -157,261 1637057236
1 1 15 -13,06 3,36 -157,261 1637057236
1 1 15 -12,99 3,11 -157,225 1637057237
1 1 15 -12,81 2,93 -157,243 1637057237
1 1 15 -12,56 2,86 -157,225 1637057237
1 1 15 -12,31 2,93 -157,267 1637057238
1 1 15 -12,12 3,11 -157,188 1637057238
1 1 16 -9,19 9,19 -157,188 1637057239
1 1 16 -8,69 9,19 -157,274 1637057240
1 1 16 -8,76 9,44 -157,286 1637057240
1 1 16 -8,94 9,63 -157,164 1637057240
1 1 16 -9,19 9,69 -157,219 1637057241
1 1 16 -9,44 9,63 -157,225 1637057241
1 1 16 -9,63 9,44 -157,280 1637057241
1 1 16 -9,69 9,19 -157,188 1637057242
1 1 16 -9,63 8,94 -157,206 1637057242
1 1 16 -9,44 8,76 -157,261 1637057243
1 1 16 -9,19 8,69 -157,243 1637057243
1 1 16 -8,94 8,76 -157,225 1637057243
1 1 16 -8,76 8,94 -157,237 1637057244
1 1 17 -3,36 12,56 -157,225 1637057245
1 1 17 -2,86 12,56 -157,231 1637057246
1 1 17 -2,93 12,81 -157,261 1637057246
1 1 17 -3,11 12,99 -157,225 1637057247
1 1 17 -3,36 13,06 -157,243 1637057247
1 1 17 -3,61 12,99 -157,237 1637057248
1 1 17 -3,80 12,81 -157,267 1637057248
1 1 17 -3,86 12,56 -157,261 1637057249
1 1 17 -3,80 12,31 -157,237 1637057250
1 1 17 -3,61 12,12 -157,206 1637057250
1 1 17 -3,36 12,06 -157,237 1637057250
1 1 17 -3,11 12,12 -157,212 1637057251
1 1 17 -2,93 12,31 -157,249 1637057251
1 1 18 -4,24 4,24 -157,274 1637057252
1 1 18 -3,74 4,24 -157,176 1637057253
1 1 18 -3,81 4,49 -157,164 1637057253
1 1 18 -3,99 4,68 -157,231 1637057254
1 1 18 -4,24 4,74 -157,267 1637057254
1 1 18 -4,49 4,68 -157,255 1637057255
1 1 18 -4,68 4,49 -157,212 1637057255
1 1 18 -4,74 4,24 -157,280 1637057256
1 1 18 -4,68 3,99 -157,292 1637057257
1 1 18 -4,49 3,81 -157,280 1637057257
1 1 18 -4,24 3,74 -157,261 1637057258
1 1 18 -3,99 3,81 -157,127 1637057258
1 1 18 -3,81 3,99 -157,280 1637057258
1 1 19 -4,24 -4,24 -157,212 1637057259
1 1 19 -3,74 -4,24 -157,231 1637057260
1 1 19 -3,81 -3,99 -157,274 1637057261
1 1 19 -3,99 -3,81 -157,237 1637057261
1 1 19 -4,24 -3,74 -157,261 1637057261
1 1 19 -4,49 -3,81 -157,182 1637057262
1 1 19 -4,68 -3,99 -157,261 1637057262
1 1 19 -4,74 -4,24 -157,237 1637057263
1 1 19 -4,68 -4,49 -157,249 1637057263
1 1 19 -4,49 -4,68 -157,237 1637057264
1 1 19 -4,24 -4,74 -157,206 1637057264
1 1 19 -3,99 -4,68 -157,274 1637057265
1 1 19 -3,81 -4,49 -157,237 1637057265
1 1 20 -3,36 -12,56 -157,231 1637057266
1 1 20 -2,86 -12,56 -157,115 1637057267
1 1 20 -2,93 -12,31 -157,219 1637057268
1 1 20 -3,11 -12,12 -157,261 1637057268
1 1 20 -3,36 -12,06 -157,188 1637057268
1 1 20 -3,61 -12,12 -157,243 1637057269
1 1 20 -3,80 -12,31 -157,219 1637057269
1 1 20 -3,86 -12,56 -157,255 1637057270
1 1 20 -3,80 -12,81 -157,225 1637057271
1 1 20 -3,61 -12,99 -157,280 1637057271
1 1 20 -3,36 -13,06 -157,267 1637057271
1 1 20 -3,11 -12,99 -157,249 1637057272
1 1 20 -2,93 -12,81 -157,188 1637057272
1 1 21 -9,19 -9,19 -157,237 1637057273
1 1 21 -8,69 -9,19 -157,274 1637057274
1 1 21 -8,76 -8,94 -157,164 1637057275
1 1 21 -8,94 -8,76 -157,158 1637057275
1 1 21 -9,19 -8,69 -157,310 1637057276
1 1 21 -9,44 -8,76 -157,267 1637057276
1 1 21 -9,63 -8,94 -157,274 1637057276
1 1 21 -9,69 -9,19 -157,267 1637057277
1 1 21 -9,63 -9,44 -157,249 1637057278
1 1 21 -9,44 -9,63 -157,219 1637057278
1 1 21 -9,19 -9,69 -157,188 1637057278
1 1 21 -8,94 -9,63 -157,237 1637057279
1 1 21 -8,76 -9,44 -157,206 1637057279
1 1 22 -12,56 -3,36 -157,182 1637057280
1 1 22 -12,06 -3,36 -157,212 1637057281
1 1 22 -12,12 -3,11 -157,212 1637057282
1 1 22 -12,31 -2,93 -157,176 1637057282
1 1 22 -12,56 -2,86 -157,249 1637057282
1 1 22 -12,81 -2,93 -157,212 1637057283
1 1 22 -12,99 -3,11 -157,261 1637057283
1 1 22 -13,06 -3,36 -157,212 1637057284
1 1 22 -12,99 -3,61 -157,212 1637057284
1 1 22 -12,81 -3,80 -157,292 1637057285
1 1 22 -12,56 -3,86 -157,237 1637057285
1 1 22 -12,31 -3,80 -157,231 1637057286
1 1 22 -12,12 -3,61 -157,225 1637057286
1 1 23 -19,32 -5,18 -157,261 1637057287
1 1 23 -18,82 -5,18 -157,182 1637057288
1 1 23 -18,89 -4,93 -157,261 1637057288
1 1 23 -19,07 -4,74 -157,206 1637057289
1 1 23 -19,32 -4,68 -157,188 1637057289
1 1 23 -19,57 -4,74 -157,225 1637057290
1 1 23 -19,75 -4,93 -157,219 1637057290
1 1 23 -19,82 -5,18 -157,219 1637057291
1 1 23 -19,75 -5,43 -157,194 1637057291
1 1 23 -19,57 -5,61 -157,237 1637057292
1 1 23 -19,32 -5,68 -157,206 1637057293
1 1 23 -19,07 -5,61 -157,298 1637057293
1 1 23 -18,89 -5,43 -157,164 1637057293
1 1 24 -17,32 -10,00 -157,286 1637057294
1 1 24 -16,82 -10,00 -157,316 1637057295
1 1 24 -16,89 -9,75 -157,231 1637057296
1 1 24 -17,07 -9,57 -157,267 1637057296
1 1 24 -17,32 -9,50 -157,182 1637057297
1 1 24 -17,57 -9,57 -157,206 1637057297
1 1 24 -17,75 -9,75 -157,249 1637057298
1 1 24 -17,82 -10,00 -157,188 1637057298
1 1 24 -17,75 -10,25 -157,347 1637057299
1 1 24 -17,57 -10,43 -157,231 1637057299
1 1 24 -17,32 -10,50 -157,274 1637057300
1 1 24 -17,07 -10,43 -157,212 1637057300
1 1 24 -16,89 -10,25 -157,286 1637057301
1 1 25 -14,14 -14,14 -157,255 1637057302
1 1 25 -13,64 -14,14 -157,206 1637057302
1 1 25 -13,71 -13,89 -157,212 1637057303
1 1 25 -13,89 -13,71 -157,231 1637057303
1 1 25 -14,14 -13,64 -157,212 1637057304
1 1 25 -14,39 -13,71 -157,225 1637057304
1 1 25 -14,58 -13,89 -157,237 1637057305
1 1 25 -14,64 -14,14 -157,249 1637057305
1 1 25 -14,58 -14,39 -157,286 1637057306
1 1 25 -14,39 -14,58 -157,206 1637057306
1 1 25 -14,14 -14,64 -157,261 1637057307
1 1 25 -13,89 -14,58 -157,249 1637057307
1 1 25 -13,71 -14,39 -157,212 1637057308
1 1 26 -10,00 -17,32 -157,237 1637057309
1 1 26 -9,50 -17,32 -157,194 1637057309
1 1 26 -9,57 -17,07 -157,274 1637057309
1 1 26 -9,75 -16,89 -157,219 1637057309
1 1 26 -10,00 -16,82 -157,225 1637057310
1 1 26 -10,25 -16,89 -157,182 1637057310
1 1 26 -10,43 -17,07 -157,304 1637057311
1 1 26 -10,50 -17,32 -157,219 1637057312
1 1 26 -10,43 -17,57 -157,200 1637057312
1 1 26 -10,25 -17,75 -157,274 1637057312
1 1 26 -10,00 -17,82 -157,255 1637057313
1 1 26 -9,75 -17,75 -157,200 1637057314
1 1 26 -9,57 -17,57 -157,292 1637057314
1 1 27 -5,18 -19,32 -157,219 1637057315
1 1 27 -4,68 -19,32 -157,219 1637057315
1 1 27 -4,74 -19,07 -157,267 1637057315
1 1 27 -4,93 -18,89 -157,182 1637057316
1 1 27 -5,18 -18,82 -157,212 1637057317
1 1 27 -5,43 -18,89 -157,225 1637057317
1 1 27 -5,61 -19,07 -157,219 1637057318
1 1 27 -5,68 -19,32 -157,206 1637057318
1 1 27 -5,61 -19,57 -157,267 1637057319
1 1 27 -5,43 -19,75 -157,261 1637057319
1 1 27 -5,18 -19,82 -157,158 1637057320
1 1 27 -4,93 -19,75 -157,176 1637057321
1 1 27 -4,74 -19,57 -157,280 1637057321
1 1 28 5,18 -19,32 -157,231 1637057322
1 1 28 5,68 -19,32 -157,231 1637057323
1 1 28 5,61 -19,07 -157,237 1637057323
1 1 28 5,43 -18,89 -157,255 1637057324
1 1 28 5,18 -18,82 -157,267 1637057324
1 1 28 4,93 -18,89 -157,225 1637057325
1 1 28 4,74 -19,07 -157,212 1637057325
1 1 28 4,68 -19,32 -157,267 1637057326
1 1 28 4,74 -19,57 -157,170 1637057326
1 1 28 4,93 -19,75 -157,194 1637057326
1 1 28 5,18 -19,82 -157,212 1637057327
1 1 28 5,43 -19,75 -157,274 1637057328
1 1 28 5,61 -19,57 -157,206 1637057328
1 1 29 10,00 -17,32 -157,328 1637057329
1 1 29 10,50 -17,32 -157,292 1637057329
1 1 29 10,43 -17,07 -157,255 1637057329
1 1 29 10,25 -16,89 -157,249 1637057330
1 1 29 10,00 -16,82 -157,274 1637057330
1 1 29 9,75 -16,89 -157,267 1637057331
1 1 29 9,57 -17,07 -157,280 1637057331
1 1 29 9,50 -17,32 -157,261 1637057331
1 1 29 9,57 -17,57 -157,212 1637057332
1 1 29 9,75 -17,75 -157,237 1637057332
1 1 29 10,00 -17,82 -157,261 1637057332
1 1 29 10,25 -17,75 -157,212 1637057333
1 1 29 10,43 -17,57 -157,231 1637057333
1 1 30 14,14 -14,14 -157,304 1637057334
1 1 30 14,64 -14,14 -157,310 1637057335
1 1 30 14,58 -13,89 -157,286 1637057335
1 1 30 14,39 -13,71 -157,188 1637057336
1 1 30 14,14 -13,64 -157,237 1637057336
1 1 30 13,89 -13,71 -157,231 1637057337
1 1 30 13,71 -13,89 -157,219 1637057337
1 1 30 13,64 -14,14 -157,249 1637057338
1 1 30 13,71 -14,39 -157,225 1637057338
1 1 30 13,89 -14,58 -157,194 1637057339
1 1 30 14,14 -14,64 -157,212 1637057339
1 1 30 14,39 -14,58 -157,292 1637057340
1 1 30 14,58 -14,39 -157,249 1637057340
1 1 31 17,32 -10,00 -157,280 1637057341
1 1 31 17,82 -10,00 -157,188 1637057341
1 1 31 17,75 -9,75 -157,292 1637057342
1 1 31 17,57 -9,57 -157,280 1637057342
1 1 31 17,32 -9,50 -157,310 1637057343
1 1 31 17,07 -9,57 -157,274 1637057343
1 1 31 16,89 -9,75 -157,231 1637057344
1 1 31 16,82 -10,00 -157,231 1637057345
1 1 31 16,89 -10,25 -157,286 1637057345
1 1 31 17,07 -10,43 -157,225 1637057345
1 1 31 17,32 -10,50 -157,261 1637057346
1 1 31 17,57 -10,43 -157,274 1637057347
1 1 31 17,75 -10,25 -157,219 1637057347
1 1 32 19,32 -5,18 -157,243 1637057348
1 1 32 19,82 -5,18 -157,212 1637057348
1 1 32 19,75 -4,93 -157,249 1637057349
1 1 32 19,57 -4,74 -157,286 1637057349
1 1 32 19,32 -4,68 -157,188 1637057350
1 1 32 19,07 -4,74 -157,212 1637057350
1 1 32 18,89 -4,93 -157,237 1637057350
1 1 32 18,82 -5,18 -157,237 1637057351
1 1 32 18,89 -5,43 -157,267 1637057351
1 1 32 19,07 -5,61 -157,280 1637057351
1 1 32 19,32 -5,68 -157,225 1637057352
1 1 32 19,57 -5,61 -157,225 1637057352
1 1 32 19,75 -5,43 -157,170 1637057352
1 1 33 12,56 -3,36 -157,212 1637057353
1 1 33 13,06 -3,36 -157,194 1637057354
1 1 33 12,99 -3,11 -157,188 1637057355
1 1 33 12,81 -2,93 -157,225 1637057355
1 1 33 12,56 -2,86 -157,255 1637057356
1 1 33 12,31 -2,93 -157,243 1637057356
1 1 33 12,12 -3,11 -157,212 1637057356
1 1 33 12,06 -3,36 -157,219 1637057357
1 1 33 12,12 -3,61 -157,261 1637057358
1 1 33 12,31 -3,80 -157,249 1637057358
1 1 33 12,56 -3,86 -157,274 1637057359
1 1 33 12,81 -3,80 -157,255 1637057359
1 1 33 12,99 -3,61 -157,231 1637057360
1 1 34 9,19 -9,19 -157,261 1637057361
1 1 34 9,69 -9,19 -157,225 1637057361
1 1 34 9,63 -8,94 -157,267 1637057361
1 1 34 9,44 -8,76 -157,225 1637057362
1 1 34 9,19 -8,69 -157,225 1637057362
1 1 34 8,94 -8,76 -157,286 1637057362
1 1 34 8,76 -8,94 -157,225 1637057363
1 1 34 8,69 -9,19 -157,243 1637057363
1 1 34 8,76 -9,44 -157,261 1637057363
1 1 34 8,94 -9,63 -157,261 1637057364
1 1 34 9,19 -9,69 -157,292 1637057364
1 1 34 9,44 -9,63 -157,212 1637057365
1 1 34 9,63 -9,44 -157,188 1637057365
1 1 35 3,36 -12,56 -157,176 1637057366
1 1 35 3,86 -12,56 -157,225 1637057366
1 1 35 3,80 -12,31 -157,212 1637057367
1 1 35 3,61 -12,12 -157,237 1637057367
1 1 35 3,36 -12,06 -157,182 1637057368
1 1 35 3,11 -12,12 -157,164 1637057368
1 1 35 2,93 -12,31 -157,231 1637057369
1 1 35 2,86 -12,56 -157,261 1637057369
1 1 35 2,93 -12,81 -157,292 1637057370
1 1 35 3,11 -12,99 -157,243 1637057370
1 1 35 3,36 -13,06 -157,249 1637057371
1 1 35 3,61 -12,99 -157,182 1637057372
1 1 35 3,80 -12,81 -157,310 1637057372
1 1 36 4,24 -4,24 -157,176 1637057373
1 1 36 4,74 -4,24 -157,194 1637057374
1 1 36 4,68 -3,99 -157,151 1637057374
1 1 36 4,49 -3,81 -157,267 1637057374
1 1 36 4,24 -3,74 -157,243 1637057375
1 1 36 3,99 -3,81 -157,200 1637057376
1 1 36 3,81 -3,99 -157,261 1637057376
1 1 36 3,74 -4,24 -157,188 1637057377
1 1 36 3,81 -4,49 -157,298 1637057377
1 1 36 3,99 -4,68 -157,206 1637057378
1 1 36 4,24 -4,74 -157,158 1637057378
1 1 36 4,49 -4,68 -157,249 1637057379
1 1 36 4,68 -4,49 -157,212 1637057379
1 1 37 27,00 0,00 -157,151 1637057381
1 1 37 27,50 0,00 -157,243 1637057381
1 1 37 27,43 0,25 -157,310 1637057382
1 1 37 27,25 0,43 -157,158 1637057382
1 1 37 27,00 0,50 -157,237 1637057383
1 1 37 26,75 0,43 -157,231 1637057384
1 1 37 26,57 0,25 -157,182 1637057384
1 1 37 26,50 0,00 -157,164 1637057385
1 1 37 26,57 -0,25 -157,133 1637057385
1 1 37 26,75 -0,43 -157,243 1637057386
1 1 37 27,00 -0,50 -157,231 1637057386
1 1 37 27,25 -0,43 -157,286 1637057387
1 1 37 27,43 -0,25 -157,200 1637057387
1 1 38 26,08 6,99 -157,060 1637057388
1 1 38 26,58 6,99 -157,170 1637057389
1 1 38 26,51 7,24 -157,145 1637057390
1 1 38 26,33 7,42 -157,237 1637057390
1 1 38 26,08 7,49 -157,115 1637057390
1 1 38 25,83 7,42 -157,237 1637057391
1 1 38 25,65 7,24 -157,237 1637057391
1 1 38 25,58 6,99 -157,133 1637057392
1 1 38 25,65 6,74 -157,188 1637057392
1 1 38 25,83 6,56 -157,206 1637057393
1 1 38 26,08 6,49 -157,182 1637057393
1 1 38 26,33 6,56 -157,322 1637057394
1 1 38 26,51 6,74 -157,292 1637057394
1 1 39 23,38 13,50 -157,182 1637057395
1 1 39 23,88 13,50 -157,274 1637057395
1 1 39 23,82 13,75 -157,231 1637057396
1 1 39 23,63 13,93 -157,225 1637057397
1 1 39 23,38 14,00 -157,243 1637057397
1 1 39 23,13 13,93 -157,231 1637057398
1 1 39 22,95 13,75 -157,286 1637057398
1 1 39 22,88 13,50 -157,261 1637057399
1 1 39 22,95 13,25 -157,231 1637057399
1 1 39 23,13 13,07 -157,267 1637057400
1 1 39 23,38 13,00 -157,225 1637057400
1 1 39 23,63 13,07 -157,280 1637057401
1 1 39 23,82 13,25 -157,280 1637057401
1 1 40 19,09 19,09 -157,176 1637057402
1 1 40 19,59 19,09 -157,212 1637057402
1 1 40 19,52 19,34 -157,219 1637057403
1 1 40 19,34 19,52 -157,231 1637057403
1 1 40 19,09 19,59 -157,274 1637057404
1 1 40 18,84 19,52 -157,194 1637057404
1 1 40 18,66 19,34 -157,212 1637057405
1 1 40 18,59 19,09 -157,237 1637057405
1 1 40 18,66 18,84 -157,212 1637057406
1 1 40 18,84 18,66 -157,194 1637057406
1 1 40 19,09 18,59 -157,231 1637057407
1 1 40 19,34 18,66 -157,249 1637057407
1 1 40 19,52 18,84 -157,261 1637057408
1 1 41 13,50 23,38 -157,243 1637057409
1 1 41 14,00 23,38 -157,145 1637057409
1 1 41 13,93 23,63 -157,261 1637057410
1 1 41 13,75 23,82 -157,255 1637057410
1 1 41 13,50 23,88 -157,225 1637057411
1 1 41 13,25 23,82 -157,249 1637057411
1 1 41 13,07 23,63 -157,170 1637057412
1 1 41 13,00 23,38 -157,225 1637057412
1 1 41 13,07 23,13 -157,200 1637057413
1 1 41 13,25 22,95 -157,188 1637057413
1 1 41 13,50 22,88 -157,212 1637057414
1 1 41 13,75 22,95 -157,176 1637057415
1 1 41 13,93 23,13 -157,219 1637057415
1 1 42 6,99 26,08 -157,212 1637057416
1 1 42 7,49 26,08 -157,255 1637057417
1 1 42 7,42 26,33 -157,243 1637057417
1 1 42 7,24 26,51 -157,225 1637057417
1 1 42 6,99 26,58 -157,188 1637057418
1 1 42 6,74 26,51 -157,212 1637057419
1 1 42 6,56 26,33 -157,212 1637057419
1 1 42 6,49 26,08 -157,255 1637057419
1 1 42 6,56 25,83 -157,206 1637057420
1 1 42 6,74 25,65 -157,145 1637057420
1 1 42 6,99 25,58 -157,328 1637057421
1 1 42 7,24 25,65 -157,225 1637057422
1 1 42 7,42 25,83 -157,206 1637057422
1 1 43 0,00 27,00 -157,164 1637057423
1 1 43 0,50 27,00 -157,231 1637057423
1 1 43 0,43 27,25 -157,243 1637057424
1 1 43 0,25 27,43 -157,182 1637057424
1 1 43 0,00 27,50 -157,219 1637057425
1 1 43 -0,25 27,43 -157,225 1637057426
1 1 43 -0,43 27,25 -157,194 1637057426
1 1 43 -0,50 27,00 -157,225 1637057426
1 1 43 -0,43 26,75 -157,219 1637057427
1 1 43 -0,25 26,57 -157,261 1637057428
1 1 43 0,00 26,50 -157,158 1637057428
1 1 43 0,25 26,57 -157,212 1637057429
1 1 43 0,43 26,75 -157,243 1637057429
1 1 44 -6,99 26,08 -157,212 1637057430
1 1 44 -6,49 26,08 -157,286 1637057431
1 1 44 -6,56 26,33 -157,219 1637057431
1 1 44 -6,74 26,51 -157,219 1637057432
1 1 44 -6,99 26,58 -157,194 1637057432
1 1 44 -7,24 26,51 -157,139 1637057433
1 1 44 -7,42 26,33 -157,212 1637057433
1 1 44 -7,49 26,08 -157,286 1637057434
1 1 44 -7,42 25,83 -157,225 1637057434
1 1 44 -7,24 25,65 -157,133 1637057435
1 1 44 -6,99 25,58 -157,280 1637057435
1 1 44 -6,74 25,65 -157,176 1637057436
1 1 44 -6,56 25,83 -157,249 1637057436
1 1 45 -13,50 23,38 -157,109 1637057437
1 1 45 -13,00 23,38 -157,158 1637057437
1 1 45 -13,07 23,63 -157,261 1637057437
1 1 45 -13,25 23,82 -157,219 1637057438
1 1 45 -13,50 23,88 -157,188 1637057438
1 1 45 -13,75 23,82 -157,219 1637057438
1 1 45 -13,93 23,63 -157,261 1637057439
1 1 45 -14,00 23,38 -157,280 1637057439
1 1 45 -13,93 23,13 -157,170 1637057440
1 1 45 -13,75 22,95 -157,225 1637057440
1 1 45 -13,50 22,88 -157,225 1637057441
1 1 45 -13,25 22,95 -157,237 1637057442
1 1 45 -13,07 23,13 -157,206 1637057442
1 1 46 -19,09 19,09 -157,206 1637057443
1 1 46 -18,59 19,09 -157,255 1637057443
1 1 46 -18,66 19,34 -157,249 1637057444
1 1 46 -18,84 19,52 -157,188 1637057444
1 1 46 -19,09 19,59 -157,261 1637057445
1 1 46 -19,34 19,52 -157,267 1637057445
1 1 46 -19,52 19,34 -157,261 1637057446
1 1 46 -19,59 19,09 -157,255 1637057446
1 1 46 -19,52 18,84 -157,219 1637057447
1 1 46 -19,34 18,66 -157,139 1637057447
1 1 46 -19,09 18,59 -157,237 1637057448
1 1 46 -18,84 18,66 -157,225 1637057449
1 1 46 -18,66 18,84 -157,225 1637057449
1 1 47 -23,38 13,50 -157,267 1637057450
1 1 47 -22,88 13,50 -157,280 1637057450
1 1 47 -22,95 13,75 -157,267 1637057451
1 1 47 -23,13 13,93 -157,219 1637057451
1 1 47 -23,38 14,00 -157,231 1637057451
1 1 47 -23,63 13,93 -157,261 1637057452
1 1 47 -23,82 13,75 -157,219 1637057453
1 1 47 -23,88 13,50 -157,212 1637057453
1 1 47 -23,82 13,25 -157,212 1637057454
1 1 47 -23,63 13,07 -157,243 1637057454
1 1 47 -23,38 13,00 -157,188 1637057455
1 1 47 -23,13 13,07 -157,231 1637057455
1 1 47 -22,95 13,25 -157,292 1637057455
1 1 48 -26,08 6,99 -157,212 1637057456
1 1 48 -25,58 6,99 -157,286 1637057457
1 1 48 -25,65 7,24 -157,084 1637057458
1 1 48 -25,83 7,42 -157,310 1637057458
1 1 48 -26,08 7,49 -157,139 1637057459
1 1 48 -26,33 7,42 -157,194 1637057459
1 1 48 -26,51 7,24 -157,316 1637057459
1 1 48 -26,58 6,99 -157,267 1637057460
1 1 48 -26,51 6,74 -157,286 1637057461
1 1 48 -26,33 6,56 -157,274 1637057461
1 1 48 -26,08 6,49 -157,237 1637057462
1 1 48 -25,83 6,56 -157,212 1637057462
1 1 48 -25,65 6,74 -157,096 1637057463
1 1 49 -27,00 0,00 -157,200 1637057463
1 1 49 -26,50 0,00 -157,188 1637057464
1 1 49 -26,57 0,25 -157,212 1637057465
1 1 49 -26,75 0,43 -157,225 1637057465
1 1 49 -27,00 0,50 -157,243 1637057466
1 1 49 -27,25 0,43 -157,109 1637057466
1 1 49 -27,43 0,25 -157,286 1637057466
1 1 49 -27,50 0,00 -157,237 1637057467
1 1 49 -27,43 -0,25 -157,267 1637057468
1 1 49 -27,25 -0,43 -157,237 1637057468
1 1 49 -27,00 -0,50 -157,219 1637057469
1 1 49 -26,75 -0,43 -157,170 1637057469
1 1 49 -26,57 -0,25 -157,243 1637057470
1 1 50 -26,08 -6,99 -157,322 1637057470
1 1 50 -25,58 -6,99 -157,225 1637057471
1 1 50 -25,65 -6,74 -157,292 1637057471
1 1 50 -25,83 -6,56 -157,225 1637057472
1 1 50 -26,08 -6,49 -157,267 1637057473
1 1 50 -26,33 -6,56 -157,194 1637057473
1 1 50 -26,51 -6,74 -157,200 1637057474
1 1 50 -26,58 -6,99 -157,243 1637057474
1 1 50 -26,51 -7,24 -157,151 1637057475
1 1 50 -26,33 -7,42 -157,243 1637057475
1 1 50 -26,08 -7,49 -157,304 1637057476
1 1 50 -25,83 -7,42 -157,237 1637057476
1 1 50 -25,65 -7,24 -157,206 1637057477
1 1 51 -23,38 -13,50 -157,225 1637057477
1 1 51 -22,88 -13,50 -157,225 1637057478
1 1 51 -22,95 -13,25 -157,225 1637057479
1 1 51 -23,13 -13,07 -157,231 1637057479
1 1 51 -23,38 -13,00 -157,212 1637057480
1 1 51 -23,63 -13,07 -157,249 1637057481
1 1 51 -23,82 -13,25 -157,231 1637057481
1 1 51 -23,88 -13,50 -157,200 1637057481
1 1 51 -23,82 -13,75 -157,316 1637057482
1 1 51 -23,63 -13,93 -157,225 1637057482
1 1 51 -23,38 -14,00 -157,249 1637057483
1 1 51 -23,13 -13,93 -157,231 1637057484
1 1 51 -22,95 -13,75 -157,237 1637057484
1 1 52 -19,09 -19,09 -157,164 1637057485
1 1 52 -18,59 -19,09 -157,261 1637057486
1 1 52 -18,66 -18,84 -157,219 1637057486
1 1 52 -18,84 -18,66 -157,206 1637057486
1 1 52 -19,09 -18,59 -157,255 1637057487
1 1 52 -19,34 -18,66 -157,243 1637057488
1 1 52 -19,52 -18,84 -157,255 1637057488
1 1 52 -19,59 -19,09 -157,194 1637057489
1 1 52 -19,52 -19,34 -157,200 1637057489
1 1 52 -19,34 -19,52 -157,255 1637057490
1 1 52 -19,09 -19,59 -157,188 1637057490
1 1 52 -18,84 -19,52 -157,225 1637057491
1 1 52 -18,66 -19,34 -157,231 1637057491
1 1 53 -13,50 -23,38 -157,267 1637057492
1 1 53 -13,00 -23,38 -157,261 1637057493
1 1 53 -13,07 -23,13 -157,225 1637057493
1 1 53 -13,25 -22,95 -157,243 1637057494
1 1 53 -13,50 -22,88 -157,249 1637057494
1 1 53 -13,75 -22,95 -157,274 1637057495
1 1 53 -13,93 -23,13 -157,237 1637057495
1 1 53 -14,00 -23,38 -157,206 1637057496
1 1 53 -13,93 -23,63 -157,231 1637057497
1 1 53 -13,75 -23,82 -157,231 1637057497
1 1 53 -13,50 -23,88 -157,231 1637057497
1 1 53 -13,25 -23,82 -157,280 1637057498
1 1 53 -13,07 -23,63 -157,158 1637057498
1 1 54 -6,99 -26,08 -157,212 1637057499
1 1 54 -6,49 -26,08 -157,219 1637057500
1 1 54 -6,56 -25,83 -157,200 1637057501
1 1 54 -6,74 -25,65 -157,225 1637057501
1 1 54 -6,99 -25,58 -157,249 1637057501
1 1 54 -7,24 -25,65 -157,261 1637057502
1 1 54 -7,42 -25,83 -157,280 1637057502
1 1 54 -7,49 -26,08 -157,274 1637057503
1 1 54 -7,42 -26,33 -157,261 1637057504
1 1 54 -7,24 -26,51 -157,206 1637057504
1 1 54 -6,99 -26,58 -157,212 1637057504
1 1 54 -6,74 -26,51 -157,231 1637057505
1 1 54 -6,56 -26,33 -157,267 1637057505
1 1 55 -0,00 -27,00 -157,249 1637057506
1 1 55 0,50 -27,00 -157,243 1637057507
1 1 55 0,43 -26,75 -157,249 1637057508
1 1 55 0,25 -26,57 -157,274 1637057508
1 1 55 -0,00 -26,50 -157,243 1637057509
1 1 55 -0,25 -26,57 -157,286 1637057509
1 1 55 -0,43 -26,75 -157,267 1637057509
1 1 55 -0,50 -27,00 -157,261 1637057510
1 1 55 -0,43 -27,25 -157,188 1637057510
1 1 55 -0,25 -27,43 -157,249 1637057511
1 1 55 -0,00 -27,50 -157,267 1637057511
1 1 55 0,25 -27,43 -157,212 1637057511
1 1 55 0,43 -27,25 -157,225 1637057512
1 1 56 6,99 -26,08 -157,292 1637057513
1 1 56 7,49 -26,08 -157,298 1637057513
1 1 56 7,42 -25,83 -157,231 1637057514
1 1 56 7,24 -25,65 -157,286 1637057515
1 1 56 6,99 -25,58 -157,237 1637057515
1 1 56 6,74 -25,65 -157,225 1637057516
1 1 56 6,56 -25,83 -157,328 1637057516
1 1 56 6,49 -26,08 -157,267 1637057517
1 1 56 6,56 -26,33 -157,200 1637057518
1 1 56 6,74 -26,51 -157,225 1637057518
1 1 56 6,99 -26,58 -157,225 1637057519
1 1 56 7,24 -26,51 -157,274 1637057519
1 1 56 7,42 -26,33 -157,328 1637057520
1 1 57 13,50 -23,38 -157,219 1637057520
1 1 57 14,00 -23,38 -157,267 1637057521
1 1 57 13,93 -23,13 -157,237 1637057521
1 1 57 13,75 -22,95 -157,176 1637057522
1 1 57 13,50 -22,88 -157,316 1637057522
1 1 57 13,25 -22,95 -157,316 1637057523
1 1 57 13,07 -23,13 -157,188 1637057523
1 1 57 13,00 -23,38 -157,231 1637057524
1 1 57 13,07 -23,63 -157,274 1637057525
1 1 57 13,25 -23,82 -157,261 1637057525
1 1 57 13,50 -23,88 -157,231 1637057526
1 1 57 13,75 -23,82 -157,261 1637057526
1 1 57 13,93 -23,63 -157,231 1637057527
1 1 58 19,09 -19,09 -157,274 1637057527
1 1 58 19,59 -19,09 -157,231 1637057528
1 1 58 19,52 -18,84 -157,225 1637057529
1 1 58 19,34 -18,66 -157,219 1637057529
1 1 58 19,09 -18,59 -157,139 1637057530
1 1 58 18,84 -18,66 -157,219 1637057530
1 1 58 18,66 -18,84 -157,225 1637057530
1 1 58 18,59 -19,09 -157,231 1637057531
1 1 58 18,66 -19,34 -157,286 1637057532
1 1 58 18,84 -19,52 -157,145 1637057532
1 1 58 19,09 -19,59 -157,292 1637057533
1 1 58 19,34 -19,52 -157,194 1637057533
1 1 58 19,52 -19,34 -157,304 1637057533
1 1 59 23,38 -13,50 -157,164 1637057534
1 1 59 23,88 -13,50 -157,237 1637057535
1 1 59 23,82 -13,25 -157,274 1637057536
1 1 59 23,63 -13,07 -157,267 1637057536
1 1 59 23,38 -13,00 -157,255 1637057536
1 1 59 23,13 -13,07 -157,249 1637057537
1 1 59 22,95 -13,25 -157,274 1637057537
1 1 59 22,88 -13,50 -157,261 1637057538
1 1 59 22,95 -13,75 -157,206 1637057538
1 1 59 23,13 -13,93 -157,243 1637057539
1 1 59 23,38 -14,00 -157,231 1637057539
1 1 59 23,63 -13,93 -157,212 1637057540
1 1 59 23,82 -13,75 -157,255 1637057540
1 1 60 26,08 -6,99 -157,182 1637057541
1 1 60 26,58 -6,99 -157,267 1637057541
1 1 60 26,51 -6,74 -157,261 1637057542
1 1 60 26,33 -6,56 -157,219 1637057542
1 1 60 26,08 -6,49 -157,261 1637057543
1 1 60 25,83 -6,56 -157,200 1637057543
1 1 60 25,65 -6,74 -157,231 1637057543
1 1 60 25,58 -6,99 -157,274 1637057544
1 1 60 25,65 -7,24 -157,237 1637057544
1 1 60 25,83 -7,42 -157,200 1637057545
1 1 60 26,08 -7,49 -157,219 1637057545
1 1 60 26,33 -7,42 -157,231 1637057545
1 1 60 26,51 -7,24 -157,261 1637057546
