1 1 1 4,24 4,24 -157,200 1637055882
1 1 1 4,74 4,24 -157,188 1637055883
1 1 1 4,68 4,49 -157,255 1637055883
1 1 1 4,49 4,68 -157,292 1637055884
1 1 1 4,24 4,74 -157,286 1637055885
1 1 1 3,99 4,68 -157,194 1637055885
1 1 1 3,81 4,49 -157,292 1637055885
1 1 1 3,74 4,24 -157,212 1637055886
1 1 1 3,81 3,99 -157,225 1637055887
1 1 1 3,99 3,81 -157,237 1637055887
1 1 1 4,24 3,74 -157,237 1637055887
1 1 1 4,49 3,81 -157,212 1637055888
1 1 1 4,68 3,99 -157,286 1637055888
1 1 2 3,36 12,56 -157,249 1637055889
1 1 2 3,86 12,56 -157,212 1637055890
1 1 2 3,80 12,81 -157,237 1637055891
1 1 2 3,61 12,99 -157,237 1637055891
1 1 2 3,36 13,06 -157,274 1637055891
1 1 2 3,11 12,99 -157,206 1637055892
1 1 2 2,93 12,81 -157,194 1637055892
1 1 2 2,86 12,56 -157,219 1637055893
1 1 2 2,93 12,31 -157,164 1637055893
1 1 2 3,11 12,12 -157,261 1637055893
1 1 2 3,36 12,06 -157,225 1637055894
1 1 2 3,61 12,12 -157,164 1637055894
1 1 2 3,80 12,31 -157,335 1637055895
1 1 3 9,19 9,19 -157,237 1637055896
1 1 3 9,69 9,19 -157,212 1637055896
1 1 3 9,63 9,44 -157,212 1637055896
1 1 3 9,44 9,63 -157,219 1637055897
1 1 3 9,19 9,69 -157,194 1637055897
1 1 3 8,94 9,63 -157,280 1637055897
1 1 3 8,76 9,44 -157,212 1637055898
1 1 3 8,69 9,19 -157,310 1637055899
1 1 3 8,76 8,94 -157,121 1637055899
1 1 3 8,94 8,76 -157,249 1637055899
1 1 3 9,19 8,69 -157,206 1637055900
1 1 3 9,44 8,76 -157,212 1637055901
1 1 3 9,63 8,94 -157,212 1637055901
1 1 4 12,56 3,36 -157,237 1637055902
1 1 4 13,06 3,36 -157,188 1637055902
1 1 4 12,99 3,61 -157,212 1637055903
1 1 4 12,81 3,80 -157,225 1637055903
1 1 4 12,56 3,86 -157,194 1637055904
1 1 4 12,31 3,80 -157,286 1637055905
1 1 4 12,12 3,61 -157,225 1637055905
1 1 4 12,06 3,36 -157,206 1637055906
1 1 4 12,12 3,11 -157,274 1637055906
1 1 4 12,31 2,93 -157,133 1637055906
1 1 4 12,56 2,86 -157,335 1637055907
1 1 4 12,81 2,93 -157,194 1637055907
1 1 4 12,99 3,11 -157,267 1637055908
1 1 5 19,32 5,18 -157,212 1637055909
1 1 5 19,82 5,18 -157,231 1637055909
1 1 5 19,75 5,43 -157,310 1637055909
1 1 5 19,57 5,61 -157,261 1637055910
1 1 5 19,32 5,68 -157,231 1637055910
1 1 5 19,07 5,61 -157,164 1637055910
1 1 5 18,89 5,43 -157,267 1637055911
1 1 5 18,82 5,18 -157,206 1637055912
1 1 5 18,89 4,93 -157,249 1637055912
1 1 5 19,07 4,74 -157,158 1637055912
1 1 5 19,32 4,68 -157,212 1637055913
1 1 5 19,57 4,74 -157,286 1637055914
1 1 5 19,75 4,93 -157,298 1637055914
1 1 6 17,32 10,00 -157,249 1637055915
1 1 6 17,82 10,00 -157,212 1637055915
1 1 6 17,75 10,25 -157,237 1637055916
1 1 6 17,57 10,43 -157,261 1637055916
1 1 6 17,32 10,50 -157,212 1637055916
1 1 6 17,07 10,43 -157,212 1637055917
1 1 6 16,89 10,25 -157,243 1637055917
1 1 6 16,82 10,00 -157,212 1637055918
1 1 6 16,89 9,75 -157,219 1637055919
1 1 6 17,07 9,57 -157,267 1637055919
1 1 6 17,32 9,50 -157,249 1637055919
1 1 6 17,57 9,57 -157,286 1637055920
1 1 6 17,75 9,75 -157,225 1637055920
1 1 7 14,14 14,14 -157,127 1637055921
1 1 7 14,64 14,14 -157,243 1637055922
1 1 7 14,58 14,39 -157,225 1637055922
1 1 7 14,39 14,58 -157,261 1637055923
1 1 7 14,14 14,64 -157,212 1637055923
1 1 7 13,89 14,58 -157,219 1637055924
1 1 7 13,71 14,39 -157,231 1637055924
1 1 7 13,64 14,14 -157,188 1637055925
1 1 7 13,71 13,89 -157,237 1637055925
1 1 7 13,89 13,71 -157,219 1637055926
1 1 7 14,14 13,64 -157,182 1637055926
1 1 7 14,39 13,71 -157,200 1637055927
1 1 7 14,58 13,89 -157,261 1637055927
1 1 8 10,00 17,32 -157,286 1637055928
1 1 8 10,50 17,32 -157,243 1637055929
1 1 8 10,43 17,57 -157,164 1637055929
1 1 8 10,25 17,75 -157,267 1637055930
1 1 8 10,00 17,82 -157,188 1637055930
1 1 8 9,75 17,75 -157,225 1637055931
1 1 8 9,57 17,57 -157,267 1637055931
1 1 8 9,50 17,32 -157,212 1637055932
1 1 8 9,57 17,07 -157,255 1637055932
1 1 8 9,75 16,89 -157,231 1637055932
1 1 8 10,00 16,82 -157,225 1637055933
1 1 8 10,25 16,89 -157,188 1637055934
1 1 8 10,43 17,07 -157,231 1637055934
1 1 9 5,18 19,32 -157,212 1637055935
1 1 9 5,68 19,32 -157,310 1637055935
1 1 9 5,61 19,57 -157,261 1637055935
1 1 9 5,43 19,75 -157,219 1637055936
1 1 9 5,18 19,82 -157,249 1637055937
1 1 9 4,93 19,75 -157,243 1637055937
1 1 9 4,74 19,57 -157,170 1637055938
1 1 9 4,68 19,32 -157,212 1637055938
1 1 9 4,74 19,07 -157,170 1637055939
1 1 9 4,93 18,89 -157,225 1637055939
1 1 9 5,18 18,82 -157,267 1637055940
1 1 9 5,43 18,89 -157,243 1637055940
1 1 9 5,61 19,07 -157,249 1637055940
1 1 10 -5,18 19,32 -157,225 1637055941
1 1 10 -4,68 19,32 -157,237 1637055942
1 1 10 -4,74 19,57 -157,280 1637055942
1 1 10 -4,93 19,75 -157,188 1637055942
1 1 10 -5,18 19,82 -157,212 1637055943
1 1 10 -5,43 19,75 -157,225 1637055943
1 1 10 -5,61 19,57 -157,133 1637055944
1 1 10 -5,68 19,32 -157,225 1637055944
1 1 10 -5,61 19,07 -157,274 1637055944
1 1 10 -5,43 18,89 -157,200 1637055945
1 1 10 -5,18 18,82 -157,225 1637055946
1 1 10 -4,93 18,89 -157,206 1637055946
1 1 10 -4,74 19,07 -157,206 1637055947
1 1 11 -10,00 17,32 -157,188 1637055947
1 1 11 -9,50 17,32 -157,194 1637055948
1 1 11 -9,57 17,57 -157,255 1637055948
1 1 11 -9,75 17,75 -157,225 1637055949
1 1 11 -10,00 17,82 -157,255 1637055950
1 1 11 -10,25 17,75 -157,225 1637055950
1 1 11 -10,43 17,57 -157,188 1637055951
1 1 11 -10,50 17,32 -157,212 1637055951
1 1 11 -10,43 17,07 -157,158 1637055952
1 1 11 -10,25 16,89 -157,274 1637055952
1 1 11 -10,00 16,82 -157,206 1637055953
1 1 11 -9,75 16,89 -157,219 1637055953
1 1 11 -9,57 17,07 -157,274 1637055954
1 1 12 -14,14 14,14 -157,219 1637055955
1 1 12 -13,64 14,14 -157,212 1637055955
1 1 12 -13,71 14,39 -157,225 1637055956
1 1 12 -13,89 14,58 -157,225 1637055956
1 1 12 -14,14 14,64 -157,212 1637055957
1 1 12 -14,39 14,58 -157,225 1637055957
1 1 12 -14,58 14,39 -157,219 1637055958
1 1 12 -14,64 14,14 -157,219 1637055958
1 1 12 -14,58 13,89 -157,127 1637055959
1 1 12 -14,39 13,71 -157,212 1637055959
1 1 12 -14,14 13,64 -157,219 1637055960
1 1 12 -13,89 13,71 -157,225 1637055960
1 1 12 -13,71 13,89 -157,231 1637055961
1 1 13 -17,32 10,00 -157,200 1637055962
1 1 13 -16,82 10,00 -157,274 1637055962
1 1 13 -16,89 10,25 -157,212 1637055963
1 1 13 -17,07 10,43 -157,298 1637055963
1 1 13 -17,32 10,50 -157,243 1637055964
1 1 13 -17,57 10,43 -157,231 1637055964
1 1 13 -17,75 10,25 -157,237 1637055965
1 1 13 -17,82 10,00 -157,188 1637055965
1 1 13 -17,75 9,75 -157,243 1637055966
1 1 13 -17,57 9,57 -157,231 1637055966
1 1 13 -17,32 9,50 -157,188 1637055967
1 1 13 -17,07 9,57 -157,237 1637055967
1 1 13 -16,89 9,75 -157,219 1637055968
1 1 14 -19,32 5,18 -157,255 1637055968
1 1 14 -18,82 5,18 -157,225 1637055969
1 1 14 -18,89 5,43 -157,219 1637055970
1 1 14 -19,07 5,61 -157,206 1637055970
1 1 14 -19,32 5,68 -157,255 1637055970
1 1 14 -19,57 5,61 -157,219 1637055971
1 1 14 -19,75 5,43 -157,255 1637055971
1 1 14 -19,82 5,18 -157,164 1637055972
1 1 14 -19,75 4,93 -157,206 1637055973
1 1 14 -19,57 4,74 -157,237 1637055973
1 1 14 -19,32 4,68 -157,212 1637055974
1 1 14 -19,07 4,74 -157,298 1637055974
1 1 14 -18,89 4,93 -157,274 1637055974
1 1 15 -12,56 3,36 -157,231 1637055975
1 1 15 -12,06 3,36 -157,182 1637055976
1 1 15 -12,12 3,61 -157,219 1637055977
1 1 15 -12,31 3,80 -157,188 1637055977
1 1 15 -12,56 3,86 -157,237 1637055977
1 1 15 -12,81 3,80 -157,158 1637055978
1 1 15 -12,99 3,61 -157,267 1637055978
1 1 15 -13,06 3,36 -157,280 1637055979
1 1 15 -12,99 3,11 -157,237 1637055979
1 1 15 -12,81 2,93 -157,243 1637055980
1 1 15 -12,56 2,86 -157,231 1637055980
1 1 15 -12,31 2,93 -157,274 1637055981
1 1 15 -12,12 3,11 -157,188 1637055981
1 1 16 -9,19 9,19 -157,194 1637055982
1 1 16 -8,69 9,19 -157,286 1637055982
1 1 16 -8,76 9,44 -157,286 1637055983
1 1 16 -8,94 9,63 -157,164 1637055984
1 1 16 -9,19 9,69 -157,225 1637055984
1 1 16 -9,44 9,63 -157,231 1637055985
1 1 16 -9,63 9,44 -157,286 1637055985
1 1 16 -9,69 9,19 -157,188 1637055986
1 1 16 -9,63 8,94 -157,212 1637055986
1 1 16 -9,44 8,76 -157,261 1637055987
1 1 16 -9,19 8,69 -157,249 1637055987
1 1 16 -8,94 8,76 -157,225 1637055988
1 1 16 -8,76 8,94 -157,243 1637055988
1 1 17 -3,36 12,56 -157,225 1637055989
1 1 17 -2,86 12,56 -157,237 1637055990
1 1 17 -2,93 12,81 -157,267 1637055990
1 1 17 -3,11 12,99 -157,225 1637055990
1 1 17 -3,36 13,06 -157,237 1637055991
1 1 17 -3,61 12,99 -157,243 1637055992
1 1 17 -3,80 12,81 -157,274 1637055992
1 1 17 -3,86 12,56 -157,261 1637055993
1 1 17 -3,80 12,31 -157,249 1637055993
1 1 17 -3,61 12,12 -157,212 1637055993
1 1 17 -3,36 12,06 -157,243 1637055994
1 1 17 -3,11 12,12 -157,219 1637055995
1 1 17 -2,93 12,31 -157,249 1637055995
1 1 18 -4,24 4,24 -157,274 1637055996
1 1 18 -3,74 4,24 -157,182 1637055996
1 1 18 -3,81 4,49 -157,158 1637055997
1 1 18 -3,99 4,68 -157,231 1637055997
1 1 18 -4,24 4,74 -157,274 1637055998
1 1 18 -4,49 4,68 -157,255 1637055998
1 1 18 -4,68 4,49 -157,212 1637055999
1 1 18 -4,74 4,24 -157,286 1637055999
1 1 18 -4,68 3,99 -157,292 1637056000
1 1 18 -4,49 3,81 -157,280 1637056000
1 1 18 -4,24 3,74 -157,267 1637056000
1 1 18 -3,99 3,81 -157,127 1637056001
1 1 18 -3,81 3,99 -157,286 1637056001
1 1 19 -4,24 -4,24 -157,212 1637056002
1 1 19 -3,74 -4,24 -157,231 1637056003
1 1 19 -3,81 -3,99 -157,274 1637056004
1 1 19 -3,99 -3,81 -157,243 1637056004
1 1 19 -4,24 -3,74 -157,267 1637056005
1 1 19 -4,49 -3,81 -157,182 1637056005
1 1 19 -4,68 -3,99 -157,261 1637056005
1 1 19 -4,74 -4,24 -157,237 1637056006
1 1 19 -4,68 -4,49 -157,255 1637056007
1 1 19 -4,49 -4,68 -157,237 1637056007
1 1 19 -4,24 -4,74 -157,212 1637056007
1 1 19 -3,99 -4,68 -157,274 1637056008
1 1 19 -3,81 -4,49 -157,237 1637056008
1 1 20 -3,36 -12,56 -157,237 1637056009
1 1 20 -2,86 -12,56 -157,127 1637056009
1 1 20 -2,93 -12,31 -157,219 1637056010
1 1 20 -3,11 -12,12 -157,261 1637056010
1 1 20 -3,36 -12,06 -157,188 1637056010
1 1 20 -3,61 -12,12 -157,237 1637056011
1 1 20 -3,80 -12,31 -157,231 1637056012
1 1 20 -3,86 -12,56 -157,255 1637056012
1 1 20 -3,80 -12,81 -157,225 1637056013
1 1 20 -3,61 -12,99 -157,267 1637056013
1 1 20 -3,36 -13,06 -157,267 1637056014
1 1 20 -3,11 -12,99 -157,249 1637056014
1 1 20 -2,93 -12,81 -157,194 1637056014
1 1 21 -9,19 -9,19 -157,237 1637056015
1 1 21 -8,69 -9,19 -157,274 1637056016
1 1 21 -8,76 -8,94 -157,176 1637056016
1 1 21 -8,94 -8,76 -157,158 1637056017
1 1 21 -9,19 -8,69 -157,310 1637056017
1 1 21 -9,44 -8,76 -157,261 1637056018
1 1 21 -9,63 -8,94 -157,274 1637056018
1 1 21 -9,69 -9,19 -157,267 1637056019
1 1 21 -9,63 -9,44 -157,249 1637056019
1 1 21 -9,44 -9,63 -157,219 1637056020
1 1 21 -9,19 -9,69 -157,182 1637056020
1 1 21 -8,94 -9,63 -157,243 1637056021
1 1 21 -8,76 -9,44 -157,200 1637056021
1 1 22 -12,56 -3,36 -157,182 1637056022
1 1 22 -12,06 -3,36 -157,219 1637056022
1 1 22 -12,12 -3,11 -157,225 1637056023
1 1 22 -12,31 -2,93 -157,170 1637056023
1 1 22 -12,56 -2,86 -157,249 1637056023
1 1 22 -12,81 -2,93 -157,206 1637056024
1 1 22 -12,99 -3,11 -157,267 1637056024
1 1 22 -13,06 -3,36 -157,212 1637056025
1 1 22 -12,99 -3,61 -157,212 1637056026
1 1 22 -12,81 -3,80 -157,292 1637056026
1 1 22 -12,56 -3,86 -157,237 1637056026
1 1 22 -12,31 -3,80 -157,237 1637056027
1 1 22 -12,12 -3,61 -157,231 1637056027
1 1 23 -19,32 -5,18 -157,267 1637056028
1 1 23 -18,82 -5,18 -157,182 1637056029
1 1 23 -18,89 -4,93 -157,261 1637056029
1 1 23 -19,07 -4,74 -157,212 1637056029
1 1 23 -19,32 -4,68 -157,194 1637056030
1 1 23 -19,57 -4,74 -157,225 1637056030
1 1 23 -19,75 -4,93 -157,225 1637056030
1 1 23 -19,82 -5,18 -157,212 1637056031
1 1 23 -19,75 -5,43 -157,194 1637056031
1 1 23 -19,57 -5,61 -157,237 1637056032
1 1 23 -19,32 -5,68 -157,212 1637056032
1 1 23 -19,07 -5,61 -157,298 1637056033
1 1 23 -18,89 -5,43 -157,170 1637056033
1 1 24 -17,32 -10,00 -157,286 1637056034
1 1 24 -16,82 -10,00 -157,322 1637056035
1 1 24 -16,89 -9,75 -157,231 1637056035
1 1 24 -17,07 -9,57 -157,261 1637056036
1 1 24 -17,32 -9,50 -157,182 1637056036
1 1 24 -17,57 -9,57 -157,212 1637056037
1 1 24 -17,75 -9,75 -157,255 1637056037
1 1 24 -17,82 -10,00 -157,188 1637056038
1 1 24 -17,75 -10,25 -157,353 1637056038
1 1 24 -17,57 -10,43 -157,237 1637056039
1 1 24 -17,32 -10,50 -157,274 1637056039
1 1 24 -17,07 -10,43 -157,212 1637056040
1 1 24 -16,89 -10,25 -157,292 1637056040
1 1 25 -14,14 -14,14 -157,255 1637056041
1 1 25 -13,64 -14,14 -157,206 1637056041
1 1 25 -13,71 -13,89 -157,212 1637056042
1 1 25 -13,89 -13,71 -157,225 1637056042
1 1 25 -14,14 -13,64 -157,225 1637056043
1 1 25 -14,39 -13,71 -157,225 1637056043
1 1 25 -14,58 -13,89 -157,237 1637056044
1 1 25 -14,64 -14,14 -157,231 1637056044
1 1 25 -14,58 -14,39 -157,286 1637056044
1 1 25 -14,39 -14,58 -157,212 1637056045
1 1 25 -14,14 -14,64 -157,261 1637056045
1 1 25 -13,89 -14,58 -157,249 1637056046
1 1 25 -13,71 -14,39 -157,212 1637056046
1 1 26 -10,00 -17,32 -157,243 1637056047
1 1 26 -9,50 -17,32 -157,200 1637056048
1 1 26 -9,57 -17,07 -157,261 1637056048
1 1 26 -9,75 -16,89 -157,219 1637056048
1 1 26 -10,00 -16,82 -157,225 1637056049
1 1 26 -10,25 -16,89 -157,188 1637056050
1 1 26 -10,43 -17,07 -157,304 1637056050
1 1 26 -10,50 -17,32 -157,219 1637056051
1 1 26 -10,43 -17,57 -157,200 1637056051
1 1 26 -10,25 -17,75 -157,274 1637056051
1 1 26 -10,00 -17,82 -157,261 1637056052
1 1 26 -9,75 -17,75 -157,194 1637056053
1 1 26 -9,57 -17,57 -157,292 1637056053
1 1 27 -5,18 -19,32 -157,219 1637056054
1 1 27 -4,68 -19,32 -157,219 1637056054
1 1 27 -4,74 -19,07 -157,255 1637056055
1 1 27 -4,93 -18,89 -157,182 1637056055
1 1 27 -5,18 -18,82 -157,212 1637056056
1 1 27 -5,43 -18,89 -157,225 1637056057
1 1 27 -5,61 -19,07 -157,225 1637056057
1 1 27 -5,68 -19,32 -157,212 1637056057
1 1 27 -5,61 -19,57 -157,267 1637056058
1 1 27 -5,43 -19,75 -157,261 1637056058
1 1 27 -5,18 -19,82 -157,164 1637056059
1 1 27 -4,93 -19,75 -157,182 1637056059
1 1 27 -4,74 -19,57 -157,286 1637056060
1 1 28 5,18 -19,32 -157,231 1637056061
1 1 28 5,68 -19,32 -157,231 1637056061
1 1 28 5,61 -19,07 -157,243 1637056062
1 1 28 5,43 -18,89 -157,261 1637056062
1 1 28 5,18 -18,82 -157,267 1637056063
1 1 28 4,93 -18,89 -157,225 1637056064
1 1 28 4,74 -19,07 -157,219 1637056064
1 1 28 4,68 -19,32 -157,267 1637056065
1 1 28 4,74 -19,57 -157,170 1637056065
1 1 28 4,93 -19,75 -157,200 1637056065
1 1 28 5,18 -19,82 -157,219 1637056066
1 1 28 5,43 -19,75 -157,274 1637056066
1 1 28 5,61 -19,57 -157,200 1637056067
1 1 29 10,00 -17,32 -157,328 1637056068
1 1 29 10,50 -17,32 -157,298 1637056068
1 1 29 10,43 -17,07 -157,231 1637056069
1 1 29 10,25 -16,89 -157,249 1637056069
1 1 29 10,00 -16,82 -157,280 1637056070
1 1 29 9,75 -16,89 -157,261 1637056070
1 1 29 9,57 -17,07 -157,280 1637056071
1 1 29 9,50 -17,32 -157,267 1637056071
1 1 29 9,57 -17,57 -157,212 1637056071
1 1 29 9,75 -17,75 -157,243 1637056072
1 1 29 10,00 -17,82 -157,261 1637056072
1 1 29 10,25 -17,75 -157,212 1637056072
1 1 29 10,43 -17,57 -157,231 1637056073
1 1 30 14,14 -14,14 -157,304 1637056074
1 1 30 14,64 -14,14 -157,310 1637056074
1 1 30 14,58 -13,89 -157,298 1637056075
1 1 30 14,39 -13,71 -157,188 1637056075
1 1 30 14,14 -13,64 -157,237 1637056075
1 1 30 13,89 -13,71 -157,237 1637056076
1 1 30 13,71 -13,89 -157,219 1637056076
1 1 30 13,64 -14,14 -157,255 1637056077
1 1 30 13,71 -14,39 -157,231 1637056078
1 1 30 13,89 -14,58 -157,194 1637056078
1 1 30 14,14 -14,64 -157,219 1637056078
1 1 30 14,39 -14,58 -157,298 1637056079
1 1 30 14,58 -14,39 -157,249 1637056079
1 1 31 17,32 -10,00 -157,280 1637056080
1 1 31 17,82 -10,00 -157,188 1637056081
1 1 31 17,75 -9,75 -157,286 1637056081
1 1 31 17,57 -9,57 -157,286 1637056082
1 1 31 17,32 -9,50 -157,310 1637056082
1 1 31 17,07 -9,57 -157,274 1637056082
1 1 31 16,89 -9,75 -157,231 1637056083
1 1 31 16,82 -10,00 -157,237 1637056083
1 1 31 16,89 -10,25 -157,280 1637056083
1 1 31 17,07 -10,43 -157,225 1637056084
1 1 31 17,32 -10,50 -157,261 1637056085
1 1 31 17,57 -10,43 -157,267 1637056085
1 1 31 17,75 -10,25 -157,219 1637056086
1 1 32 19,32 -5,18 -157,243 1637056086
1 1 32 19,82 -5,18 -157,212 1637056087
1 1 32 19,75 -4,93 -157,249 1637056087
1 1 32 19,57 -4,74 -157,286 1637056088
1 1 32 19,32 -4,68 -157,200 1637056088
1 1 32 19,07 -4,74 -157,212 1637056088
1 1 32 18,89 -4,93 -157,243 1637056089
1 1 32 18,82 -5,18 -157,255 1637056090
1 1 32 18,89 -5,43 -157,280 1637056090
1 1 32 19,07 -5,61 -157,280 1637056090
1 1 32 19,32 -5,68 -157,225 1637056091
1 1 32 19,57 -5,61 -157,231 1637056091
1 1 32 19,75 -5,43 -157,170 1637056091
1 1 33 12,56 -3,36 -157,219 1637056093
1 1 33 13,06 -3,36 -157,194 1637056093
1 1 33 12,99 -3,11 -157,194 1637056093
1 1 33 12,81 -2,93 -157,225 1637056094
1 1 33 12,56 -2,86 -157,261 1637056095
1 1 33 12,31 -2,93 -157,243 1637056095
1 1 33 12,12 -3,11 -157,212 1637056096
1 1 33 12,06 -3,36 -157,225 1637056096
1 1 33 12,12 -3,61 -157,261 1637056097
1 1 33 12,31 -3,80 -157,249 1637056097
1 1 33 12,56 -3,86 -157,280 1637056098
1 1 33 12,81 -3,80 -157,261 1637056098
1 1 33 12,99 -3,61 -157,231 1637056098
1 1 34 9,19 -9,19 -157,261 1637056099
1 1 34 9,69 -9,19 -157,225 1637056100
1 1 34 9,63 -8,94 -157,249 1637056101
1 1 34 9,44 -8,76 -157,219 1637056101
1 1 34 9,19 -8,69 -157,231 1637056101
1 1 34 8,94 -8,76 -157,292 1637056102
1 1 34 8,76 -8,94 -157,225 1637056102
1 1 34 8,69 -9,19 -157,249 1637056103
1 1 34 8,76 -9,44 -157,261 1637056103
1 1 34 8,94 -9,63 -157,261 1637056104
1 1 34 9,19 -9,69 -157,286 1637056104
1 1 34 9,44 -9,63 -157,206 1637056105
1 1 34 9,63 -9,44 -157,188 1637056105
1 1 35 3,36 -12,56 -157,176 1637056106
1 1 35 3,86 -12,56 -157,225 1637056106
1 1 35 3,80 -12,31 -157,225 1637056107
1 1 35 3,61 -12,12 -157,243 1637056107
1 1 35 3,36 -12,06 -157,182 1637056108
1 1 35 3,11 -12,12 -157,164 1637056108
1 1 35 2,93 -12,31 -157,237 1637056109
1 1 35 2,86 -12,56 -157,243 1637056109
1 1 35 2,93 -12,81 -157,286 1637056109
1 1 35 3,11 -12,99 -157,243 1637056110
1 1 35 3,36 -13,06 -157,255 1637056111
1 1 35 3,61 -12,99 -157,182 1637056111
1 1 35 3,80 -12,81 -157,298 1637056112
1 1 36 4,24 -4,24 -157,182 1637056113
1 1 36 4,74 -4,24 -157,194 1637056113
1 1 36 4,68 -3,99 -157,158 1637056113
1 1 36 4,49 -3,81 -157,261 1637056114
1 1 36 4,24 -3,74 -157,243 1637056114
1 1 36 3,99 -3,81 -157,206 1637056114
1 1 36 3,81 -3,99 -157,261 1637056115
1 1 36 3,74 -4,24 -157,164 1637056115
1 1 36 3,81 -4,49 -157,292 1637056116
1 1 36 3,99 -4,68 -157,212 1637056116
1 1 36 4,24 -4,74 -157,164 1637056116
1 1 36 4,49 -4,68 -157,255 1637056117
1 1 36 4,68 -4,49 -157,219 1637056117
1 1 37 27,00 0,00 -157,158 1637056119
1 1 37 27,50 0,00 -157,249 1637056119
1 1 37 27,43 0,25 -157,316 1637056120
1 1 37 27,25 0,43 -157,158 1637056120
1 1 37 27,00 0,50 -157,249 1637056121
1 1 37 26,75 0,43 -157,237 1637056121
1 1 37 26,57 0,25 -157,182 1637056122
1 1 37 26,50 0,00 -157,164 1637056122
1 1 37 26,57 -0,25 -157,133 1637056123
1 1 37 26,75 -0,43 -157,243 1637056123
1 1 37 27,00 -0,50 -157,231 1637056124
1 1 37 27,25 -0,43 -157,286 1637056125
1 1 37 27,43 -0,25 -157,206 1637056125
1 1 38 26,08 6,99 -157,060 1637056126
1 1 38 26,58 6,99 -157,176 1637056127
1 1 38 26,51 7,24 -157,151 1637056127
1 1 38 26,33 7,42 -157,243 1637056127
1 1 38 26,08 7,49 -157,115 1637056128
1 1 38 25,83 7,42 -157,249 1637056129
1 1 38 25,65 7,24 -157,243 1637056129
1 1 38 25,58 6,99 -157,133 1637056130
1 1 38 25,65 6,74 -157,194 1637056130
1 1 38 25,83 6,56 -157,206 1637056130
1 1 38 26,08 6,49 -157,182 1637056131
1 1 38 26,33 6,56 -157,328 1637056132
1 1 38 26,51 6,74 -157,292 1637056132
1 1 39 23,38 13,50 -157,188 1637056133
1 1 39 23,88 13,50 -157,274 1637056133
1 1 39 23,82 13,75 -157,225 1637056134
1 1 39 23,63 13,93 -157,225 1637056134
1 1 39 23,38 14,00 -157,243 1637056135
1 1 39 23,13 13,93 -157,231 1637056135
1 1 39 22,95 13,75 -157,292 1637056136
1 1 39 22,88 13,50 -157,261 1637056136
1 1 39 22,95 13,25 -157,231 1637056137
1 1 39 23,13 13,07 -157,267 1637056137
1 1 39 23,38 13,00 -157,225 1637056137
1 1 39 23,63 13,07 -157,280 1637056138
1 1 39 23,82 13,25 -157,280 1637056138
1 1 40 19,09 19,09 -157,176 1637056139
1 1 40 19,59 19,09 -157,212 1637056140
1 1 40 19,52 19,34 -157,219 1637056140
1 1 40 19,34 19,52 -157,231 1637056140
1 1 40 19,09 19,59 -157,280 1637056141
1 1 40 18,84 19,52 -157,194 1637056142
1 1 40 18,66 19,34 -157,219 1637056142
1 1 40 18,59 19,09 -157,237 1637056143
1 1 40 18,66 18,84 -157,212 1637056143
1 1 40 18,84 18,66 -157,188 1637056143
1 1 40 19,09 18,59 -157,237 1637056144
1 1 40 19,34 18,66 -157,249 1637056145
1 1 40 19,52 18,84 -157,261 1637056145
1 1 41 13,50 23,38 -157,237 1637056146
1 1 41 14,00 23,38 -157,158 1637056146
1 1 41 13,93 23,63 -157,261 1637056147
1 1 41 13,75 23,82 -157,255 1637056147
1 1 41 13,50 23,88 -157,225 1637056148
1 1 41 13,25 23,82 -157,249 1637056149
1 1 41 13,07 23,63 -157,170 1637056149
1 1 41 13,00 23,38 -157,225 1637056150
1 1 41 13,07 23,13 -157,200 1637056150
1 1 41 13,25 22,95 -157,188 1637056151
1 1 41 13,50 22,88 -157,212 1637056151
1 1 41 13,75 22,95 -157,182 1637056152
1 1 41 13,93 23,13 -157,225 1637056152
1 1 42 6,99 26,08 -157,212 1637056153
1 1 42 7,49 26,08 -157,255 1637056153
1 1 42 7,42 26,33 -157,249 1637056154
1 1 42 7,24 26,51 -157,231 1637056154
1 1 42 6,99 26,58 -157,188 1637056155
1 1 42 6,74 26,51 -157,212 1637056156
1 1 42 6,56 26,33 -157,212 1637056156
1 1 42 6,49 26,08 -157,255 1637056156
1 1 42 6,56 25,83 -157,206 1637056157
1 1 42 6,74 25,65 -157,145 1637056157
1 1 42 6,99 25,58 -157,341 1637056158
1 1 42 7,24 25,65 -157,225 1637056158
1 1 42 7,42 25,83 -157,194 1637056158
1 1 43 0,00 27,00 -157,170 1637056160
1 1 43 0,50 27,00 -157,231 1637056160
1 1 43 0,43 27,25 -157,225 1637056161
1 1 43 0,25 27,43 -157,188 1637056161
1 1 43 0,00 27,50 -157,225 1637056162
1 1 43 -0,25 27,43 -157,225 1637056162
1 1 43 -0,43 27,25 -157,188 1637056162
1 1 43 -0,50 27,00 -157,225 1637056163
1 1 43 -0,43 26,75 -157,212 1637056163
1 1 43 -0,25 26,57 -157,261 1637056164
1 1 43 0,00 26,50 -157,164 1637056164
1 1 43 0,25 26,57 -157,219 1637056164
1 1 43 0,43 26,75 -157,243 1637056165
1 1 44 -6,99 26,08 -157,212 1637056166
1 1 44 -6,49 26,08 -157,292 1637056167
1 1 44 -6,56 26,33 -157,219 1637056167
1 1 44 -6,74 26,51 -157,225 1637056168
1 1 44 -6,99 26,58 -157,206 1637056168
1 1 44 -7,24 26,51 -157,145 1637056169
1 1 44 -7,42 26,33 -157,219 1637056169
1 1 44 -7,49 26,08 -157,286 1637056169
1 1 44 -7,42 25,83 -157,225 1637056170
1 1 44 -7,24 25,65 -157,133 1637056170
1 1 44 -6,99 25,58 -157,280 1637056170
1 1 44 -6,74 25,65 -157,182 1637056171
1 1 44 -6,56 25,83 -157,237 1637056171
1 1 45 -13,50 23,38 -157,115 1637056172
1 1 45 -13,00 23,38 -157,158 1637056173
1 1 45 -13,07 23,63 -157,255 1637056174
1 1 45 -13,25 23,82 -157,225 1637056174
1 1 45 -13,50 23,88 -157,188 1637056174
1 1 45 -13,75 23,82 -157,219 1637056175
1 1 45 -13,93 23,63 -157,261 1637056175
1 1 45 -14,00 23,38 -157,280 1637056176
1 1 45 -13,93 23,13 -157,170 1637056176
1 1 45 -13,75 22,95 -157,225 1637056177
1 1 45 -13,50 22,88 -157,231 1637056177
1 1 45 -13,25 22,95 -157,249 1637056178
1 1 45 -13,07 23,13 -157,188 1637056178
1 1 46 -19,09 19,09 -157,212 1637056179
1 1 46 -18,59 19,09 -157,261 1637056179
1 1 46 -18,66 19,34 -157,261 1637056180
1 1 46 -18,84 19,52 -157,188 1637056180
1 1 46 -19,09 19,59 -157,261 1637056181
1 1 46 -19,34 19,52 -157,261 1637056182
1 1 46 -19,52 19,34 -157,261 1637056182
1 1 46 -19,59 19,09 -157,249 1637056182
1 1 46 -19,52 18,84 -157,219 1637056183
1 1 46 -19,34 18,66 -157,145 1637056183
1 1 46 -19,09 18,59 -157,237 1637056184
1 1 46 -18,84 18,66 -157,231 1637056185
1 1 46 -18,66 18,84 -157,225 1637056185
1 1 47 -23,38 13,50 -157,267 1637056186
1 1 47 -22,88 13,50 -157,280 1637056186
1 1 47 -22,95 13,75 -157,274 1637056187
1 1 47 -23,13 13,93 -157,219 1637056187
1 1 47 -23,38 14,00 -157,231 1637056188
1 1 47 -23,63 13,93 -157,261 1637056188
1 1 47 -23,82 13,75 -157,219 1637056189
1 1 47 -23,88 13,50 -157,212 1637056189
1 1 47 -23,82 13,25 -157,212 1637056190
1 1 47 -23,63 13,07 -157,243 1637056190
1 1 47 -23,38 13,00 -157,188 1637056191
1 1 47 -23,13 13,07 -157,231 1637056191
1 1 47 -22,95 13,25 -157,292 1637056192
1 1 48 -26,08 6,99 -157,212 1637056192
1 1 48 -25,58 6,99 -157,292 1637056193
1 1 48 -25,65 7,24 -157,096 1637056193
1 1 48 -25,83 7,42 -157,310 1637056193
1 1 48 -26,08 7,49 -157,145 1637056194
1 1 48 -26,33 7,42 -157,200 1637056194
1 1 48 -26,51 7,24 -157,335 1637056195
1 1 48 -26,58 6,99 -157,274 1637056195
1 1 48 -26,51 6,74 -157,292 1637056196
1 1 48 -26,33 6,56 -157,274 1637056196
1 1 48 -26,08 6,49 -157,243 1637056197
1 1 48 -25,83 6,56 -157,212 1637056197
1 1 48 -25,65 6,74 -157,103 1637056198
1 1 49 -27,00 0,00 -157,206 1637056199
1 1 49 -26,50 0,00 -157,194 1637056199
1 1 49 -26,57 0,25 -157,225 1637056199
1 1 49 -26,75 0,43 -157,231 1637056200
1 1 49 -27,00 0,50 -157,249 1637056200
1 1 49 -27,25 0,43 -157,109 1637056201
1 1 49 -27,43 0,25 -157,286 1637056201
1 1 49 -27,50 0,00 -157,225 1637056201
1 1 49 -27,43 -0,25 -157,274 1637056202
1 1 49 -27,25 -0,43 -157,237 1637056202
1 1 49 -27,00 -0,50 -157,219 1637056202
1 1 49 -26,75 -0,43 -157,182 1637056203
1 1 49 -26,57 -0,25 -157,243 1637056203
1 1 50 -26,08 -6,99 -157,322 1637056204
1 1 50 -25,58 -6,99 -157,225 1637056205
1 1 50 -25,65 -6,74 -157,286 1637056206
1 1 50 -25,83 -6,56 -157,225 1637056206
1 1 50 -26,08 -6,49 -157,267 1637056207
1 1 50 -26,33 -6,56 -157,200 1637056207
1 1 50 -26,51 -6,74 -157,200 1637056208
1 1 50 -26,58 -6,99 -157,237 1637056208
1 1 50 -26,51 -7,24 -157,158 1637056209
1 1 50 -26,33 -7,42 -157,237 1637056209
1 1 50 -26,08 -7,49 -157,310 1637056210
1 1 50 -25,83 -7,42 -157,237 1637056211
1 1 50 -25,65 -7,24 -157,206 1637056211
1 1 51 -23,38 -13,50 -157,231 1637056212
1 1 51 -22,88 -13,50 -157,225 1637056212
1 1 51 -22,95 -13,25 -157,237 1637056212
1 1 51 -23,13 -13,07 -157,231 1637056213
1 1 51 -23,38 -13,00 -157,212 1637056213
1 1 51 -23,63 -13,07 -157,249 1637056213
1 1 51 -23,82 -13,25 -157,231 1637056214
1 1 51 -23,88 -13,50 -157,164 1637056214
1 1 51 -23,82 -13,75 -157,316 1637056214
1 1 51 -23,63 -13,93 -157,231 1637056215
1 1 51 -23,38 -14,00 -157,255 1637056215
1 1 51 -23,13 -13,93 -157,231 1637056216
1 1 51 -22,95 -13,75 -157,237 1637056216
1 1 52 -19,09 -19,09 -157,170 1637056217
1 1 52 -18,59 -19,09 -157,261 1637056218
1 1 52 -18,66 -18,84 -157,225 1637056218
1 1 52 -18,84 -18,66 -157,206 1637056218
1 1 52 -19,09 -18,59 -157,255 1637056219
1 1 52 -19,34 -18,66 -157,243 1637056220
1 1 52 -19,52 -18,84 -157,255 1637056220
1 1 52 -19,59 -19,09 -157,194 1637056220
1 1 52 -19,52 -19,34 -157,200 1637056221
1 1 52 -19,34 -19,52 -157,261 1637056221
1 1 52 -19,09 -19,59 -157,188 1637056222
1 1 52 -18,84 -19,52 -157,225 1637056222
1 1 52 -18,66 -19,34 -157,237 1637056223
1 1 53 -13,50 -23,38 -157,274 1637056223
1 1 53 -13,00 -23,38 -157,255 1637056224
1 1 53 -13,07 -23,13 -157,237 1637056224
1 1 53 -13,25 -22,95 -157,243 1637056225
1 1 53 -13,50 -22,88 -157,255 1637056226
1 1 53 -13,75 -22,95 -157,267 1637056226
1 1 53 -13,93 -23,13 -157,231 1637056226
1 1 53 -14,00 -23,38 -157,206 1637056227
1 1 53 -13,93 -23,63 -157,237 1637056228
1 1 53 -13,75 -23,82 -157,231 1637056228
1 1 53 -13,50 -23,88 -157,231 1637056229
1 1 53 -13,25 -23,82 -157,286 1637056229
1 1 53 -13,07 -23,63 -157,158 1637056229
1 1 54 -6,99 -26,08 -157,212 1637056230
1 1 54 -6,49 -26,08 -157,212 1637056231
1 1 54 -6,56 -25,83 -157,206 1637056232
1 1 54 -6,74 -25,65 -157,225 1637056232
1 1 54 -6,99 -25,58 -157,249 1637056232
1 1 54 -7,24 -25,65 -157,267 1637056233
1 1 54 -7,42 -25,83 -157,298 1637056234
1 1 54 -7,49 -26,08 -157,267 1637056234
1 1 54 -7,42 -26,33 -157,261 1637056235
1 1 54 -7,24 -26,51 -157,206 1637056235
1 1 54 -6,99 -26,58 -157,219 1637056235
1 1 54 -6,74 -26,51 -157,237 1637056236
1 1 54 -6,56 -26,33 -157,267 1637056236
1 1 55 -0,00 -27,00 -157,249 1637056237
1 1 55 0,50 -27,00 -157,243 1637056237
1 1 55 0,43 -26,75 -157,267 1637056238
1 1 55 0,25 -26,57 -157,274 1637056239
1 1 55 -0,00 -26,50 -157,243 1637056239
1 1 55 -0,25 -26,57 -157,286 1637056240
1 1 55 -0,43 -26,75 -157,274 1637056240
1 1 55 -0,50 -27,00 -157,261 1637056241
1 1 55 -0,43 -27,25 -157,194 1637056241
1 1 55 -0,25 -27,43 -157,243 1637056241
1 1 55 -0,00 -27,50 -157,286 1637056242
1 1 55 0,25 -27,43 -157,212 1637056243
1 1 55 0,43 -27,25 -157,225 1637056243
1 1 56 6,99 -26,08 -157,292 1637056244
1 1 56 7,49 -26,08 -157,298 1637056244
1 1 56 7,42 -25,83 -157,249 1637056244
1 1 56 7,24 -25,65 -157,280 1637056245
1 1 56 6,99 -25,58 -157,249 1637056246
1 1 56 6,74 -25,65 -157,225 1637056247
1 1 56 6,56 -25,83 -157,328 1637056247
1 1 56 6,49 -26,08 -157,274 1637056247
1 1 56 6,56 -26,33 -157,200 1637056248
1 1 56 6,74 -26,51 -157,225 1637056248
1 1 56 6,99 -26,58 -157,225 1637056249
1 1 56 7,24 -26,51 -157,274 1637056249
1 1 56 7,42 -26,33 -157,328 1637056250
1 1 57 13,50 -23,38 -157,219 1637056251
1 1 57 14,00 -23,38 -157,274 1637056252
1 1 57 13,93 -23,13 -157,225 1637056252
1 1 57 13,75 -22,95 -157,176 1637056252
1 1 57 13,50 -22,88 -157,316 1637056253
1 1 57 13,25 -22,95 -157,322 1637056254
1 1 57 13,07 -23,13 -157,188 1637056254
1 1 57 13,00 -23,38 -157,231 1637056254
1 1 57 13,07 -23,63 -157,274 1637056255
1 1 57 13,25 -23,82 -157,255 1637056255
1 1 57 13,50 -23,88 -157,231 1637056256
1 1 57 13,75 -23,82 -157,261 1637056257
1 1 57 13,93 -23,63 -157,231 1637056257
1 1 58 19,09 -19,09 -157,267 1637056258
1 1 58 19,59 -19,09 -157,237 1637056258
1 1 58 19,52 -18,84 -157,225 1637056259
1 1 58 19,34 -18,66 -157,219 1637056259
1 1 58 19,09 -18,59 -157,139 1637056260
1 1 58 18,84 -18,66 -157,225 1637056261
1 1 58 18,66 -18,84 -157,225 1637056261
1 1 58 18,59 -19,09 -157,231 1637056261
1 1 58 18,66 -19,34 -157,280 1637056262
1 1 58 18,84 -19,52 -157,145 1637056262
1 1 58 19,09 -19,59 -157,292 1637056263
1 1 58 19,34 -19,52 -157,188 1637056264
1 1 58 19,52 -19,34 -157,304 1637056264
1 1 59 23,38 -13,50 -157,164 1637056265
1 1 59 23,88 -13,50 -157,243 1637056265
1 1 59 23,82 -13,25 -157,280 1637056266
1 1 59 23,63 -13,07 -157,267 1637056266
1 1 59 23,38 -13,00 -157,255 1637056266
1 1 59 23,13 -13,07 -157,249 1637056267
1 1 59 22,95 -13,25 -157,274 1637056267
1 1 59 22,88 -13,50 -157,267 1637056267
1 1 59 22,95 -13,75 -157,212 1637056268
1 1 59 23,13 -13,93 -157,249 1637056268
1 1 59 23,38 -14,00 -157,231 1637056269
1 1 59 23,63 -13,93 -157,212 1637056270
1 1 59 23,82 -13,75 -157,261 1637056270
1 1 60 26,08 -6,99 -157,188 1637056271
1 1 60 26,58 -6,99 -157,261 1637056271
1 1 60 26,51 -6,74 -157,261 1637056272
1 1 60 26,33 -6,56 -157,212 1637056272
1 1 60 26,08 -6,49 -157,261 1637056273
1 1 60 25,83 -6,56 -157,212 1637056273
1 1 60 25,65 -6,74 -157,237 1637056274
1 1 60 25,58 -6,99 -157,280 1637056274
1 1 60 25,65 -7,24 -157,255 1637056275
1 1 60 25,83 -7,42 -157,206 1637056275
1 1 60 26,08 -7,49 -157,219 1637056276
1 1 60 26,33 -7,42 -157,231 1637056276
1 1 60 26,51 -7,24 -157,267 1637056277
