1 1 1 4,24 4,24 -157,194 1637056438
1 1 1 4,74 4,24 -157,188 1637056438
1 1 1 4,68 4,49 -157,255 1637056439
1 1 1 4,49 4,68 -157,292 1637056439
1 1 1 4,24 4,74 -157,280 1637056439
1 1 1 3,99 4,68 -157,188 1637056440
1 1 1 3,81 4,49 -157,292 1637056440
1 1 1 3,74 4,24 -157,206 1637056441
1 1 1 3,81 3,99 -157,225 1637056442
1 1 1 3,99 3,81 -157,237 1637056442
1 1 1 4,24 3,74 -157,231 1637056442
1 1 1 4,49 3,81 -157,212 1637056443
1 1 1 4,68 3,99 -157,286 1637056443
1 1 2 3,36 12,56 -157,243 1637056444
1 1 2 3,86 12,56 -157,212 1637056445
1 1 2 3,80 12,81 -157,237 1637056445
1 1 2 3,61 12,99 -157,237 1637056446
1 1 2 3,36 13,06 -157,274 1637056446
1 1 2 3,11 12,99 -157,194 1637056446
1 1 2 2,93 12,81 -157,188 1637056447
1 1 2 2,86 12,56 -157,212 1637056447
1 1 2 2,93 12,31 -157,164 1637056447
1 1 2 3,11 12,12 -157,261 1637056448
1 1 2 3,36 12,06 -157,231 1637056448
1 1 2 3,61 12,12 -157,176 1637056448
1 1 2 3,80 12,31 -157,335 1637056449
1 1 3 9,19 9,19 -157,237 1637056450
1 1 3 9,69 9,19 -157,212 1637056450
1 1 3 9,63 9,44 -157,194 1637056451
1 1 3 9,44 9,63 -157,212 1637056451
1 1 3 9,19 9,69 -157,188 1637056452
1 1 3 8,94 9,63 -157,280 1637056452
1 1 3 8,76 9,44 -157,200 1637056453
1 1 3 8,69 9,19 -157,298 1637056453
1 1 3 8,76 8,94 -157,121 1637056453
1 1 3 8,94 8,76 -157,249 1637056454
1 1 3 9,19 8,69 -157,194 1637056454
1 1 3 9,44 8,76 -157,212 1637056455
1 1 3 9,63 8,94 -157,212 1637056455
1 1 4 12,56 3,36 -157,231 1637056456
1 1 4 13,06 3,36 -157,188 1637056456
1 1 4 12,99 3,61 -157,212 1637056457
1 1 4 12,81 3,80 -157,219 1637056457
1 1 4 12,56 3,86 -157,188 1637056457
1 1 4 12,31 3,80 -157,280 1637056458
1 1 4 12,12 3,61 -157,225 1637056458
1 1 4 12,06 3,36 -157,200 1637056458
1 1 4 12,12 3,11 -157,261 1637056459
1 1 4 12,31 2,93 -157,127 1637056459
1 1 4 12,56 2,86 -157,335 1637056460
1 1 4 12,81 2,93 -157,188 1637056460
1 1 4 12,99 3,11 -157,261 1637056461
1 1 5 19,32 5,18 -157,200 1637056462
1 1 5 19,82 5,18 -157,225 1637056462
1 1 5 19,75 5,43 -157,298 1637056463
1 1 5 19,57 5,61 -157,261 1637056463
1 1 5 19,32 5,68 -157,225 1637056464
1 1 5 19,07 5,61 -157,170 1637056464
1 1 5 18,89 5,43 -157,267 1637056465
1 1 5 18,82 5,18 -157,194 1637056465
1 1 5 18,89 4,93 -157,249 1637056466
1 1 5 19,07 4,74 -157,158 1637056466
1 1 5 19,32 4,68 -157,212 1637056467
1 1 5 19,57 4,74 -157,286 1637056467
1 1 5 19,75 4,93 -157,298 1637056467
1 1 6 17,32 10,00 -157,243 1637056468
1 1 6 17,82 10,00 -157,212 1637056468
1 1 6 17,75 10,25 -157,237 1637056469
1 1 6 17,57 10,43 -157,255 1637056469
1 1 6 17,32 10,50 -157,212 1637056470
1 1 6 17,07 10,43 -157,206 1637056470
1 1 6 16,89 10,25 -157,249 1637056471
1 1 6 16,82 10,00 -157,219 1637056471
1 1 6 16,89 9,75 -157,212 1637056472
1 1 6 17,07 9,57 -157,280 1637056472
1 1 6 17,32 9,50 -157,249 1637056473
1 1 6 17,57 9,57 -157,286 1637056473
1 1 6 17,75 9,75 -157,225 1637056473
1 1 7 14,14 14,14 -157,121 1637056474
1 1 7 14,64 14,14 -157,237 1637056475
1 1 7 14,58 14,39 -157,225 1637056475
1 1 7 14,39 14,58 -157,261 1637056476
1 1 7 14,14 14,64 -157,212 1637056476
1 1 7 13,89 14,58 -157,219 1637056477
1 1 7 13,71 14,39 -157,231 1637056477
1 1 7 13,64 14,14 -157,182 1637056477
1 1 7 13,71 13,89 -157,237 1637056478
1 1 7 13,89 13,71 -157,225 1637056478
1 1 7 14,14 13,64 -157,182 1637056478
1 1 7 14,39 13,71 -157,194 1637056479
1 1 7 14,58 13,89 -157,261 1637056479
1 1 8 10,00 17,32 -157,280 1637056480
1 1 8 10,50 17,32 -157,243 1637056481
1 1 8 10,43 17,57 -157,164 1637056481
1 1 8 10,25 17,75 -157,267 1637056482
1 1 8 10,00 17,82 -157,188 1637056482
1 1 8 9,75 17,75 -157,225 1637056483
1 1 8 9,57 17,57 -157,261 1637056483
1 1 8 9,50 17,32 -157,206 1637056483
1 1 8 9,57 17,07 -157,249 1637056484
1 1 8 9,75 16,89 -157,225 1637056485
1 1 8 10,00 16,82 -157,219 1637056485
1 1 8 10,25 16,89 -157,188 1637056486
1 1 8 10,43 17,07 -157,225 1637056486
1 1 9 5,18 19,32 -157,212 1637056487
1 1 9 5,68 19,32 -157,310 1637056487
1 1 9 5,61 19,57 -157,237 1637056488
1 1 9 5,43 19,75 -157,219 1637056488
1 1 9 5,18 19,82 -157,243 1637056489
1 1 9 4,93 19,75 -157,243 1637056490
1 1 9 4,74 19,57 -157,158 1637056490
1 1 9 4,68 19,32 -157,212 1637056490
1 1 9 4,74 19,07 -157,176 1637056491
1 1 9 4,93 18,89 -157,219 1637056491
1 1 9 5,18 18,82 -157,261 1637056492
1 1 9 5,43 18,89 -157,243 1637056492
1 1 9 5,61 19,07 -157,249 1637056493
1 1 10 -5,18 19,32 -157,219 1637056494
1 1 10 -4,68 19,32 -157,243 1637056494
1 1 10 -4,74 19,57 -157,267 1637056495
1 1 10 -4,93 19,75 -157,182 1637056495
1 1 10 -5,18 19,82 -157,212 1637056496
1 1 10 -5,43 19,75 -157,237 1637056497
1 1 10 -5,61 19,57 -157,127 1637056497
1 1 10 -5,68 19,32 -157,237 1637056497
1 1 10 -5,61 19,07 -157,274 1637056498
1 1 10 -5,43 18,89 -157,188 1637056498
1 1 10 -5,18 18,82 -157,231 1637056499
1 1 10 -4,93 18,89 -157,200 1637056499
1 1 10 -4,74 19,07 -157,206 1637056500
1 1 11 -10,00 17,32 -157,188 1637056501
1 1 11 -9,50 17,32 -157,194 1637056501
1 1 11 -9,57 17,57 -157,243 1637056502
1 1 11 -9,75 17,75 -157,225 1637056502
1 1 11 -10,00 17,82 -157,243 1637056503
1 1 11 -10,25 17,75 -157,225 1637056503
1 1 11 -10,43 17,57 -157,188 1637056503
1 1 11 -10,50 17,32 -157,206 1637056504
1 1 11 -10,43 17,07 -157,164 1637056505
1 1 11 -10,25 16,89 -157,267 1637056505
1 1 11 -10,00 16,82 -157,200 1637056506
1 1 11 -9,75 16,89 -157,219 1637056506
1 1 11 -9,57 17,07 -157,267 1637056507
1 1 12 -14,14 14,14 -157,219 1637056507
1 1 12 -13,64 14,14 -157,212 1637056508
1 1 12 -13,71 14,39 -157,219 1637056509
1 1 12 -13,89 14,58 -157,225 1637056509
1 1 12 -14,14 14,64 -157,212 1637056509
1 1 12 -14,39 14,58 -157,231 1637056510
1 1 12 -14,58 14,39 -157,225 1637056510
1 1 12 -14,64 14,14 -157,219 1637056511
1 1 12 -14,58 13,89 -157,127 1637056512
1 1 12 -14,39 13,71 -157,212 1637056512
1 1 12 -14,14 13,64 -157,212 1637056513
1 1 12 -13,89 13,71 -157,225 1637056513
1 1 12 -13,71 13,89 -157,231 1637056514
1 1 13 -17,32 10,00 -157,200 1637056514
1 1 13 -16,82 10,00 -157,267 1637056515
1 1 13 -16,89 10,25 -157,206 1637056516
1 1 13 -17,07 10,43 -157,298 1637056516
1 1 13 -17,32 10,50 -157,243 1637056516
1 1 13 -17,57 10,43 -157,231 1637056517
1 1 13 -17,75 10,25 -157,231 1637056517
1 1 13 -17,82 10,00 -157,182 1637056518
1 1 13 -17,75 9,75 -157,243 1637056519
1 1 13 -17,57 9,57 -157,231 1637056519
1 1 13 -17,32 9,50 -157,188 1637056520
1 1 13 -17,07 9,57 -157,237 1637056520
1 1 13 -16,89 9,75 -157,219 1637056520
1 1 14 -19,32 5,18 -157,255 1637056521
1 1 14 -18,82 5,18 -157,219 1637056522
1 1 14 -18,89 5,43 -157,231 1637056522
1 1 14 -19,07 5,61 -157,200 1637056523
1 1 14 -19,32 5,68 -157,249 1637056523
1 1 14 -19,57 5,61 -157,219 1637056524
1 1 14 -19,75 5,43 -157,249 1637056524
1 1 14 -19,82 5,18 -157,164 1637056525
1 1 14 -19,75 4,93 -157,206 1637056525
1 1 14 -19,57 4,74 -157,231 1637056525
1 1 14 -19,32 4,68 -157,212 1637056526
1 1 14 -19,07 4,74 -157,292 1637056527
1 1 14 -18,89 4,93 -157,267 1637056527
1 1 15 -12,56 3,36 -157,225 1637056528
1 1 15 -12,06 3,36 -157,188 1637056528
1 1 15 -12,12 3,61 -157,219 1637056529
1 1 15 -12,31 3,80 -157,188 1637056529
1 1 15 -12,56 3,86 -157,231 1637056530
1 1 15 -12,81 3,80 -157,151 1637056531
1 1 15 -12,99 3,61 -157,274 1637056531
1 1 15 -13,06 3,36 -157,274 1637056532
1 1 15 -12,99 3,11 -157,225 1637056532
1 1 15 -12,81 2,93 -157,237 1637056532
1 1 15 -12,56 2,86 -157,225 1637056533
1 1 15 -12,31 2,93 -157,261 1637056533
1 1 15 -12,12 3,11 -157,194 1637056533
1 1 16 -9,19 9,19 -157,194 1637056535
1 1 16 -8,69 9,19 -157,274 1637056535
1 1 16 -8,76 9,44 -157,286 1637056535
1 1 16 -8,94 9,63 -157,170 1637056536
1 1 16 -9,19 9,69 -157,225 1637056536
1 1 16 -9,44 9,63 -157,231 1637056536
1 1 16 -9,63 9,44 -157,280 1637056537
1 1 16 -9,69 9,19 -157,176 1637056537
1 1 16 -9,63 8,94 -157,212 1637056538
1 1 16 -9,44 8,76 -157,261 1637056538
1 1 16 -9,19 8,69 -157,249 1637056539
1 1 16 -8,94 8,76 -157,225 1637056539
1 1 16 -8,76 8,94 -157,243 1637056540
1 1 17 -3,36 12,56 -157,225 1637056541
1 1 17 -2,86 12,56 -157,237 1637056541
1 1 17 -2,93 12,81 -157,267 1637056542
1 1 17 -3,11 12,99 -157,219 1637056542
1 1 17 -3,36 13,06 -157,243 1637056543
1 1 17 -3,61 12,99 -157,237 1637056543
1 1 17 -3,80 12,81 -157,274 1637056544
1 1 17 -3,86 12,56 -157,261 1637056544
1 1 17 -3,80 12,31 -157,243 1637056545
1 1 17 -3,61 12,12 -157,200 1637056545
1 1 17 -3,36 12,06 -157,243 1637056546
1 1 17 -3,11 12,12 -157,212 1637056546
1 1 17 -2,93 12,31 -157,249 1637056546
1 1 18 -4,24 4,24 -157,274 1637056547
1 1 18 -3,74 4,24 -157,176 1637056548
1 1 18 -3,81 4,49 -157,158 1637056548
1 1 18 -3,99 4,68 -157,231 1637056549
1 1 18 -4,24 4,74 -157,267 1637056549
1 1 18 -4,49 4,68 -157,255 1637056550
1 1 18 -4,68 4,49 -157,212 1637056550
1 1 18 -4,74 4,24 -157,280 1637056551
1 1 18 -4,68 3,99 -157,292 1637056551
1 1 18 -4,49 3,81 -157,274 1637056551
1 1 18 -4,24 3,74 -157,267 1637056552
1 1 18 -3,99 3,81 -157,127 1637056553
1 1 18 -3,81 3,99 -157,298 1637056553
1 1 19 -4,24 -4,24 -157,212 1637056554
1 1 19 -3,74 -4,24 -157,231 1637056555
1 1 19 -3,81 -3,99 -157,274 1637056555
1 1 19 -3,99 -3,81 -157,237 1637056556
1 1 19 -4,24 -3,74 -157,261 1637056556
1 1 19 -4,49 -3,81 -157,182 1637056557
1 1 19 -4,68 -3,99 -157,255 1637056557
1 1 19 -4,74 -4,24 -157,237 1637056558
1 1 19 -4,68 -4,49 -157,249 1637056559
1 1 19 -4,49 -4,68 -157,237 1637056559
1 1 19 -4,24 -4,74 -157,206 1637056559
1 1 19 -3,99 -4,68 -157,274 1637056559
1 1 19 -3,81 -4,49 -157,237 1637056560
1 1 20 -3,36 -12,56 -157,237 1637056561
1 1 20 -2,86 -12,56 -157,127 1637056562
1 1 20 -2,93 -12,31 -157,212 1637056562
1 1 20 -3,11 -12,12 -157,255 1637056562
1 1 20 -3,36 -12,06 -157,188 1637056563
1 1 20 -3,61 -12,12 -157,243 1637056564
1 1 20 -3,80 -12,31 -157,225 1637056564
1 1 20 -3,86 -12,56 -157,249 1637056564
1 1 20 -3,80 -12,81 -157,225 1637056565
1 1 20 -3,61 -12,99 -157,280 1637056565
1 1 20 -3,36 -13,06 -157,267 1637056566
1 1 20 -3,11 -12,99 -157,243 1637056566
1 1 20 -2,93 -12,81 -157,188 1637056567
1 1 21 -9,19 -9,19 -157,237 1637056567
1 1 21 -8,69 -9,19 -157,267 1637056568
1 1 21 -8,76 -8,94 -157,164 1637056569
1 1 21 -8,94 -8,76 -157,164 1637056569
1 1 21 -9,19 -8,69 -157,310 1637056570
1 1 21 -9,44 -8,76 -157,267 1637056570
1 1 21 -9,63 -8,94 -157,267 1637056570
1 1 21 -9,69 -9,19 -157,267 1637056571
1 1 21 -9,63 -9,44 -157,243 1637056571
1 1 21 -9,44 -9,63 -157,219 1637056571
1 1 21 -9,19 -9,69 -157,188 1637056572
1 1 21 -8,94 -9,63 -157,243 1637056572
1 1 21 -8,76 -9,44 -157,194 1637056573
1 1 22 -12,56 -3,36 -157,182 1637056574
1 1 22 -12,06 -3,36 -157,219 1637056574
1 1 22 -12,12 -3,11 -157,219 1637056575
1 1 22 -12,31 -2,93 -157,164 1637056575
1 1 22 -12,56 -2,86 -157,243 1637056575
1 1 22 -12,81 -2,93 -157,212 1637056576
1 1 22 -12,99 -3,11 -157,261 1637056577
1 1 22 -13,06 -3,36 -157,212 1637056577
1 1 22 -12,99 -3,61 -157,212 1637056578
1 1 22 -12,81 -3,80 -157,292 1637056578
1 1 22 -12,56 -3,86 -157,237 1637056579
1 1 22 -12,31 -3,80 -157,231 1637056579
1 1 22 -12,12 -3,61 -157,225 1637056580
1 1 23 -19,32 -5,18 -157,261 1637056581
1 1 23 -18,82 -5,18 -157,188 1637056581
1 1 23 -18,89 -4,93 -157,261 1637056581
1 1 23 -19,07 -4,74 -157,212 1637056582
1 1 23 -19,32 -4,68 -157,188 1637056582
1 1 23 -19,57 -4,74 -157,225 1637056582
1 1 23 -19,75 -4,93 -157,219 1637056583
1 1 23 -19,82 -5,18 -157,219 1637056583
1 1 23 -19,75 -5,43 -157,188 1637056583
1 1 23 -19,57 -5,61 -157,237 1637056584
1 1 23 -19,32 -5,68 -157,212 1637056585
1 1 23 -19,07 -5,61 -157,298 1637056585
1 1 23 -18,89 -5,43 -157,164 1637056586
1 1 24 -17,32 -10,00 -157,286 1637056586
1 1 24 -16,82 -10,00 -157,310 1637056587
1 1 24 -16,89 -9,75 -157,225 1637056588
1 1 24 -17,07 -9,57 -157,267 1637056588
1 1 24 -17,32 -9,50 -157,188 1637056588
1 1 24 -17,57 -9,57 -157,212 1637056589
1 1 24 -17,75 -9,75 -157,249 1637056589
1 1 24 -17,82 -10,00 -157,188 1637056590
1 1 24 -17,75 -10,25 -157,353 1637056590
1 1 24 -17,57 -10,43 -157,231 1637056591
1 1 24 -17,32 -10,50 -157,267 1637056591
1 1 24 -17,07 -10,43 -157,219 1637056592
1 1 24 -16,89 -10,25 -157,286 1637056592
1 1 25 -14,14 -14,14 -157,255 1637056593
1 1 25 -13,64 -14,14 -157,206 1637056594
1 1 25 -13,71 -13,89 -157,212 1637056594
1 1 25 -13,89 -13,71 -157,231 1637056595
1 1 25 -14,14 -13,64 -157,212 1637056595
1 1 25 -14,39 -13,71 -157,225 1637056596
1 1 25 -14,58 -13,89 -157,237 1637056596
1 1 25 -14,64 -14,14 -157,249 1637056597
1 1 25 -14,58 -14,39 -157,292 1637056598
1 1 25 -14,39 -14,58 -157,212 1637056598
1 1 25 -14,14 -14,64 -157,255 1637056598
1 1 25 -13,89 -14,58 -157,249 1637056599
1 1 25 -13,71 -14,39 -157,212 1637056599
1 1 26 -10,00 -17,32 -157,243 1637056600
1 1 26 -9,50 -17,32 -157,194 1637056600
1 1 26 -9,57 -17,07 -157,267 1637056601
1 1 26 -9,75 -16,89 -157,225 1637056601
1 1 26 -10,00 -16,82 -157,225 1637056602
1 1 26 -10,25 -16,89 -157,182 1637056602
1 1 26 -10,43 -17,07 -157,304 1637056603
1 1 26 -10,50 -17,32 -157,219 1637056603
1 1 26 -10,43 -17,57 -157,194 1637056604
1 1 26 -10,25 -17,75 -157,274 1637056604
1 1 26 -10,00 -17,82 -157,249 1637056605
1 1 26 -9,75 -17,75 -157,194 1637056606
1 1 26 -9,57 -17,57 -157,292 1637056606
1 1 27 -5,18 -19,32 -157,212 1637056606
1 1 27 -4,68 -19,32 -157,219 1637056607
1 1 27 -4,74 -19,07 -157,267 1637056607
1 1 27 -4,93 -18,89 -157,182 1637056608
1 1 27 -5,18 -18,82 -157,212 1637056609
1 1 27 -5,43 -18,89 -157,225 1637056609
1 1 27 -5,61 -19,07 -157,225 1637056609
1 1 27 -5,68 -19,32 -157,206 1637056610
1 1 27 -5,61 -19,57 -157,261 1637056611
1 1 27 -5,43 -19,75 -157,261 1637056611
1 1 27 -5,18 -19,82 -157,158 1637056612
1 1 27 -4,93 -19,75 -157,182 1637056612
1 1 27 -4,74 -19,57 -157,286 1637056613
1 1 28 5,18 -19,32 -157,231 1637056614
1 1 28 5,68 -19,32 -157,231 1637056614
1 1 28 5,61 -19,07 -157,237 1637056614
1 1 28 5,43 -18,89 -157,261 1637056615
1 1 28 5,18 -18,82 -157,267 1637056616
1 1 28 4,93 -18,89 -157,219 1637056616
1 1 28 4,74 -19,07 -157,212 1637056616
1 1 28 4,68 -19,32 -157,267 1637056617
1 1 28 4,74 -19,57 -157,164 1637056617
1 1 28 4,93 -19,75 -157,194 1637056618
1 1 28 5,18 -19,82 -157,219 1637056618
1 1 28 5,43 -19,75 -157,274 1637056619
1 1 28 5,61 -19,57 -157,200 1637056619
1 1 29 10,00 -17,32 -157,328 1637056620
1 1 29 10,50 -17,32 -157,298 1637056620
1 1 29 10,43 -17,07 -157,255 1637056621
1 1 29 10,25 -16,89 -157,261 1637056621
1 1 29 10,00 -16,82 -157,286 1637056622
1 1 29 9,75 -16,89 -157,267 1637056623
1 1 29 9,57 -17,07 -157,274 1637056623
1 1 29 9,50 -17,32 -157,267 1637056624
1 1 29 9,57 -17,57 -157,212 1637056624
1 1 29 9,75 -17,75 -157,237 1637056624
1 1 29 10,00 -17,82 -157,261 1637056625
1 1 29 10,25 -17,75 -157,212 1637056625
1 1 29 10,43 -17,57 -157,231 1637056626
1 1 30 14,14 -14,14 -157,304 1637056627
1 1 30 14,64 -14,14 -157,310 1637056627
1 1 30 14,58 -13,89 -157,286 1637056627
1 1 30 14,39 -13,71 -157,188 1637056628
1 1 30 14,14 -13,64 -157,231 1637056629
1 1 30 13,89 -13,71 -157,231 1637056629
1 1 30 13,71 -13,89 -157,219 1637056630
1 1 30 13,64 -14,14 -157,249 1637056630
1 1 30 13,71 -14,39 -157,225 1637056631
1 1 30 13,89 -14,58 -157,194 1637056631
1 1 30 14,14 -14,64 -157,219 1637056632
1 1 30 14,39 -14,58 -157,292 1637056632
1 1 30 14,58 -14,39 -157,249 1637056632
1 1 31 17,32 -10,00 -157,280 1637056633
1 1 31 17,82 -10,00 -157,188 1637056634
1 1 31 17,75 -9,75 -157,298 1637056634
1 1 31 17,57 -9,57 -157,280 1637056635
1 1 31 17,32 -9,50 -157,304 1637056635
1 1 31 17,07 -9,57 -157,274 1637056636
1 1 31 16,89 -9,75 -157,225 1637056636
1 1 31 16,82 -10,00 -157,231 1637056637
1 1 31 16,89 -10,25 -157,280 1637056637
1 1 31 17,07 -10,43 -157,219 1637056637
1 1 31 17,32 -10,50 -157,255 1637056638
1 1 31 17,57 -10,43 -157,267 1637056639
1 1 31 17,75 -10,25 -157,219 1637056639
1 1 32 19,32 -5,18 -157,237 1637056640
1 1 32 19,82 -5,18 -157,212 1637056640
1 1 32 19,75 -4,93 -157,249 1637056641
1 1 32 19,57 -4,74 -157,286 1637056641
1 1 32 19,32 -4,68 -157,194 1637056642
1 1 32 19,07 -4,74 -157,212 1637056642
1 1 32 18,89 -4,93 -157,231 1637056643
1 1 32 18,82 -5,18 -157,255 1637056643
1 1 32 18,89 -5,43 -157,274 1637056644
1 1 32 19,07 -5,61 -157,280 1637056644
1 1 32 19,32 -5,68 -157,225 1637056645
1 1 32 19,57 -5,61 -157,225 1637056646
1 1 32 19,75 -5,43 -157,164 1637056646
1 1 33 12,56 -3,36 -157,219 1637056647
1 1 33 13,06 -3,36 -157,200 1637056647
1 1 33 12,99 -3,11 -157,194 1637056647
1 1 33 12,81 -2,93 -157,231 1637056648
1 1 33 12,56 -2,86 -157,255 1637056649
1 1 33 12,31 -2,93 -157,237 1637056649
1 1 33 12,12 -3,11 -157,212 1637056650
1 1 33 12,06 -3,36 -157,225 1637056650
1 1 33 12,12 -3,61 -157,261 1637056651
1 1 33 12,31 -3,80 -157,249 1637056651
1 1 33 12,56 -3,86 -157,274 1637056651
1 1 33 12,81 -3,80 -157,249 1637056652
1 1 33 12,99 -3,61 -157,237 1637056652
1 1 34 9,19 -9,19 -157,261 1637056653
1 1 34 9,69 -9,19 -157,225 1637056654
1 1 34 9,63 -8,94 -157,255 1637056654
1 1 34 9,44 -8,76 -157,219 1637056654
1 1 34 9,19 -8,69 -157,225 1637056655
1 1 34 8,94 -8,76 -157,292 1637056656
1 1 34 8,76 -8,94 -157,225 1637056656
1 1 34 8,69 -9,19 -157,249 1637056657
1 1 34 8,76 -9,44 -157,261 1637056657
1 1 34 8,94 -9,63 -157,261 1637056657
1 1 34 9,19 -9,69 -157,286 1637056658
1 1 34 9,44 -9,63 -157,212 1637056659
1 1 34 9,63 -9,44 -157,188 1637056659
1 1 35 3,36 -12,56 -157,176 1637056660
1 1 35 3,86 -12,56 -157,219 1637056660
1 1 35 3,80 -12,31 -157,225 1637056660
1 1 35 3,61 -12,12 -157,237 1637056661
1 1 35 3,36 -12,06 -157,188 1637056662
1 1 35 3,11 -12,12 -157,164 1637056662
1 1 35 2,93 -12,31 -157,225 1637056663
1 1 35 2,86 -12,56 -157,261 1637056663
1 1 35 2,93 -12,81 -157,292 1637056664
1 1 35 3,11 -12,99 -157,243 1637056664
1 1 35 3,36 -13,06 -157,255 1637056665
1 1 35 3,61 -12,99 -157,182 1637056665
1 1 35 3,80 -12,81 -157,298 1637056665
1 1 36 4,24 -4,24 -157,176 1637056666
1 1 36 4,74 -4,24 -157,194 1637056667
1 1 36 4,68 -3,99 -157,151 1637056667
1 1 36 4,49 -3,81 -157,261 1637056668
1 1 36 4,24 -3,74 -157,243 1637056668
1 1 36 3,99 -3,81 -157,206 1637056669
1 1 36 3,81 -3,99 -157,261 1637056669
1 1 36 3,74 -4,24 -157,188 1637056670
1 1 36 3,81 -4,49 -157,304 1637056670
1 1 36 3,99 -4,68 -157,206 1637056670
1 1 36 4,24 -4,74 -157,158 1637056671
1 1 36 4,49 -4,68 -157,249 1637056672
1 1 36 4,68 -4,49 -157,219 1637056672
1 1 37 27,00 0,00 -157,151 1637056674
1 1 37 27,50 0,00 -157,243 1637056674
1 1 37 27,43 0,25 -157,322 1637056674
1 1 37 27,25 0,43 -157,158 1637056674
1 1 37 27,00 0,50 -157,243 1637056675
1 1 37 26,75 0,43 -157,225 1637056675
1 1 37 26,57 0,25 -157,182 1637056676
1 1 37 26,50 0,00 -157,158 1637056676
1 1 37 26,57 -0,25 -157,133 1637056677
1 1 37 26,75 -0,43 -157,243 1637056677
1 1 37 27,00 -0,50 -157,231 1637056678
1 1 37 27,25 -0,43 -157,280 1637056679
1 1 37 27,43 -0,25 -157,200 1637056679
1 1 38 26,08 6,99 -157,060 1637056680
1 1 38 26,58 6,99 -157,182 1637056680
1 1 38 26,51 7,24 -157,158 1637056680
1 1 38 26,33 7,42 -157,237 1637056681
1 1 38 26,08 7,49 -157,109 1637056681
1 1 38 25,83 7,42 -157,243 1637056682
1 1 38 25,65 7,24 -157,243 1637056682
1 1 38 25,58 6,99 -157,127 1637056683
1 1 38 25,65 6,74 -157,188 1637056684
1 1 38 25,83 6,56 -157,200 1637056684
1 1 38 26,08 6,49 -157,176 1637056685
1 1 38 26,33 6,56 -157,328 1637056685
1 1 38 26,51 6,74 -157,292 1637056685
1 1 39 23,38 13,50 -157,182 1637056686
1 1 39 23,88 13,50 -157,267 1637056687
1 1 39 23,82 13,75 -157,225 1637056688
1 1 39 23,63 13,93 -157,212 1637056688
1 1 39 23,38 14,00 -157,243 1637056689
1 1 39 23,13 13,93 -157,225 1637056689
1 1 39 22,95 13,75 -157,292 1637056689
1 1 39 22,88 13,50 -157,261 1637056690
1 1 39 22,95 13,25 -157,237 1637056690
1 1 39 23,13 13,07 -157,261 1637056691
1 1 39 23,38 13,00 -157,225 1637056691
1 1 39 23,63 13,07 -157,280 1637056692
1 1 39 23,82 13,25 -157,280 1637056692
1 1 40 19,09 19,09 -157,170 1637056693
1 1 40 19,59 19,09 -157,206 1637056693
1 1 40 19,52 19,34 -157,219 1637056694
1 1 40 19,34 19,52 -157,231 1637056695
1 1 40 19,09 19,59 -157,274 1637056695
1 1 40 18,84 19,52 -157,194 1637056696
1 1 40 18,66 19,34 -157,212 1637056696
1 1 40 18,59 19,09 -157,231 1637056697
1 1 40 18,66 18,84 -157,212 1637056697
1 1 40 18,84 18,66 -157,188 1637056698
1 1 40 19,09 18,59 -157,231 1637056698
1 1 40 19,34 18,66 -157,249 1637056699
1 1 40 19,52 18,84 -157,261 1637056699
1 1 41 13,50 23,38 -157,249 1637056700
1 1 41 14,00 23,38 -157,158 1637056700
1 1 41 13,93 23,63 -157,261 1637056701
1 1 41 13,75 23,82 -157,255 1637056701
1 1 41 13,50 23,88 -157,219 1637056702
1 1 41 13,25 23,82 -157,231 1637056702
1 1 41 13,07 23,63 -157,176 1637056703
1 1 41 13,00 23,38 -157,225 1637056703
1 1 41 13,07 23,13 -157,194 1637056704
1 1 41 13,25 22,95 -157,194 1637056704
1 1 41 13,50 22,88 -157,212 1637056705
1 1 41 13,75 22,95 -157,182 1637056705
1 1 41 13,93 23,13 -157,212 1637056706
1 1 42 6,99 26,08 -157,206 1637056707
1 1 42 7,49 26,08 -157,249 1637056707
1 1 42 7,42 26,33 -157,249 1637056708
1 1 42 7,24 26,51 -157,225 1637056708
1 1 42 6,99 26,58 -157,188 1637056709
1 1 42 6,74 26,51 -157,212 1637056709
1 1 42 6,56 26,33 -157,212 1637056710
1 1 42 6,49 26,08 -157,249 1637056710
1 1 42 6,56 25,83 -157,206 1637056711
1 1 42 6,74 25,65 -157,151 1637056711
1 1 42 6,99 25,58 -157,335 1637056711
1 1 42 7,24 25,65 -157,225 1637056712
1 1 42 7,42 25,83 -157,206 1637056712
1 1 43 0,00 27,00 -157,170 1637056713
1 1 43 0,50 27,00 -157,231 1637056714
1 1 43 0,43 27,25 -157,231 1637056714
1 1 43 0,25 27,43 -157,194 1637056715
1 1 43 0,00 27,50 -157,225 1637056715
1 1 43 -0,25 27,43 -157,212 1637056716
1 1 43 -0,43 27,25 -157,188 1637056716
1 1 43 -0,50 27,00 -157,225 1637056717
1 1 43 -0,43 26,75 -157,212 1637056717
1 1 43 -0,25 26,57 -157,255 1637056718
1 1 43 0,00 26,50 -157,158 1637056718
1 1 43 0,25 26,57 -157,212 1637056719
1 1 43 0,43 26,75 -157,237 1637056719
1 1 44 -6,99 26,08 -157,212 1637056720
1 1 44 -6,49 26,08 -157,286 1637056720
1 1 44 -6,56 26,33 -157,225 1637056721
1 1 44 -6,74 26,51 -157,225 1637056721
1 1 44 -6,99 26,58 -157,188 1637056722
1 1 44 -7,24 26,51 -157,133 1637056722
1 1 44 -7,42 26,33 -157,219 1637056722
1 1 44 -7,49 26,08 -157,280 1637056723
1 1 44 -7,42 25,83 -157,225 1637056724
1 1 44 -7,24 25,65 -157,133 1637056724
1 1 44 -6,99 25,58 -157,274 1637056724
1 1 44 -6,74 25,65 -157,170 1637056725
1 1 44 -6,56 25,83 -157,249 1637056725
1 1 45 -13,50 23,38 -157,109 1637056726
1 1 45 -13,00 23,38 -157,158 1637056727
1 1 45 -13,07 23,63 -157,267 1637056727
1 1 45 -13,25 23,82 -157,219 1637056727
1 1 45 -13,50 23,88 -157,188 1637056728
1 1 45 -13,75 23,82 -157,219 1637056728
1 1 45 -13,93 23,63 -157,261 1637056728
1 1 45 -14,00 23,38 -157,267 1637056729
1 1 45 -13,93 23,13 -157,176 1637056729
1 1 45 -13,75 22,95 -157,231 1637056730
1 1 45 -13,50 22,88 -157,231 1637056731
1 1 45 -13,25 22,95 -157,243 1637056731
1 1 45 -13,07 23,13 -157,194 1637056732
1 1 46 -19,09 19,09 -157,212 1637056732
1 1 46 -18,59 19,09 -157,261 1637056733
1 1 46 -18,66 19,34 -157,261 1637056733
1 1 46 -18,84 19,52 -157,188 1637056734
1 1 46 -19,09 19,59 -157,261 1637056734
1 1 46 -19,34 19,52 -157,261 1637056735
1 1 46 -19,52 19,34 -157,267 1637056735
1 1 46 -19,59 19,09 -157,255 1637056736
1 1 46 -19,52 18,84 -157,219 1637056737
1 1 46 -19,34 18,66 -157,139 1637056737
1 1 46 -19,09 18,59 -157,231 1637056737
1 1 46 -18,84 18,66 -157,225 1637056738
1 1 46 -18,66 18,84 -157,231 1637056738
1 1 47 -23,38 13,50 -157,267 1637056739
1 1 47 -22,88 13,50 -157,280 1637056740
1 1 47 -22,95 13,75 -157,274 1637056740
1 1 47 -23,13 13,93 -157,219 1637056741
1 1 47 -23,38 14,00 -157,231 1637056741
1 1 47 -23,63 13,93 -157,261 1637056742
1 1 47 -23,82 13,75 -157,219 1637056742
1 1 47 -23,88 13,50 -157,212 1637056743
1 1 47 -23,82 13,25 -157,212 1637056743
1 1 47 -23,63 13,07 -157,231 1637056744
1 1 47 -23,38 13,00 -157,188 1637056744
1 1 47 -23,13 13,07 -157,231 1637056745
1 1 47 -22,95 13,25 -157,292 1637056745
1 1 48 -26,08 6,99 -157,212 1637056746
1 1 48 -25,58 6,99 -157,286 1637056747
1 1 48 -25,65 7,24 -157,084 1637056747
1 1 48 -25,83 7,42 -157,310 1637056747
1 1 48 -26,08 7,49 -157,139 1637056748
1 1 48 -26,33 7,42 -157,200 1637056748
1 1 48 -26,51 7,24 -157,328 1637056749
1 1 48 -26,58 6,99 -157,267 1637056750
1 1 48 -26,51 6,74 -157,292 1637056750
1 1 48 -26,33 6,56 -157,274 1637056751
1 1 48 -26,08 6,49 -157,237 1637056751
1 1 48 -25,83 6,56 -157,212 1637056752
1 1 48 -25,65 6,74 -157,103 1637056752
1 1 49 -27,00 0,00 -157,200 1637056753
1 1 49 -26,50 0,00 -157,188 1637056754
1 1 49 -26,57 0,25 -157,219 1637056754
1 1 49 -26,75 0,43 -157,231 1637056755
1 1 49 -27,00 0,50 -157,243 1637056755
1 1 49 -27,25 0,43 -157,109 1637056756
1 1 49 -27,43 0,25 -157,292 1637056756
1 1 49 -27,50 0,00 -157,237 1637056757
1 1 49 -27,43 -0,25 -157,274 1637056757
1 1 49 -27,25 -0,43 -157,237 1637056757
1 1 49 -27,00 -0,50 -157,219 1637056758
1 1 49 -26,75 -0,43 -157,176 1637056758
1 1 49 -26,57 -0,25 -157,249 1637056759
1 1 50 -26,08 -6,99 -157,322 1637056760
1 1 50 -25,58 -6,99 -157,225 1637056760
1 1 50 -25,65 -6,74 -157,286 1637056761
1 1 50 -25,83 -6,56 -157,225 1637056761
1 1 50 -26,08 -6,49 -157,267 1637056762
1 1 50 -26,33 -6,56 -157,188 1637056763
1 1 50 -26,51 -6,74 -157,194 1637056763
1 1 50 -26,58 -6,99 -157,237 1637056764
1 1 50 -26,51 -7,24 -157,158 1637056764
1 1 50 -26,33 -7,42 -157,237 1637056764
1 1 50 -26,08 -7,49 -157,304 1637056765
1 1 50 -25,83 -7,42 -157,231 1637056765
1 1 50 -25,65 -7,24 -157,206 1637056765
1 1 51 -23,38 -13,50 -157,231 1637056767
1 1 51 -22,88 -13,50 -157,231 1637056767
1 1 51 -22,95 -13,25 -157,225 1637056768
1 1 51 -23,13 -13,07 -157,225 1637056768
1 1 51 -23,38 -13,00 -157,212 1637056769
1 1 51 -23,63 -13,07 -157,249 1637056769
1 1 51 -23,82 -13,25 -157,237 1637056769
1 1 51 -23,88 -13,50 -157,194 1637056770
1 1 51 -23,82 -13,75 -157,316 1637056771
1 1 51 -23,63 -13,93 -157,225 1637056771
1 1 51 -23,38 -14,00 -157,255 1637056771
1 1 51 -23,13 -13,93 -157,231 1637056772
1 1 51 -22,95 -13,75 -157,237 1637056772
1 1 52 -19,09 -19,09 -157,170 1637056773
1 1 52 -18,59 -19,09 -157,261 1637056774
1 1 52 -18,66 -18,84 -157,219 1637056774
1 1 52 -18,84 -18,66 -157,206 1637056775
1 1 52 -19,09 -18,59 -157,255 1637056775
1 1 52 -19,34 -18,66 -157,237 1637056776
1 1 52 -19,52 -18,84 -157,255 1637056776
1 1 52 -19,59 -19,09 -157,194 1637056777
1 1 52 -19,52 -19,34 -157,200 1637056777
1 1 52 -19,34 -19,52 -157,255 1637056778
1 1 52 -19,09 -19,59 -157,188 1637056778
1 1 52 -18,84 -19,52 -157,219 1637056779
1 1 52 -18,66 -19,34 -157,237 1637056779
1 1 53 -13,50 -23,38 -157,280 1637056780
1 1 53 -13,00 -23,38 -157,261 1637056781
1 1 53 -13,07 -23,13 -157,225 1637056781
1 1 53 -13,25 -22,95 -157,243 1637056781
1 1 53 -13,50 -22,88 -157,249 1637056782
1 1 53 -13,75 -22,95 -157,267 1637056783
1 1 53 -13,93 -23,13 -157,237 1637056783
1 1 53 -14,00 -23,38 -157,206 1637056783
1 1 53 -13,93 -23,63 -157,237 1637056784
1 1 53 -13,75 -23,82 -157,231 1637056784
1 1 53 -13,50 -23,88 -157,225 1637056785
1 1 53 -13,25 -23,82 -157,286 1637056786
1 1 53 -13,07 -23,63 -157,164 1637056786
1 1 54 -6,99 -26,08 -157,212 1637056787
1 1 54 -6,49 -26,08 -157,212 1637056787
1 1 54 -6,56 -25,83 -157,200 1637056788
1 1 54 -6,74 -25,65 -157,219 1637056788
1 1 54 -6,99 -25,58 -157,249 1637056789
1 1 54 -7,24 -25,65 -157,267 1637056789
1 1 54 -7,42 -25,83 -157,286 1637056790
1 1 54 -7,49 -26,08 -157,267 1637056790
1 1 54 -7,42 -26,33 -157,261 1637056791
1 1 54 -7,24 -26,51 -157,212 1637056791
1 1 54 -6,99 -26,58 -157,219 1637056792
1 1 54 -6,74 -26,51 -157,231 1637056792
1 1 54 -6,56 -26,33 -157,274 1637056792
1 1 55 -0,00 -27,00 -157,243 1637056793
1 1 55 0,50 -27,00 -157,237 1637056794
1 1 55 0,43 -26,75 -157,249 1637056795
1 1 55 0,25 -26,57 -157,274 1637056795
1 1 55 -0,00 -26,50 -157,243 1637056795
1 1 55 -0,25 -26,57 -157,286 1637056796
1 1 55 -0,43 -26,75 -157,274 1637056796
1 1 55 -0,50 -27,00 -157,261 1637056797
1 1 55 -0,43 -27,25 -157,194 1637056798
1 1 55 -0,25 -27,43 -157,243 1637056798
1 1 55 -0,00 -27,50 -157,274 1637056799
1 1 55 0,25 -27,43 -157,206 1637056799
1 1 55 0,43 -27,25 -157,231 1637056800
1 1 56 6,99 -26,08 -157,292 1637056800
1 1 56 7,49 -26,08 -157,292 1637056801
1 1 56 7,42 -25,83 -157,237 1637056802
1 1 56 7,24 -25,65 -157,280 1637056802
1 1 56 6,99 -25,58 -157,249 1637056802
1 1 56 6,74 -25,65 -157,225 1637056803
1 1 56 6,56 -25,83 -157,322 1637056803
1 1 56 6,49 -26,08 -157,274 1637056804
1 1 56 6,56 -26,33 -157,200 1637056804
1 1 56 6,74 -26,51 -157,231 1637056805
1 1 56 6,99 -26,58 -157,225 1637056805
1 1 56 7,24 -26,51 -157,274 1637056806
1 1 56 7,42 -26,33 -157,328 1637056806
1 1 57 13,50 -23,38 -157,219 1637056807
1 1 57 14,00 -23,38 -157,267 1637056807
1 1 57 13,93 -23,13 -157,231 1637056808
1 1 57 13,75 -22,95 -157,176 1637056808
1 1 57 13,50 -22,88 -157,316 1637056809
1 1 57 13,25 -22,95 -157,316 1637056810
1 1 57 13,07 -23,13 -157,188 1637056810
1 1 57 13,00 -23,38 -157,231 1637056811
1 1 57 13,07 -23,63 -157,274 1637056811
1 1 57 13,25 -23,82 -157,255 1637056811
1 1 57 13,50 -23,88 -157,231 1637056812
1 1 57 13,75 -23,82 -157,261 1637056813
1 1 57 13,93 -23,63 -157,231 1637056813
1 1 58 19,09 -19,09 -157,267 1637056814
1 1 58 19,59 -19,09 -157,231 1637056814
1 1 58 19,52 -18,84 -157,225 1637056815
1 1 58 19,34 -18,66 -157,212 1637056815
1 1 58 19,09 -18,59 -157,133 1637056816
1 1 58 18,84 -18,66 -157,219 1637056816
1 1 58 18,66 -18,84 -157,225 1637056817
1 1 58 18,59 -19,09 -157,225 1637056817
1 1 58 18,66 -19,34 -157,286 1637056818
1 1 58 18,84 -19,52 -157,145 1637056818
1 1 58 19,09 -19,59 -157,292 1637056819
1 1 58 19,34 -19,52 -157,194 1637056819
1 1 58 19,52 -19,34 -157,298 1637056819
1 1 59 23,38 -13,50 -157,164 1637056820
1 1 59 23,88 -13,50 -157,243 1637056821
1 1 59 23,82 -13,25 -157,274 1637056822
1 1 59 23,63 -13,07 -157,261 1637056822
1 1 59 23,38 -13,00 -157,249 1637056822
1 1 59 23,13 -13,07 -157,249 1637056823
1 1 59 22,95 -13,25 -157,280 1637056823
1 1 59 22,88 -13,50 -157,267 1637056824
1 1 59 22,95 -13,75 -157,212 1637056825
1 1 59 23,13 -13,93 -157,249 1637056825
1 1 59 23,38 -14,00 -157,231 1637056825
1 1 59 23,63 -13,93 -157,212 1637056826
1 1 59 23,82 -13,75 -157,261 1637056826
1 1 60 26,08 -6,99 -157,188 1637056827
1 1 60 26,58 -6,99 -157,261 1637056828
1 1 60 26,51 -6,74 -157,261 1637056828
1 1 60 26,33 -6,56 -157,219 1637056829
1 1 60 26,08 -6,49 -157,261 1637056829
1 1 60 25,83 -6,56 -157,206 1637056830
1 1 60 25,65 -6,74 -157,225 1637056830
1 1 60 25,58 -6,99 -157,280 1637056831
1 1 60 25,65 -7,24 -157,255 1637056831
1 1 60 25,83 -7,42 -157,194 1637056832
1 1 60 26,08 -7,49 -157,219 1637056832
1 1 60 26,33 -7,42 -157,231 1637056833
1 1 60 26,51 -7,24 -157,261 1637056833
