1 1 1 4,24 4,24 -157,206 1637053197
1 1 1 4,74 4,24 -157,188 1637053197
1 1 1 4,68 4,49 -157,261 1637053198
1 1 1 4,49 4,68 -157,298 1637053198
1 1 1 4,24 4,74 -157,286 1637053198
1 1 1 3,99 4,68 -157,206 1637053199
1 1 1 3,81 4,49 -157,298 1637053199
1 1 1 3,74 4,24 -157,219 1637053200
1 1 1 3,81 3,99 -157,225 1637053201
1 1 1 3,99 3,81 -157,249 1637053201
1 1 1 4,24 3,74 -157,237 1637053201
1 1 1 4,49 3,81 -157,212 1637053202
1 1 1 4,68 3,99 -157,292 1637053202
1 1 2 3,36 12,56 -157,249 1637053203
1 1 2 3,86 12,56 -157,219 1637053204
1 1 2 3,80 12,81 -157,249 1637053204
1 1 2 3,61 12,99 -157,237 1637053204
1 1 2 3,36 13,06 -157,280 1637053205
1 1 2 3,11 12,99 -157,200 1637053205
1 1 2 2,93 12,81 -157,194 1637053206
1 1 2 2,86 12,56 -157,219 1637053206
1 1 2 2,93 12,31 -157,176 1637053206
1 1 2 3,11 12,12 -157,267 1637053207
1 1 2 3,36 12,06 -157,231 1637053207
1 1 2 3,61 12,12 -157,176 1637053207
1 1 2 3,80 12,31 -157,341 1637053208
1 1 3 9,19 9,19 -157,243 1637053209
1 1 3 9,69 9,19 -157,219 1637053209
1 1 3 9,63 9,44 -157,219 1637053209
1 1 3 9,44 9,63 -157,212 1637053210
1 1 3 9,19 9,69 -157,200 1637053210
1 1 3 8,94 9,63 -157,286 1637053210
1 1 3 8,76 9,44 -157,212 1637053211
1 1 3 8,69 9,19 -157,310 1637053211
1 1 3 8,76 8,94 -157,121 1637053211
1 1 3 8,94 8,76 -157,249 1637053212
1 1 3 9,19 8,69 -157,206 1637053212
1 1 3 9,44 8,76 -157,219 1637053212
1 1 3 9,63 8,94 -157,212 1637053213
1 1 4 12,56 3,36 -157,237 1637053214
1 1 4 13,06 3,36 -157,194 1637053214
1 1 4 12,99 3,61 -157,219 1637053215
1 1 4 12,81 3,80 -157,225 1637053215
1 1 4 12,56 3,86 -157,200 1637053216
1 1 4 12,31 3,80 -157,292 1637053217
1 1 4 12,12 3,61 -157,231 1637053217
1 1 4 12,06 3,36 -157,212 1637053217
1 1 4 12,12 3,11 -157,280 1637053218
1 1 4 12,31 2,93 -157,133 1637053218
1 1 4 12,56 2,86 -157,335 1637053219
1 1 4 12,81 2,93 -157,200 1637053219
1 1 4 12,99 3,11 -157,267 1637053220
1 1 5 19,32 5,18 -157,212 1637053221
1 1 5 19,82 5,18 -157,231 1637053221
1 1 5 19,75 5,43 -157,310 1637053221
1 1 5 19,57 5,61 -157,267 1637053222
1 1 5 19,32 5,68 -157,231 1637053222
1 1 5 19,07 5,61 -157,170 1637053222
1 1 5 18,89 5,43 -157,274 1637053223
1 1 5 18,82 5,18 -157,200 1637053224
1 1 5 18,89 4,93 -157,255 1637053224
1 1 5 19,07 4,74 -157,158 1637053224
1 1 5 19,32 4,68 -157,212 1637053225
1 1 5 19,57 4,74 -157,286 1637053226
1 1 5 19,75 4,93 -157,304 1637053226
1 1 6 17,32 10,00 -157,255 1637053227
1 1 6 17,82 10,00 -157,219 1637053227
1 1 6 17,75 10,25 -157,231 1637053228
1 1 6 17,57 10,43 -157,261 1637053228
1 1 6 17,32 10,50 -157,212 1637053229
1 1 6 17,07 10,43 -157,212 1637053229
1 1 6 16,89 10,25 -157,249 1637053230
1 1 6 16,82 10,00 -157,219 1637053230
1 1 6 16,89 9,75 -157,219 1637053231
1 1 6 17,07 9,57 -157,286 1637053231
1 1 6 17,32 9,50 -157,255 1637053232
1 1 6 17,57 9,57 -157,292 1637053232
1 1 6 17,75 9,75 -157,231 1637053233
1 1 7 14,14 14,14 -157,133 1637053233
1 1 7 14,64 14,14 -157,243 1637053234
1 1 7 14,58 14,39 -157,231 1637053235
1 1 7 14,39 14,58 -157,267 1637053235
1 1 7 14,14 14,64 -157,219 1637053236
1 1 7 13,89 14,58 -157,225 1637053236
1 1 7 13,71 14,39 -157,237 1637053236
1 1 7 13,64 14,14 -157,188 1637053237
1 1 7 13,71 13,89 -157,237 1637053238
1 1 7 13,89 13,71 -157,225 1637053238
1 1 7 14,14 13,64 -157,188 1637053239
1 1 7 14,39 13,71 -157,206 1637053239
1 1 7 14,58 13,89 -157,261 1637053240
1 1 8 10,00 17,32 -157,280 1637053240
1 1 8 10,50 17,32 -157,249 1637053241
1 1 8 10,43 17,57 -157,176 1637053242
1 1 8 10,25 17,75 -157,274 1637053242
1 1 8 10,00 17,82 -157,188 1637053242
1 1 8 9,75 17,75 -157,225 1637053243
1 1 8 9,57 17,57 -157,267 1637053243
1 1 8 9,50 17,32 -157,212 1637053244
1 1 8 9,57 17,07 -157,255 1637053245
1 1 8 9,75 16,89 -157,231 1637053245
1 1 8 10,00 16,82 -157,225 1637053245
1 1 8 10,25 16,89 -157,194 1637053246
1 1 8 10,43 17,07 -157,237 1637053246
1 1 9 5,18 19,32 -157,212 1637053247
1 1 9 5,68 19,32 -157,310 1637053248
1 1 9 5,61 19,57 -157,249 1637053249
1 1 9 5,43 19,75 -157,225 1637053249
1 1 9 5,18 19,82 -157,249 1637053249
1 1 9 4,93 19,75 -157,249 1637053250
1 1 9 4,74 19,57 -157,176 1637053250
1 1 9 4,68 19,32 -157,212 1637053251
1 1 9 4,74 19,07 -157,176 1637053251
1 1 9 4,93 18,89 -157,225 1637053252
1 1 9 5,18 18,82 -157,274 1637053252
1 1 9 5,43 18,89 -157,249 1637053253
1 1 9 5,61 19,07 -157,255 1637053253
1 1 10 -5,18 19,32 -157,225 1637053254
1 1 10 -4,68 19,32 -157,249 1637053255
1 1 10 -4,74 19,57 -157,267 1637053256
1 1 10 -4,93 19,75 -157,188 1637053256
1 1 10 -5,18 19,82 -157,219 1637053257
1 1 10 -5,43 19,75 -157,237 1637053257
1 1 10 -5,61 19,57 -157,139 1637053258
1 1 10 -5,68 19,32 -157,243 1637053258
1 1 10 -5,61 19,07 -157,280 1637053259
1 1 10 -5,43 18,89 -157,206 1637053259
1 1 10 -5,18 18,82 -157,231 1637053260
1 1 10 -4,93 18,89 -157,206 1637053261
1 1 10 -4,74 19,07 -157,212 1637053261
1 1 11 -10,00 17,32 -157,194 1637053262
1 1 11 -9,50 17,32 -157,206 1637053262
1 1 11 -9,57 17,57 -157,261 1637053262
1 1 11 -9,75 17,75 -157,225 1637053263
1 1 11 -10,00 17,82 -157,261 1637053263
1 1 11 -10,25 17,75 -157,225 1637053263
1 1 11 -10,43 17,57 -157,200 1637053264
1 1 11 -10,50 17,32 -157,212 1637053265
1 1 11 -10,43 17,07 -157,170 1637053265
1 1 11 -10,25 16,89 -157,274 1637053266
1 1 11 -10,00 16,82 -157,212 1637053266
1 1 11 -9,75 16,89 -157,225 1637053267
1 1 11 -9,57 17,07 -157,280 1637053267
1 1 12 -14,14 14,14 -157,225 1637053268
1 1 12 -13,64 14,14 -157,212 1637053269
1 1 12 -13,71 14,39 -157,225 1637053269
1 1 12 -13,89 14,58 -157,225 1637053270
1 1 12 -14,14 14,64 -157,219 1637053270
1 1 12 -14,39 14,58 -157,237 1637053271
1 1 12 -14,58 14,39 -157,225 1637053271
1 1 12 -14,64 14,14 -157,225 1637053272
1 1 12 -14,58 13,89 -157,133 1637053272
1 1 12 -14,39 13,71 -157,212 1637053272
1 1 12 -14,14 13,64 -157,225 1637053273
1 1 12 -13,89 13,71 -157,231 1637053274
1 1 12 -13,71 13,89 -157,243 1637053274
1 1 13 -17,32 10,00 -157,212 1637053275
1 1 13 -16,82 10,00 -157,280 1637053275
1 1 13 -16,89 10,25 -157,212 1637053276
1 1 13 -17,07 10,43 -157,304 1637053276
1 1 13 -17,32 10,50 -157,249 1637053277
1 1 13 -17,57 10,43 -157,237 1637053277
1 1 13 -17,75 10,25 -157,243 1637053278
1 1 13 -17,82 10,00 -157,188 1637053278
1 1 13 -17,75 9,75 -157,249 1637053279
1 1 13 -17,57 9,57 -157,237 1637053279
1 1 13 -17,32 9,50 -157,188 1637053280
1 1 13 -17,07 9,57 -157,249 1637053280
1 1 13 -16,89 9,75 -157,225 1637053281
1 1 14 -19,32 5,18 -157,261 1637053281
1 1 14 -18,82 5,18 -157,225 1637053282
1 1 14 -18,89 5,43 -157,225 1637053283
1 1 14 -19,07 5,61 -157,212 1637053283
1 1 14 -19,32 5,68 -157,255 1637053284
1 1 14 -19,57 5,61 -157,219 1637053284
1 1 14 -19,75 5,43 -157,249 1637053285
1 1 14 -19,82 5,18 -157,164 1637053285
1 1 14 -19,75 4,93 -157,212 1637053286
1 1 14 -19,57 4,74 -157,243 1637053286
1 1 14 -19,32 4,68 -157,212 1637053287
1 1 14 -19,07 4,74 -157,304 1637053287
1 1 14 -18,89 4,93 -157,274 1637053288
1 1 15 -12,56 3,36 -157,237 1637053288
1 1 15 -12,06 3,36 -157,182 1637053289
1 1 15 -12,12 3,61 -157,225 1637053290
1 1 15 -12,31 3,80 -157,188 1637053290
1 1 15 -12,56 3,86 -157,237 1637053290
1 1 15 -12,81 3,80 -157,158 1637053291
1 1 15 -12,99 3,61 -157,280 1637053291
1 1 15 -13,06 3,36 -157,280 1637053292
1 1 15 -12,99 3,11 -157,243 1637053293
1 1 15 -12,81 2,93 -157,249 1637053293
1 1 15 -12,56 2,86 -157,231 1637053293
1 1 15 -12,31 2,93 -157,280 1637053294
1 1 15 -12,12 3,11 -157,200 1637053294
1 1 16 -9,19 9,19 -157,200 1637053295
1 1 16 -8,69 9,19 -157,286 1637053295
1 1 16 -8,76 9,44 -157,292 1637053296
1 1 16 -8,94 9,63 -157,164 1637053296
1 1 16 -9,19 9,69 -157,231 1637053297
1 1 16 -9,44 9,63 -157,237 1637053297
1 1 16 -9,63 9,44 -157,286 1637053298
1 1 16 -9,69 9,19 -157,188 1637053298
1 1 16 -9,63 8,94 -157,212 1637053299
1 1 16 -9,44 8,76 -157,280 1637053299
1 1 16 -9,19 8,69 -157,249 1637053300
1 1 16 -8,94 8,76 -157,231 1637053300
1 1 16 -8,76 8,94 -157,249 1637053300
1 1 17 -3,36 12,56 -157,225 1637053301
1 1 17 -2,86 12,56 -157,237 1637053302
1 1 17 -2,93 12,81 -157,267 1637053303
1 1 17 -3,11 12,99 -157,225 1637053303
1 1 17 -3,36 13,06 -157,249 1637053304
1 1 17 -3,61 12,99 -157,243 1637053304
1 1 17 -3,80 12,81 -157,280 1637053304
1 1 17 -3,86 12,56 -157,267 1637053305
1 1 17 -3,80 12,31 -157,249 1637053306
1 1 17 -3,61 12,12 -157,212 1637053306
1 1 17 -3,36 12,06 -157,243 1637053306
1 1 17 -3,11 12,12 -157,225 1637053307
1 1 17 -2,93 12,31 -157,255 1637053307
1 1 18 -4,24 4,24 -157,280 1637053308
1 1 18 -3,74 4,24 -157,182 1637053309
1 1 18 -3,81 4,49 -157,182 1637053309
1 1 18 -3,99 4,68 -157,237 1637053309
1 1 18 -4,24 4,74 -157,280 1637053310
1 1 18 -4,49 4,68 -157,261 1637053310
1 1 18 -4,68 4,49 -157,219 1637053311
1 1 18 -4,74 4,24 -157,286 1637053311
1 1 18 -4,68 3,99 -157,298 1637053312
1 1 18 -4,49 3,81 -157,274 1637053312
1 1 18 -4,24 3,74 -157,274 1637053313
1 1 18 -3,99 3,81 -157,133 1637053313
1 1 18 -3,81 3,99 -157,292 1637053314
1 1 19 -4,24 -4,24 -157,212 1637053315
1 1 19 -3,74 -4,24 -157,237 1637053315
1 1 19 -3,81 -3,99 -157,274 1637053316
1 1 19 -3,99 -3,81 -157,243 1637053316
1 1 19 -4,24 -3,74 -157,267 1637053317
1 1 19 -4,49 -3,81 -157,188 1637053317
1 1 19 -4,68 -3,99 -157,261 1637053317
1 1 19 -4,74 -4,24 -157,243 1637053318
1 1 19 -4,68 -4,49 -157,261 1637053319
1 1 19 -4,49 -4,68 -157,243 1637053319
1 1 19 -4,24 -4,74 -157,212 1637053320
1 1 19 -3,99 -4,68 -157,274 1637053320
1 1 19 -3,81 -4,49 -157,243 1637053321
1 1 20 -3,36 -12,56 -157,243 1637053322
1 1 20 -2,86 -12,56 -157,127 1637053322
1 1 20 -2,93 -12,31 -157,219 1637053323
1 1 20 -3,11 -12,12 -157,267 1637053323
1 1 20 -3,36 -12,06 -157,194 1637053324
1 1 20 -3,61 -12,12 -157,243 1637053324
1 1 20 -3,80 -12,31 -157,231 1637053325
1 1 20 -3,86 -12,56 -157,261 1637053325
1 1 20 -3,80 -12,81 -157,225 1637053326
1 1 20 -3,61 -12,99 -157,274 1637053326
1 1 20 -3,36 -13,06 -157,274 1637053327
1 1 20 -3,11 -12,99 -157,249 1637053327
1 1 20 -2,93 -12,81 -157,188 1637053328
1 1 21 -9,19 -9,19 -157,249 1637053328
1 1 21 -8,69 -9,19 -157,280 1637053329
1 1 21 -8,76 -8,94 -157,194 1637053329
1 1 21 -8,94 -8,76 -157,164 1637053329
1 1 21 -9,19 -8,69 -157,316 1637053330
1 1 21 -9,44 -8,76 -157,267 1637053330
1 1 21 -9,63 -8,94 -157,274 1637053331
1 1 21 -9,69 -9,19 -157,267 1637053331
1 1 21 -9,63 -9,44 -157,255 1637053331
1 1 21 -9,44 -9,63 -157,225 1637053332
1 1 21 -9,19 -9,69 -157,188 1637053332
1 1 21 -8,94 -9,63 -157,249 1637053332
1 1 21 -8,76 -9,44 -157,200 1637053333
1 1 22 -12,56 -3,36 -157,188 1637053334
1 1 22 -12,06 -3,36 -157,219 1637053334
1 1 22 -12,12 -3,11 -157,219 1637053335
1 1 22 -12,31 -2,93 -157,176 1637053335
1 1 22 -12,56 -2,86 -157,255 1637053336
1 1 22 -12,81 -2,93 -157,212 1637053337
1 1 22 -12,99 -3,11 -157,261 1637053337
1 1 22 -13,06 -3,36 -157,212 1637053337
1 1 22 -12,99 -3,61 -157,212 1637053338
1 1 22 -12,81 -3,80 -157,298 1637053338
1 1 22 -12,56 -3,86 -157,243 1637053339
1 1 22 -12,31 -3,80 -157,237 1637053339
1 1 22 -12,12 -3,61 -157,237 1637053340
1 1 23 -19,32 -5,18 -157,274 1637053341
1 1 23 -18,82 -5,18 -157,188 1637053341
1 1 23 -18,89 -4,93 -157,267 1637053341
1 1 23 -19,07 -4,74 -157,212 1637053342
1 1 23 -19,32 -4,68 -157,194 1637053343
1 1 23 -19,57 -4,74 -157,231 1637053343
1 1 23 -19,75 -4,93 -157,225 1637053343
1 1 23 -19,82 -5,18 -157,225 1637053344
1 1 23 -19,75 -5,43 -157,212 1637053345
1 1 23 -19,57 -5,61 -157,243 1637053345
1 1 23 -19,32 -5,68 -157,212 1637053346
1 1 23 -19,07 -5,61 -157,304 1637053346
1 1 23 -18,89 -5,43 -157,164 1637053346
1 1 24 -17,32 -10,00 -157,292 1637053347
1 1 24 -16,82 -10,00 -157,322 1637053348
1 1 24 -16,89 -9,75 -157,231 1637053349
1 1 24 -17,07 -9,57 -157,267 1637053349
1 1 24 -17,32 -9,50 -157,188 1637053350
1 1 24 -17,57 -9,57 -157,212 1637053350
1 1 24 -17,75 -9,75 -157,255 1637053351
1 1 24 -17,82 -10,00 -157,188 1637053351
1 1 24 -17,75 -10,25 -157,353 1637053351
1 1 24 -17,57 -10,43 -157,243 1637053352
1 1 24 -17,32 -10,50 -157,280 1637053352
1 1 24 -17,07 -10,43 -157,225 1637053352
1 1 24 -16,89 -10,25 -157,298 1637053353
1 1 25 -14,14 -14,14 -157,261 1637053354
1 1 25 -13,64 -14,14 -157,212 1637053354
1 1 25 -13,71 -13,89 -157,212 1637053355
1 1 25 -13,89 -13,71 -157,231 1637053355
1 1 25 -14,14 -13,64 -157,225 1637053356
1 1 25 -14,39 -13,71 -157,231 1637053356
1 1 25 -14,58 -13,89 -157,249 1637053357
1 1 25 -14,64 -14,14 -157,255 1637053358
1 1 25 -14,58 -14,39 -157,292 1637053358
1 1 25 -14,39 -14,58 -157,212 1637053359
1 1 25 -14,14 -14,64 -157,261 1637053359
1 1 25 -13,89 -14,58 -157,249 1637053360
1 1 25 -13,71 -14,39 -157,212 1637053360
1 1 26 -10,00 -17,32 -157,249 1637053361
1 1 26 -9,50 -17,32 -157,206 1637053361
1 1 26 -9,57 -17,07 -157,274 1637053361
1 1 26 -9,75 -16,89 -157,225 1637053362
1 1 26 -10,00 -16,82 -157,225 1637053362
1 1 26 -10,25 -16,89 -157,188 1637053362
1 1 26 -10,43 -17,07 -157,310 1637053363
1 1 26 -10,50 -17,32 -157,212 1637053363
1 1 26 -10,43 -17,57 -157,188 1637053363
1 1 26 -10,25 -17,75 -157,280 1637053364
1 1 26 -10,00 -17,82 -157,261 1637053365
1 1 26 -9,75 -17,75 -157,212 1637053365
1 1 26 -9,57 -17,57 -157,298 1637053366
1 1 27 -5,18 -19,32 -157,225 1637053366
1 1 27 -4,68 -19,32 -157,225 1637053367
1 1 27 -4,74 -19,07 -157,261 1637053368
1 1 27 -4,93 -18,89 -157,188 1637053368
1 1 27 -5,18 -18,82 -157,219 1637053368
1 1 27 -5,43 -18,89 -157,219 1637053369
1 1 27 -5,61 -19,07 -157,225 1637053369
1 1 27 -5,68 -19,32 -157,212 1637053370
1 1 27 -5,61 -19,57 -157,267 1637053371
1 1 27 -5,43 -19,75 -157,267 1637053371
1 1 27 -5,18 -19,82 -157,164 1637053371
1 1 27 -4,93 -19,75 -157,188 1637053372
1 1 27 -4,74 -19,57 -157,286 1637053372
1 1 28 5,18 -19,32 -157,243 1637053373
1 1 28 5,68 -19,32 -157,231 1637053374
1 1 28 5,61 -19,07 -157,255 1637053374
1 1 28 5,43 -18,89 -157,261 1637053375
1 1 28 5,18 -18,82 -157,274 1637053375
1 1 28 4,93 -18,89 -157,225 1637053376
1 1 28 4,74 -19,07 -157,219 1637053376
1 1 28 4,68 -19,32 -157,274 1637053377
1 1 28 4,74 -19,57 -157,182 1637053377
1 1 28 4,93 -19,75 -157,206 1637053378
1 1 28 5,18 -19,82 -157,219 1637053378
1 1 28 5,43 -19,75 -157,280 1637053379
1 1 28 5,61 -19,57 -157,212 1637053379
1 1 29 10,00 -17,32 -157,335 1637053380
1 1 29 10,50 -17,32 -157,304 1637053381
1 1 29 10,43 -17,07 -157,243 1637053381
1 1 29 10,25 -16,89 -157,255 1637053381
1 1 29 10,00 -16,82 -157,280 1637053382
1 1 29 9,75 -16,89 -157,267 1637053382
1 1 29 9,57 -17,07 -157,280 1637053383
1 1 29 9,50 -17,32 -157,274 1637053383
1 1 29 9,57 -17,57 -157,219 1637053383
1 1 29 9,75 -17,75 -157,249 1637053384
1 1 29 10,00 -17,82 -157,261 1637053384
1 1 29 10,25 -17,75 -157,212 1637053384
1 1 29 10,43 -17,57 -157,243 1637053385
1 1 30 14,14 -14,14 -157,310 1637053386
1 1 30 14,64 -14,14 -157,316 1637053386
1 1 30 14,58 -13,89 -157,298 1637053387
1 1 30 14,39 -13,71 -157,194 1637053387
1 1 30 14,14 -13,64 -157,243 1637053388
1 1 30 13,89 -13,71 -157,243 1637053388
1 1 30 13,71 -13,89 -157,219 1637053389
1 1 30 13,64 -14,14 -157,261 1637053389
1 1 30 13,71 -14,39 -157,231 1637053390
1 1 30 13,89 -14,58 -157,200 1637053390
1 1 30 14,14 -14,64 -157,219 1637053391
1 1 30 14,39 -14,58 -157,298 1637053391
1 1 30 14,58 -14,39 -157,255 1637053391
1 1 31 17,32 -10,00 -157,286 1637053392
1 1 31 17,82 -10,00 -157,188 1637053393
1 1 31 17,75 -9,75 -157,292 1637053394
1 1 31 17,57 -9,57 -157,286 1637053394
1 1 31 17,32 -9,50 -157,316 1637053395
1 1 31 17,07 -9,57 -157,280 1637053395
1 1 31 16,89 -9,75 -157,225 1637053395
1 1 31 16,82 -10,00 -157,243 1637053396
1 1 31 16,89 -10,25 -157,286 1637053397
1 1 31 17,07 -10,43 -157,231 1637053397
1 1 31 17,32 -10,50 -157,267 1637053397
1 1 31 17,57 -10,43 -157,274 1637053398
1 1 31 17,75 -10,25 -157,225 1637053398
1 1 32 19,32 -5,18 -157,249 1637053399
1 1 32 19,82 -5,18 -157,212 1637053400
1 1 32 19,75 -4,93 -157,261 1637053400
1 1 32 19,57 -4,74 -157,286 1637053401
1 1 32 19,32 -4,68 -157,206 1637053401
1 1 32 19,07 -4,74 -157,219 1637053402
1 1 32 18,89 -4,93 -157,249 1637053402
1 1 32 18,82 -5,18 -157,261 1637053403
1 1 32 18,89 -5,43 -157,280 1637053403
1 1 32 19,07 -5,61 -157,286 1637053404
1 1 32 19,32 -5,68 -157,231 1637053404
1 1 32 19,57 -5,61 -157,225 1637053405
1 1 32 19,75 -5,43 -157,164 1637053405
1 1 33 12,56 -3,36 -157,225 1637053406
1 1 33 13,06 -3,36 -157,194 1637053407
1 1 33 12,99 -3,11 -157,200 1637053407
1 1 33 12,81 -2,93 -157,231 1637053407
1 1 33 12,56 -2,86 -157,261 1637053408
1 1 33 12,31 -2,93 -157,243 1637053408
1 1 33 12,12 -3,11 -157,219 1637053408
1 1 33 12,06 -3,36 -157,212 1637053409
1 1 33 12,12 -3,61 -157,261 1637053409
1 1 33 12,31 -3,80 -157,255 1637053410
1 1 33 12,56 -3,86 -157,280 1637053411
1 1 33 12,81 -3,80 -157,261 1637053411
1 1 33 12,99 -3,61 -157,237 1637053411
1 1 34 9,19 -9,19 -157,267 1637053412
1 1 34 9,69 -9,19 -157,231 1637053413
1 1 34 9,63 -8,94 -157,255 1637053414
1 1 34 9,44 -8,76 -157,225 1637053414
1 1 34 9,19 -8,69 -157,231 1637053414
1 1 34 8,94 -8,76 -157,298 1637053415
1 1 34 8,76 -8,94 -157,231 1637053415
1 1 34 8,69 -9,19 -157,261 1637053416
1 1 34 8,76 -9,44 -157,261 1637053416
1 1 34 8,94 -9,63 -157,267 1637053416
1 1 34 9,19 -9,69 -157,292 1637053417
1 1 34 9,44 -9,63 -157,212 1637053417
1 1 34 9,63 -9,44 -157,194 1637053417
1 1 35 3,36 -12,56 -157,188 1637053418
1 1 35 3,86 -12,56 -157,225 1637053419
1 1 35 3,80 -12,31 -157,219 1637053420
1 1 35 3,61 -12,12 -157,243 1637053420
1 1 35 3,36 -12,06 -157,188 1637053420
1 1 35 3,11 -12,12 -157,170 1637053421
1 1 35 2,93 -12,31 -157,225 1637053421
1 1 35 2,86 -12,56 -157,267 1637053422
1 1 35 2,93 -12,81 -157,298 1637053422
1 1 35 3,11 -12,99 -157,249 1637053423
1 1 35 3,36 -13,06 -157,261 1637053423
1 1 35 3,61 -12,99 -157,188 1637053424
1 1 35 3,80 -12,81 -157,304 1637053424
1 1 36 4,24 -4,24 -157,188 1637053425
1 1 36 4,74 -4,24 -157,200 1637053425
1 1 36 4,68 -3,99 -157,164 1637053426
1 1 36 4,49 -3,81 -157,267 1637053426
1 1 36 4,24 -3,74 -157,249 1637053427
1 1 36 3,99 -3,81 -157,212 1637053428
1 1 36 3,81 -3,99 -157,261 1637053428
1 1 36 3,74 -4,24 -157,188 1637053429
1 1 36 3,81 -4,49 -157,310 1637053429
1 1 36 3,99 -4,68 -157,212 1637053430
1 1 36 4,24 -4,74 -157,164 1637053430
1 1 36 4,49 -4,68 -157,255 1637053431
1 1 36 4,68 -4,49 -157,219 1637053431
1 1 37 27,00 0,00 -157,158 1637053433
1 1 37 27,50 0,00 -157,255 1637053433
1 1 37 27,43 0,25 -157,316 1637053434
1 1 37 27,25 0,43 -157,158 1637053434
1 1 37 27,00 0,50 -157,249 1637053435
1 1 37 26,75 0,43 -157,237 1637053436
1 1 37 26,57 0,25 -157,188 1637053436
1 1 37 26,50 0,00 -157,164 1637053436
1 1 37 26,57 -0,25 -157,133 1637053437
1 1 37 26,75 -0,43 -157,249 1637053437
1 1 37 27,00 -0,50 -157,237 1637053438
1 1 37 27,25 -0,43 -157,286 1637053439
1 1 37 27,43 -0,25 -157,206 1637053439
1 1 38 26,08 6,99 -157,066 1637053440
1 1 38 26,58 6,99 -157,182 1637053441
1 1 38 26,51 7,24 -157,151 1637053441
1 1 38 26,33 7,42 -157,249 1637053441
1 1 38 26,08 7,49 -157,121 1637053442
1 1 38 25,83 7,42 -157,249 1637053442
1 1 38 25,65 7,24 -157,249 1637053443
1 1 38 25,58 6,99 -157,133 1637053443
1 1 38 25,65 6,74 -157,194 1637053444
1 1 38 25,83 6,56 -157,212 1637053444
1 1 38 26,08 6,49 -157,188 1637053445
1 1 38 26,33 6,56 -157,328 1637053445
1 1 38 26,51 6,74 -157,298 1637053446
1 1 39 23,38 13,50 -157,188 1637053447
1 1 39 23,88 13,50 -157,274 1637053447
1 1 39 23,82 13,75 -157,249 1637053447
1 1 39 23,63 13,93 -157,231 1637053448
1 1 39 23,38 14,00 -157,249 1637053449
1 1 39 23,13 13,93 -157,231 1637053449
1 1 39 22,95 13,75 -157,292 1637053450
1 1 39 22,88 13,50 -157,261 1637053450
1 1 39 22,95 13,25 -157,237 1637053451
1 1 39 23,13 13,07 -157,267 1637053451
1 1 39 23,38 13,00 -157,231 1637053452
1 1 39 23,63 13,07 -157,286 1637053452
1 1 39 23,82 13,25 -157,286 1637053452
1 1 40 19,09 19,09 -157,182 1637053453
1 1 40 19,59 19,09 -157,212 1637053454
1 1 40 19,52 19,34 -157,219 1637053455
1 1 40 19,34 19,52 -157,237 1637053455
1 1 40 19,09 19,59 -157,280 1637053455
1 1 40 18,84 19,52 -157,206 1637053456
1 1 40 18,66 19,34 -157,219 1637053456
1 1 40 18,59 19,09 -157,237 1637053457
1 1 40 18,66 18,84 -157,219 1637053458
1 1 40 18,84 18,66 -157,194 1637053458
1 1 40 19,09 18,59 -157,237 1637053459
1 1 40 19,34 18,66 -157,255 1637053459
1 1 40 19,52 18,84 -157,267 1637053459
1 1 41 13,50 23,38 -157,243 1637053460
1 1 41 14,00 23,38 -157,158 1637053461
1 1 41 13,93 23,63 -157,267 1637053462
1 1 41 13,75 23,82 -157,261 1637053462
1 1 41 13,50 23,88 -157,231 1637053462
1 1 41 13,25 23,82 -157,243 1637053463
1 1 41 13,07 23,63 -157,170 1637053463
1 1 41 13,00 23,38 -157,231 1637053464
1 1 41 13,07 23,13 -157,206 1637053464
1 1 41 13,25 22,95 -157,194 1637053465
1 1 41 13,50 22,88 -157,219 1637053465
1 1 41 13,75 22,95 -157,182 1637053466
1 1 41 13,93 23,13 -157,219 1637053466
1 1 42 6,99 26,08 -157,212 1637053467
1 1 42 7,49 26,08 -157,261 1637053468
1 1 42 7,42 26,33 -157,249 1637053468
1 1 42 7,24 26,51 -157,231 1637053469
1 1 42 6,99 26,58 -157,188 1637053469
1 1 42 6,74 26,51 -157,219 1637053470
1 1 42 6,56 26,33 -157,212 1637053470
1 1 42 6,49 26,08 -157,261 1637053471
1 1 42 6,56 25,83 -157,212 1637053471
1 1 42 6,74 25,65 -157,151 1637053472
1 1 42 6,99 25,58 -157,335 1637053472
1 1 42 7,24 25,65 -157,225 1637053473
1 1 42 7,42 25,83 -157,212 1637053473
1 1 43 0,00 27,00 -157,182 1637053474
1 1 43 0,50 27,00 -157,231 1637053475
1 1 43 0,43 27,25 -157,231 1637053475
1 1 43 0,25 27,43 -157,188 1637053476
1 1 43 0,00 27,50 -157,225 1637053476
1 1 43 -0,25 27,43 -157,225 1637053477
1 1 43 -0,43 27,25 -157,188 1637053477
1 1 43 -0,50 27,00 -157,231 1637053478
1 1 43 -0,43 26,75 -157,219 1637053478
1 1 43 -0,25 26,57 -157,267 1637053479
1 1 43 0,00 26,50 -157,158 1637053479
1 1 43 0,25 26,57 -157,225 1637053480
1 1 43 0,43 26,75 -157,243 1637053480
1 1 44 -6,99 26,08 -157,212 1637053481
1 1 44 -6,49 26,08 -157,298 1637053481
1 1 44 -6,56 26,33 -157,231 1637053482
1 1 44 -6,74 26,51 -157,225 1637053482
1 1 44 -6,99 26,58 -157,194 1637053482
1 1 44 -7,24 26,51 -157,145 1637053483
1 1 44 -7,42 26,33 -157,225 1637053483
1 1 44 -7,49 26,08 -157,286 1637053484
1 1 44 -7,42 25,83 -157,231 1637053484
1 1 44 -7,24 25,65 -157,133 1637053485
1 1 44 -6,99 25,58 -157,280 1637053486
1 1 44 -6,74 25,65 -157,182 1637053486
1 1 44 -6,56 25,83 -157,249 1637053486
1 1 45 -13,50 23,38 -157,115 1637053487
1 1 45 -13,00 23,38 -157,158 1637053488
1 1 45 -13,07 23,63 -157,261 1637053489
1 1 45 -13,25 23,82 -157,225 1637053489
1 1 45 -13,50 23,88 -157,188 1637053489
1 1 45 -13,75 23,82 -157,225 1637053490
1 1 45 -13,93 23,63 -157,261 1637053491
1 1 45 -14,00 23,38 -157,280 1637053491
1 1 45 -13,93 23,13 -157,188 1637053491
1 1 45 -13,75 22,95 -157,231 1637053492
1 1 45 -13,50 22,88 -157,231 1637053493
1 1 45 -13,25 22,95 -157,249 1637053493
1 1 45 -13,07 23,13 -157,212 1637053494
1 1 46 -19,09 19,09 -157,212 1637053494
1 1 46 -18,59 19,09 -157,261 1637053495
1 1 46 -18,66 19,34 -157,261 1637053496
1 1 46 -18,84 19,52 -157,188 1637053496
1 1 46 -19,09 19,59 -157,267 1637053497
1 1 46 -19,34 19,52 -157,267 1637053497
1 1 46 -19,52 19,34 -157,261 1637053497
1 1 46 -19,59 19,09 -157,261 1637053498
1 1 46 -19,52 18,84 -157,225 1637053499
1 1 46 -19,34 18,66 -157,145 1637053499
1 1 46 -19,09 18,59 -157,243 1637053500
1 1 46 -18,84 18,66 -157,231 1637053500
1 1 46 -18,66 18,84 -157,231 1637053501
1 1 47 -23,38 13,50 -157,267 1637053501
1 1 47 -22,88 13,50 -157,286 1637053502
1 1 47 -22,95 13,75 -157,274 1637053503
1 1 47 -23,13 13,93 -157,225 1637053503
1 1 47 -23,38 14,00 -157,237 1637053504
1 1 47 -23,63 13,93 -157,261 1637053504
1 1 47 -23,82 13,75 -157,225 1637053504
1 1 47 -23,88 13,50 -157,219 1637053505
1 1 47 -23,82 13,25 -157,219 1637053506
1 1 47 -23,63 13,07 -157,243 1637053506
1 1 47 -23,38 13,00 -157,188 1637053506
1 1 47 -23,13 13,07 -157,231 1637053507
1 1 47 -22,95 13,25 -157,298 1637053507
1 1 48 -26,08 6,99 -157,219 1637053508
1 1 48 -25,58 6,99 -157,292 1637053509
1 1 48 -25,65 7,24 -157,090 1637053510
1 1 48 -25,83 7,42 -157,310 1637053510
1 1 48 -26,08 7,49 -157,151 1637053510
1 1 48 -26,33 7,42 -157,206 1637053511
1 1 48 -26,51 7,24 -157,328 1637053511
1 1 48 -26,58 6,99 -157,274 1637053512
1 1 48 -26,51 6,74 -157,292 1637053512
1 1 48 -26,33 6,56 -157,280 1637053513
1 1 48 -26,08 6,49 -157,243 1637053513
1 1 48 -25,83 6,56 -157,212 1637053514
1 1 48 -25,65 6,74 -157,103 1637053514
1 1 49 -27,00 0,00 -157,212 1637053515
1 1 49 -26,50 0,00 -157,188 1637053516
1 1 49 -26,57 0,25 -157,225 1637053516
1 1 49 -26,75 0,43 -157,237 1637053516
1 1 49 -27,00 0,50 -157,255 1637053517
1 1 49 -27,25 0,43 -157,115 1637053518
1 1 49 -27,43 0,25 -157,286 1637053518
1 1 49 -27,50 0,00 -157,243 1637053518
1 1 49 -27,43 -0,25 -157,280 1637053519
1 1 49 -27,25 -0,43 -157,243 1637053519
1 1 49 -27,00 -0,50 -157,225 1637053520
1 1 49 -26,75 -0,43 -157,182 1637053520
1 1 49 -26,57 -0,25 -157,249 1637053521
1 1 50 -26,08 -6,99 -157,322 1637053522
1 1 50 -25,58 -6,99 -157,237 1637053522
1 1 50 -25,65 -6,74 -157,286 1637053523
1 1 50 -25,83 -6,56 -157,225 1637053523
1 1 50 -26,08 -6,49 -157,274 1637053524
1 1 50 -26,33 -6,56 -157,194 1637053524
1 1 50 -26,51 -6,74 -157,206 1637053524
1 1 50 -26,58 -6,99 -157,243 1637053525
1 1 50 -26,51 -7,24 -157,158 1637053526
1 1 50 -26,33 -7,42 -157,243 1637053526
1 1 50 -26,08 -7,49 -157,304 1637053527
1 1 50 -25,83 -7,42 -157,237 1637053527
1 1 50 -25,65 -7,24 -157,212 1637053528
1 1 51 -23,38 -13,50 -157,237 1637053528
1 1 51 -22,88 -13,50 -157,231 1637053529
1 1 51 -22,95 -13,25 -157,231 1637053530
1 1 51 -23,13 -13,07 -157,237 1637053530
1 1 51 -23,38 -13,00 -157,212 1637053531
1 1 51 -23,63 -13,07 -157,255 1637053531
1 1 51 -23,82 -13,25 -157,237 1637053531
1 1 51 -23,88 -13,50 -157,206 1637053532
1 1 51 -23,82 -13,75 -157,322 1637053533
1 1 51 -23,63 -13,93 -157,231 1637053533
1 1 51 -23,38 -14,00 -157,261 1637053534
1 1 51 -23,13 -13,93 -157,231 1637053534
1 1 51 -22,95 -13,75 -157,243 1637053535
1 1 52 -19,09 -19,09 -157,176 1637053535
1 1 52 -18,59 -19,09 -157,261 1637053536
1 1 52 -18,66 -18,84 -157,231 1637053536
1 1 52 -18,84 -18,66 -157,206 1637053536
1 1 52 -19,09 -18,59 -157,267 1637053537
1 1 52 -19,34 -18,66 -157,243 1637053537
1 1 52 -19,52 -18,84 -157,261 1637053538
1 1 52 -19,59 -19,09 -157,206 1637053539
1 1 52 -19,52 -19,34 -157,206 1637053539
1 1 52 -19,34 -19,52 -157,261 1637053540
1 1 52 -19,09 -19,59 -157,194 1637053540
1 1 52 -18,84 -19,52 -157,225 1637053540
1 1 52 -18,66 -19,34 -157,249 1637053541
1 1 53 -13,50 -23,38 -157,280 1637053542
1 1 53 -13,00 -23,38 -157,261 1637053542
1 1 53 -13,07 -23,13 -157,231 1637053543
1 1 53 -13,25 -22,95 -157,249 1637053543
1 1 53 -13,50 -22,88 -157,261 1637053544
1 1 53 -13,75 -22,95 -157,274 1637053544
1 1 53 -13,93 -23,13 -157,243 1637053545
1 1 53 -14,00 -23,38 -157,212 1637053545
1 1 53 -13,93 -23,63 -157,237 1637053546
1 1 53 -13,75 -23,82 -157,237 1637053546
1 1 53 -13,50 -23,88 -157,225 1637053547
1 1 53 -13,25 -23,82 -157,286 1637053547
1 1 53 -13,07 -23,63 -157,170 1637053547
1 1 54 -6,99 -26,08 -157,212 1637053548
1 1 54 -6,49 -26,08 -157,219 1637053549
1 1 54 -6,56 -25,83 -157,212 1637053549
1 1 54 -6,74 -25,65 -157,231 1637053550
1 1 54 -6,99 -25,58 -157,255 1637053550
1 1 54 -7,24 -25,65 -157,267 1637053551
1 1 54 -7,42 -25,83 -157,292 1637053551
1 1 54 -7,49 -26,08 -157,274 1637053552
1 1 54 -7,42 -26,33 -157,267 1637053552
1 1 54 -7,24 -26,51 -157,212 1637053553
1 1 54 -6,99 -26,58 -157,219 1637053553
1 1 54 -6,74 -26,51 -157,243 1637053554
1 1 54 -6,56 -26,33 -157,280 1637053554
1 1 55 -0,00 -27,00 -157,255 1637053555
1 1 55 0,50 -27,00 -157,249 1637053556
1 1 55 0,43 -26,75 -157,249 1637053556
1 1 55 0,25 -26,57 -157,280 1637053557
1 1 55 -0,00 -26,50 -157,249 1637053557
1 1 55 -0,25 -26,57 -157,286 1637053558
1 1 55 -0,43 -26,75 -157,274 1637053558
1 1 55 -0,50 -27,00 -157,267 1637053559
1 1 55 -0,43 -27,25 -157,194 1637053559
1 1 55 -0,25 -27,43 -157,249 1637053559
1 1 55 -0,00 -27,50 -157,286 1637053560
1 1 55 0,25 -27,43 -157,212 1637053561
1 1 55 0,43 -27,25 -157,231 1637053561
1 1 56 6,99 -26,08 -157,292 1637053562
1 1 56 7,49 -26,08 -157,304 1637053562
1 1 56 7,42 -25,83 -157,249 1637053563
1 1 56 7,24 -25,65 -157,286 1637053563
1 1 56 6,99 -25,58 -157,249 1637053563
1 1 56 6,74 -25,65 -157,225 1637053564
1 1 56 6,56 -25,83 -157,328 1637053564
1 1 56 6,49 -26,08 -157,267 1637053564
1 1 56 6,56 -26,33 -157,206 1637053565
1 1 56 6,74 -26,51 -157,231 1637053565
1 1 56 6,99 -26,58 -157,225 1637053566
1 1 56 7,24 -26,51 -157,280 1637053567
1 1 56 7,42 -26,33 -157,335 1637053567
1 1 57 13,50 -23,38 -157,219 1637053568
1 1 57 14,00 -23,38 -157,274 1637053568
1 1 57 13,93 -23,13 -157,243 1637053569
1 1 57 13,75 -22,95 -157,182 1637053569
1 1 57 13,50 -22,88 -157,322 1637053569
1 1 57 13,25 -22,95 -157,322 1637053570
1 1 57 13,07 -23,13 -157,188 1637053570
1 1 57 13,00 -23,38 -157,231 1637053571
1 1 57 13,07 -23,63 -157,280 1637053571
1 1 57 13,25 -23,82 -157,255 1637053572
1 1 57 13,50 -23,88 -157,237 1637053572
1 1 57 13,75 -23,82 -157,267 1637053573
1 1 57 13,93 -23,63 -157,237 1637053573
1 1 58 19,09 -19,09 -157,274 1637053574
1 1 58 19,59 -19,09 -157,237 1637053575
1 1 58 19,52 -18,84 -157,231 1637053575
1 1 58 19,34 -18,66 -157,219 1637053575
1 1 58 19,09 -18,59 -157,139 1637053576
1 1 58 18,84 -18,66 -157,225 1637053577
1 1 58 18,66 -18,84 -157,231 1637053577
1 1 58 18,59 -19,09 -157,231 1637053577
1 1 58 18,66 -19,34 -157,286 1637053578
1 1 58 18,84 -19,52 -157,151 1637053578
1 1 58 19,09 -19,59 -157,298 1637053579
1 1 58 19,34 -19,52 -157,200 1637053580
1 1 58 19,52 -19,34 -157,310 1637053580
1 1 59 23,38 -13,50 -157,176 1637053581
1 1 59 23,88 -13,50 -157,243 1637053582
1 1 59 23,82 -13,25 -157,280 1637053582
1 1 59 23,63 -13,07 -157,274 1637053582
1 1 59 23,38 -13,00 -157,261 1637053583
1 1 59 23,13 -13,07 -157,255 1637053584
1 1 59 22,95 -13,25 -157,280 1637053584
1 1 59 22,88 -13,50 -157,274 1637053585
1 1 59 22,95 -13,75 -157,219 1637053585
1 1 59 23,13 -13,93 -157,255 1637053585
1 1 59 23,38 -14,00 -157,237 1637053586
1 1 59 23,63 -13,93 -157,219 1637053587
1 1 59 23,82 -13,75 -157,261 1637053587
1 1 60 26,08 -6,99 -157,188 1637053588
1 1 60 26,58 -6,99 -157,267 1637053588
1 1 60 26,51 -6,74 -157,261 1637053589
1 1 60 26,33 -6,56 -157,219 1637053589
1 1 60 26,08 -6,49 -157,261 1637053590
1 1 60 25,83 -6,56 -157,212 1637053591
1 1 60 25,65 -6,74 -157,243 1637053591
1 1 60 25,58 -6,99 -157,286 1637053591
1 1 60 25,65 -7,24 -157,261 1637053592
1 1 60 25,83 -7,42 -157,212 1637053592
1 1 60 26,08 -7,49 -157,225 1637053593
1 1 60 26,33 -7,42 -157,237 1637053593
1 1 60 26,51 -7,24 -157,267 1637053594
