1 1 1 4,24 4,24 -157,200 1637055272
1 1 1 4,74 4,24 -157,194 1637055273
1 1 1 4,68 4,49 -157,255 1637055273
1 1 1 4,49 4,68 -157,292 1637055274
1 1 1 4,24 4,74 -157,286 1637055274
1 1 1 3,99 4,68 -157,200 1637055275
1 1 1 3,81 4,49 -157,292 1637055275
1 1 1 3,74 4,24 -157,212 1637055276
1 1 1 3,81 3,99 -157,225 1637055276
1 1 1 3,99 3,81 -157,243 1637055277
1 1 1 4,24 3,74 -157,237 1637055277
1 1 1 4,49 3,81 -157,212 1637055278
1 1 1 4,68 3,99 -157,292 1637055278
1 1 2 3,36 12,56 -157,249 1637055279
1 1 2 3,86 12,56 -157,219 1637055280
1 1 2 3,80 12,81 -157,243 1637055280
1 1 2 3,61 12,99 -157,243 1637055281
1 1 2 3,36 13,06 -157,280 1637055281
1 1 2 3,11 12,99 -157,212 1637055282
1 1 2 2,93 12,81 -157,206 1637055282
1 1 2 2,86 12,56 -157,219 1637055283
1 1 2 2,93 12,31 -157,176 1637055283
1 1 2 3,11 12,12 -157,261 1637055284
1 1 2 3,36 12,06 -157,231 1637055284
1 1 2 3,61 12,12 -157,170 1637055285
1 1 2 3,80 12,31 -157,335 1637055285
1 1 3 9,19 9,19 -157,243 1637055286
1 1 3 9,69 9,19 -157,212 1637055286
1 1 3 9,63 9,44 -157,206 1637055287
1 1 3 9,44 9,63 -157,219 1637055287
1 1 3 9,19 9,69 -157,194 1637055288
1 1 3 8,94 9,63 -157,274 1637055288
1 1 3 8,76 9,44 -157,206 1637055289
1 1 3 8,69 9,19 -157,304 1637055289
1 1 3 8,76 8,94 -157,127 1637055290
1 1 3 8,94 8,76 -157,249 1637055290
1 1 3 9,19 8,69 -157,206 1637055291
1 1 3 9,44 8,76 -157,219 1637055291
1 1 3 9,63 8,94 -157,212 1637055292
1 1 4 12,56 3,36 -157,237 1637055292
1 1 4 13,06 3,36 -157,188 1637055293
1 1 4 12,99 3,61 -157,219 1637055293
1 1 4 12,81 3,80 -157,225 1637055294
1 1 4 12,56 3,86 -157,194 1637055294
1 1 4 12,31 3,80 -157,286 1637055294
1 1 4 12,12 3,61 -157,225 1637055295
1 1 4 12,06 3,36 -157,206 1637055295
1 1 4 12,12 3,11 -157,261 1637055295
1 1 4 12,31 2,93 -157,133 1637055296
1 1 4 12,56 2,86 -157,335 1637055296
1 1 4 12,81 2,93 -157,194 1637055296
1 1 4 12,99 3,11 -157,267 1637055297
1 1 5 19,32 5,18 -157,212 1637055298
1 1 5 19,82 5,18 -157,231 1637055298
1 1 5 19,75 5,43 -157,310 1637055298
1 1 5 19,57 5,61 -157,261 1637055299
1 1 5 19,32 5,68 -157,231 1637055299
1 1 5 19,07 5,61 -157,170 1637055299
1 1 5 18,89 5,43 -157,274 1637055300
1 1 5 18,82 5,18 -157,206 1637055301
1 1 5 18,89 4,93 -157,261 1637055302
1 1 5 19,07 4,74 -157,164 1637055302
1 1 5 19,32 4,68 -157,212 1637055302
1 1 5 19,57 4,74 -157,286 1637055303
1 1 5 19,75 4,93 -157,304 1637055303
1 1 6 17,32 10,00 -157,249 1637055304
1 1 6 17,82 10,00 -157,219 1637055305
1 1 6 17,75 10,25 -157,231 1637055305
1 1 6 17,57 10,43 -157,255 1637055306
1 1 6 17,32 10,50 -157,212 1637055306
1 1 6 17,07 10,43 -157,212 1637055307
1 1 6 16,89 10,25 -157,249 1637055307
1 1 6 16,82 10,00 -157,219 1637055308
1 1 6 16,89 9,75 -157,219 1637055308
1 1 6 17,07 9,57 -157,286 1637055308
1 1 6 17,32 9,50 -157,249 1637055309
1 1 6 17,57 9,57 -157,292 1637055310
1 1 6 17,75 9,75 -157,225 1637055310
1 1 7 14,14 14,14 -157,127 1637055311
1 1 7 14,64 14,14 -157,243 1637055311
1 1 7 14,58 14,39 -157,225 1637055312
1 1 7 14,39 14,58 -157,267 1637055312
1 1 7 14,14 14,64 -157,212 1637055313
1 1 7 13,89 14,58 -157,225 1637055313
1 1 7 13,71 14,39 -157,237 1637055314
1 1 7 13,64 14,14 -157,182 1637055314
1 1 7 13,71 13,89 -157,231 1637055314
1 1 7 13,89 13,71 -157,225 1637055315
1 1 7 14,14 13,64 -157,188 1637055315
1 1 7 14,39 13,71 -157,206 1637055315
1 1 7 14,58 13,89 -157,267 1637055316
1 1 8 10,00 17,32 -157,286 1637055317
1 1 8 10,50 17,32 -157,249 1637055317
1 1 8 10,43 17,57 -157,164 1637055318
1 1 8 10,25 17,75 -157,267 1637055318
1 1 8 10,00 17,82 -157,188 1637055319
1 1 8 9,75 17,75 -157,231 1637055319
1 1 8 9,57 17,57 -157,261 1637055319
1 1 8 9,50 17,32 -157,212 1637055320
1 1 8 9,57 17,07 -157,255 1637055321
1 1 8 9,75 16,89 -157,231 1637055321
1 1 8 10,00 16,82 -157,219 1637055321
1 1 8 10,25 16,89 -157,188 1637055322
1 1 8 10,43 17,07 -157,231 1637055322
1 1 9 5,18 19,32 -157,212 1637055323
1 1 9 5,68 19,32 -157,310 1637055324
1 1 9 5,61 19,57 -157,243 1637055324
1 1 9 5,43 19,75 -157,219 1637055325
1 1 9 5,18 19,82 -157,255 1637055325
1 1 9 4,93 19,75 -157,249 1637055326
1 1 9 4,74 19,57 -157,176 1637055326
1 1 9 4,68 19,32 -157,212 1637055327
1 1 9 4,74 19,07 -157,176 1637055327
1 1 9 4,93 18,89 -157,225 1637055328
1 1 9 5,18 18,82 -157,267 1637055328
1 1 9 5,43 18,89 -157,243 1637055329
1 1 9 5,61 19,07 -157,261 1637055329
1 1 10 -5,18 19,32 -157,225 1637055330
1 1 10 -4,68 19,32 -157,249 1637055330
1 1 10 -4,74 19,57 -157,267 1637055331
1 1 10 -4,93 19,75 -157,188 1637055331
1 1 10 -5,18 19,82 -157,219 1637055331
1 1 10 -5,43 19,75 -157,231 1637055332
1 1 10 -5,61 19,57 -157,133 1637055333
1 1 10 -5,68 19,32 -157,243 1637055333
1 1 10 -5,61 19,07 -157,280 1637055334
1 1 10 -5,43 18,89 -157,200 1637055334
1 1 10 -5,18 18,82 -157,225 1637055335
1 1 10 -4,93 18,89 -157,212 1637055335
1 1 10 -4,74 19,07 -157,212 1637055336
1 1 11 -10,00 17,32 -157,188 1637055336
1 1 11 -9,50 17,32 -157,206 1637055337
1 1 11 -9,57 17,57 -157,261 1637055337
1 1 11 -9,75 17,75 -157,225 1637055337
1 1 11 -10,00 17,82 -157,255 1637055338
1 1 11 -10,25 17,75 -157,225 1637055338
1 1 11 -10,43 17,57 -157,188 1637055338
1 1 11 -10,50 17,32 -157,212 1637055339
1 1 11 -10,43 17,07 -157,151 1637055339
1 1 11 -10,25 16,89 -157,274 1637055339
1 1 11 -10,00 16,82 -157,212 1637055340
1 1 11 -9,75 16,89 -157,225 1637055340
1 1 11 -9,57 17,07 -157,280 1637055341
1 1 12 -14,14 14,14 -157,225 1637055342
1 1 12 -13,64 14,14 -157,212 1637055342
1 1 12 -13,71 14,39 -157,225 1637055342
1 1 12 -13,89 14,58 -157,225 1637055343
1 1 12 -14,14 14,64 -157,212 1637055343
1 1 12 -14,39 14,58 -157,231 1637055343
1 1 12 -14,58 14,39 -157,225 1637055344
1 1 12 -14,64 14,14 -157,219 1637055344
1 1 12 -14,58 13,89 -157,121 1637055344
1 1 12 -14,39 13,71 -157,212 1637055345
1 1 12 -14,14 13,64 -157,219 1637055346
1 1 12 -13,89 13,71 -157,231 1637055346
1 1 12 -13,71 13,89 -157,231 1637055347
1 1 13 -17,32 10,00 -157,206 1637055348
1 1 13 -16,82 10,00 -157,274 1637055348
1 1 13 -16,89 10,25 -157,212 1637055349
1 1 13 -17,07 10,43 -157,304 1637055349
1 1 13 -17,32 10,50 -157,243 1637055350
1 1 13 -17,57 10,43 -157,237 1637055350
1 1 13 -17,75 10,25 -157,243 1637055351
1 1 13 -17,82 10,00 -157,188 1637055351
1 1 13 -17,75 9,75 -157,249 1637055352
1 1 13 -17,57 9,57 -157,237 1637055352
1 1 13 -17,32 9,50 -157,194 1637055353
1 1 13 -17,07 9,57 -157,243 1637055353
1 1 13 -16,89 9,75 -157,225 1637055354
1 1 14 -19,32 5,18 -157,261 1637055354
1 1 14 -18,82 5,18 -157,225 1637055355
1 1 14 -18,89 5,43 -157,225 1637055355
1 1 14 -19,07 5,61 -157,206 1637055356
1 1 14 -19,32 5,68 -157,255 1637055356
1 1 14 -19,57 5,61 -157,219 1637055356
1 1 14 -19,75 5,43 -157,249 1637055357
1 1 14 -19,82 5,18 -157,151 1637055357
1 1 14 -19,75 4,93 -157,206 1637055357
1 1 14 -19,57 4,74 -157,237 1637055358
1 1 14 -19,32 4,68 -157,219 1637055358
1 1 14 -19,07 4,74 -157,298 1637055358
1 1 14 -18,89 4,93 -157,267 1637055359
1 1 15 -12,56 3,36 -157,231 1637055360
1 1 15 -12,06 3,36 -157,188 1637055360
1 1 15 -12,12 3,61 -157,225 1637055361
1 1 15 -12,31 3,80 -157,188 1637055361
1 1 15 -12,56 3,86 -157,237 1637055362
1 1 15 -12,81 3,80 -157,158 1637055363
1 1 15 -12,99 3,61 -157,274 1637055363
1 1 15 -13,06 3,36 -157,280 1637055363
1 1 15 -12,99 3,11 -157,243 1637055364
1 1 15 -12,81 2,93 -157,243 1637055364
1 1 15 -12,56 2,86 -157,231 1637055365
1 1 15 -12,31 2,93 -157,274 1637055365
1 1 15 -12,12 3,11 -157,194 1637055366
1 1 16 -9,19 9,19 -157,194 1637055367
1 1 16 -8,69 9,19 -157,274 1637055367
1 1 16 -8,76 9,44 -157,280 1637055368
1 1 16 -8,94 9,63 -157,164 1637055368
1 1 16 -9,19 9,69 -157,225 1637055369
1 1 16 -9,44 9,63 -157,237 1637055369
1 1 16 -9,63 9,44 -157,286 1637055370
1 1 16 -9,69 9,19 -157,188 1637055370
1 1 16 -9,63 8,94 -157,219 1637055371
1 1 16 -9,44 8,76 -157,274 1637055371
1 1 16 -9,19 8,69 -157,249 1637055372
1 1 16 -8,94 8,76 -157,231 1637055372
1 1 16 -8,76 8,94 -157,249 1637055372
1 1 17 -3,36 12,56 -157,225 1637055373
1 1 17 -2,86 12,56 -157,231 1637055374
1 1 17 -2,93 12,81 -157,274 1637055374
1 1 17 -3,11 12,99 -157,225 1637055375
1 1 17 -3,36 13,06 -157,249 1637055375
1 1 17 -3,61 12,99 -157,243 1637055376
1 1 17 -3,80 12,81 -157,280 1637055377
1 1 17 -3,86 12,56 -157,261 1637055377
1 1 17 -3,80 12,31 -157,243 1637055378
1 1 17 -3,61 12,12 -157,212 1637055378
1 1 17 -3,36 12,06 -157,249 1637055379
1 1 17 -3,11 12,12 -157,219 1637055380
1 1 17 -2,93 12,31 -157,255 1637055380
1 1 18 -4,24 4,24 -157,274 1637055381
1 1 18 -3,74 4,24 -157,182 1637055382
1 1 18 -3,81 4,49 -157,158 1637055382
1 1 18 -3,99 4,68 -157,237 1637055383
1 1 18 -4,24 4,74 -157,280 1637055383
1 1 18 -4,49 4,68 -157,255 1637055384
1 1 18 -4,68 4,49 -157,219 1637055384
1 1 18 -4,74 4,24 -157,286 1637055384
1 1 18 -4,68 3,99 -157,292 1637055385
1 1 18 -4,49 3,81 -157,280 1637055385
1 1 18 -4,24 3,74 -157,267 1637055386
1 1 18 -3,99 3,81 -157,133 1637055386
1 1 18 -3,81 3,99 -157,280 1637055386
1 1 19 -4,24 -4,24 -157,212 1637055387
1 1 19 -3,74 -4,24 -157,237 1637055388
1 1 19 -3,81 -3,99 -157,280 1637055388
1 1 19 -3,99 -3,81 -157,249 1637055389
1 1 19 -4,24 -3,74 -157,267 1637055389
1 1 19 -4,49 -3,81 -157,188 1637055390
1 1 19 -4,68 -3,99 -157,261 1637055390
1 1 19 -4,74 -4,24 -157,237 1637055391
1 1 19 -4,68 -4,49 -157,255 1637055391
1 1 19 -4,49 -4,68 -157,237 1637055392
1 1 19 -4,24 -4,74 -157,212 1637055392
1 1 19 -3,99 -4,68 -157,280 1637055393
1 1 19 -3,81 -4,49 -157,237 1637055393
1 1 20 -3,36 -12,56 -157,237 1637055394
1 1 20 -2,86 -12,56 -157,127 1637055395
1 1 20 -2,93 -12,31 -157,219 1637055395
1 1 20 -3,11 -12,12 -157,261 1637055396
1 1 20 -3,36 -12,06 -157,194 1637055396
1 1 20 -3,61 -12,12 -157,243 1637055397
1 1 20 -3,80 -12,31 -157,225 1637055397
1 1 20 -3,86 -12,56 -157,261 1637055398
1 1 20 -3,80 -12,81 -157,225 1637055398
1 1 20 -3,61 -12,99 -157,274 1637055398
1 1 20 -3,36 -13,06 -157,267 1637055399
1 1 20 -3,11 -12,99 -157,249 1637055400
1 1 20 -2,93 -12,81 -157,188 1637055400
1 1 21 -9,19 -9,19 -157,243 1637055401
1 1 21 -8,69 -9,19 -157,274 1637055401
1 1 21 -8,76 -8,94 -157,176 1637055402
1 1 21 -8,94 -8,76 -157,158 1637055402
1 1 21 -9,19 -8,69 -157,316 1637055403
1 1 21 -9,44 -8,76 -157,267 1637055403
1 1 21 -9,63 -8,94 -157,274 1637055404
1 1 21 -9,69 -9,19 -157,274 1637055404
1 1 21 -9,63 -9,44 -157,249 1637055405
1 1 21 -9,44 -9,63 -157,225 1637055405
1 1 21 -9,19 -9,69 -157,188 1637055405
1 1 21 -8,94 -9,63 -157,243 1637055406
1 1 21 -8,76 -9,44 -157,194 1637055406
1 1 22 -12,56 -3,36 -157,188 1637055407
1 1 22 -12,06 -3,36 -157,219 1637055408
1 1 22 -12,12 -3,11 -157,219 1637055409
1 1 22 -12,31 -2,93 -157,170 1637055409
1 1 22 -12,56 -2,86 -157,249 1637055409
1 1 22 -12,81 -2,93 -157,212 1637055410
1 1 22 -12,99 -3,11 -157,261 1637055410
1 1 22 -13,06 -3,36 -157,212 1637055411
1 1 22 -12,99 -3,61 -157,212 1637055411
1 1 22 -12,81 -3,80 -157,298 1637055411
1 1 22 -12,56 -3,86 -157,237 1637055412
1 1 22 -12,31 -3,80 -157,231 1637055412
1 1 22 -12,12 -3,61 -157,231 1637055412
1 1 23 -19,32 -5,18 -157,267 1637055414
1 1 23 -18,82 -5,18 -157,182 1637055414
1 1 23 -18,89 -4,93 -157,261 1637055414
1 1 23 -19,07 -4,74 -157,212 1637055415
1 1 23 -19,32 -4,68 -157,188 1637055415
1 1 23 -19,57 -4,74 -157,225 1637055415
1 1 23 -19,75 -4,93 -157,225 1637055416
1 1 23 -19,82 -5,18 -157,212 1637055416
1 1 23 -19,75 -5,43 -157,212 1637055416
1 1 23 -19,57 -5,61 -157,243 1637055417
1 1 23 -19,32 -5,68 -157,206 1637055417
1 1 23 -19,07 -5,61 -157,298 1637055418
1 1 23 -18,89 -5,43 -157,176 1637055418
1 1 24 -17,32 -10,00 -157,286 1637055419
1 1 24 -16,82 -10,00 -157,316 1637055420
1 1 24 -16,89 -9,75 -157,231 1637055420
1 1 24 -17,07 -9,57 -157,267 1637055420
1 1 24 -17,32 -9,50 -157,188 1637055421
1 1 24 -17,57 -9,57 -157,212 1637055422
1 1 24 -17,75 -9,75 -157,255 1637055422
1 1 24 -17,82 -10,00 -157,188 1637055423
1 1 24 -17,75 -10,25 -157,353 1637055423
1 1 24 -17,57 -10,43 -157,243 1637055423
1 1 24 -17,32 -10,50 -157,280 1637055424
1 1 24 -17,07 -10,43 -157,219 1637055425
1 1 24 -16,89 -10,25 -157,286 1637055425
1 1 25 -14,14 -14,14 -157,261 1637055426
1 1 25 -13,64 -14,14 -157,212 1637055426
1 1 25 -13,71 -13,89 -157,212 1637055427
1 1 25 -13,89 -13,71 -157,225 1637055427
1 1 25 -14,14 -13,64 -157,225 1637055427
1 1 25 -14,39 -13,71 -157,225 1637055428
1 1 25 -14,58 -13,89 -157,243 1637055428
1 1 25 -14,64 -14,14 -157,237 1637055428
1 1 25 -14,58 -14,39 -157,286 1637055429
1 1 25 -14,39 -14,58 -157,212 1637055429
1 1 25 -14,14 -14,64 -157,261 1637055429
1 1 25 -13,89 -14,58 -157,249 1637055430
1 1 25 -13,71 -14,39 -157,219 1637055430
1 1 26 -10,00 -17,32 -157,249 1637055431
1 1 26 -9,50 -17,32 -157,194 1637055431
1 1 26 -9,57 -17,07 -157,267 1637055432
1 1 26 -9,75 -16,89 -157,219 1637055432
1 1 26 -10,00 -16,82 -157,219 1637055433
1 1 26 -10,25 -16,89 -157,188 1637055434
1 1 26 -10,43 -17,07 -157,304 1637055434
1 1 26 -10,50 -17,32 -157,219 1637055435
1 1 26 -10,43 -17,57 -157,200 1637055435
1 1 26 -10,25 -17,75 -157,280 1637055435
1 1 26 -10,00 -17,82 -157,255 1637055436
1 1 26 -9,75 -17,75 -157,206 1637055437
1 1 26 -9,57 -17,57 -157,298 1637055437
1 1 27 -5,18 -19,32 -157,225 1637055438
1 1 27 -4,68 -19,32 -157,219 1637055438
1 1 27 -4,74 -19,07 -157,261 1637055439
1 1 27 -4,93 -18,89 -157,182 1637055439
1 1 27 -5,18 -18,82 -157,212 1637055440
1 1 27 -5,43 -18,89 -157,225 1637055440
1 1 27 -5,61 -19,07 -157,225 1637055441
1 1 27 -5,68 -19,32 -157,212 1637055441
1 1 27 -5,61 -19,57 -157,267 1637055442
1 1 27 -5,43 -19,75 -157,261 1637055442
1 1 27 -5,18 -19,82 -157,164 1637055443
1 1 27 -4,93 -19,75 -157,188 1637055443
1 1 27 -4,74 -19,57 -157,280 1637055444
1 1 28 5,18 -19,32 -157,237 1637055445
1 1 28 5,68 -19,32 -157,237 1637055445
1 1 28 5,61 -19,07 -157,243 1637055446
1 1 28 5,43 -18,89 -157,261 1637055446
1 1 28 5,18 -18,82 -157,267 1637055447
1 1 28 4,93 -18,89 -157,225 1637055447
1 1 28 4,74 -19,07 -157,212 1637055448
1 1 28 4,68 -19,32 -157,267 1637055448
1 1 28 4,74 -19,57 -157,176 1637055449
1 1 28 4,93 -19,75 -157,200 1637055449
1 1 28 5,18 -19,82 -157,219 1637055450
1 1 28 5,43 -19,75 -157,274 1637055450
1 1 28 5,61 -19,57 -157,212 1637055450
1 1 29 10,00 -17,32 -157,335 1637055451
1 1 29 10,50 -17,32 -157,298 1637055452
1 1 29 10,43 -17,07 -157,261 1637055452
1 1 29 10,25 -16,89 -157,255 1637055453
1 1 29 10,00 -16,82 -157,280 1637055453
1 1 29 9,75 -16,89 -157,267 1637055454
1 1 29 9,57 -17,07 -157,280 1637055454
1 1 29 9,50 -17,32 -157,261 1637055455
1 1 29 9,57 -17,57 -157,212 1637055455
1 1 29 9,75 -17,75 -157,243 1637055455
1 1 29 10,00 -17,82 -157,261 1637055456
1 1 29 10,25 -17,75 -157,212 1637055456
1 1 29 10,43 -17,57 -157,243 1637055456
1 1 30 14,14 -14,14 -157,304 1637055457
1 1 30 14,64 -14,14 -157,316 1637055457
1 1 30 14,58 -13,89 -157,298 1637055458
1 1 30 14,39 -13,71 -157,188 1637055458
1 1 30 14,14 -13,64 -157,237 1637055458
1 1 30 13,89 -13,71 -157,237 1637055459
1 1 30 13,71 -13,89 -157,219 1637055459
1 1 30 13,64 -14,14 -157,255 1637055460
1 1 30 13,71 -14,39 -157,231 1637055461
1 1 30 13,89 -14,58 -157,194 1637055461
1 1 30 14,14 -14,64 -157,219 1637055461
1 1 30 14,39 -14,58 -157,298 1637055462
1 1 30 14,58 -14,39 -157,249 1637055462
1 1 31 17,32 -10,00 -157,286 1637055463
1 1 31 17,82 -10,00 -157,188 1637055464
1 1 31 17,75 -9,75 -157,298 1637055464
1 1 31 17,57 -9,57 -157,286 1637055464
1 1 31 17,32 -9,50 -157,310 1637055465
1 1 31 17,07 -9,57 -157,280 1637055465
1 1 31 16,89 -9,75 -157,225 1637055466
1 1 31 16,82 -10,00 -157,237 1637055466
1 1 31 16,89 -10,25 -157,286 1637055467
1 1 31 17,07 -10,43 -157,225 1637055467
1 1 31 17,32 -10,50 -157,261 1637055468
1 1 31 17,57 -10,43 -157,274 1637055468
1 1 31 17,75 -10,25 -157,219 1637055468
1 1 32 19,32 -5,18 -157,243 1637055469
1 1 32 19,82 -5,18 -157,206 1637055470
1 1 32 19,75 -4,93 -157,255 1637055470
1 1 32 19,57 -4,74 -157,286 1637055471
1 1 32 19,32 -4,68 -157,200 1637055471
1 1 32 19,07 -4,74 -157,219 1637055472
1 1 32 18,89 -4,93 -157,237 1637055472
1 1 32 18,82 -5,18 -157,261 1637055473
1 1 32 18,89 -5,43 -157,280 1637055473
1 1 32 19,07 -5,61 -157,280 1637055474
1 1 32 19,32 -5,68 -157,225 1637055474
1 1 32 19,57 -5,61 -157,225 1637055475
1 1 32 19,75 -5,43 -157,176 1637055475
1 1 33 12,56 -3,36 -157,219 1637055476
1 1 33 13,06 -3,36 -157,194 1637055477
1 1 33 12,99 -3,11 -157,188 1637055477
1 1 33 12,81 -2,93 -157,225 1637055477
1 1 33 12,56 -2,86 -157,261 1637055478
1 1 33 12,31 -2,93 -157,237 1637055478
1 1 33 12,12 -3,11 -157,219 1637055479
1 1 33 12,06 -3,36 -157,225 1637055480
1 1 33 12,12 -3,61 -157,261 1637055480
1 1 33 12,31 -3,80 -157,255 1637055480
1 1 33 12,56 -3,86 -157,274 1637055481
1 1 33 12,81 -3,80 -157,261 1637055481
1 1 33 12,99 -3,61 -157,237 1637055482
1 1 34 9,19 -9,19 -157,261 1637055483
1 1 34 9,69 -9,19 -157,225 1637055483
1 1 34 9,63 -8,94 -157,267 1637055483
1 1 34 9,44 -8,76 -157,219 1637055484
1 1 34 9,19 -8,69 -157,231 1637055484
1 1 34 8,94 -8,76 -157,292 1637055484
1 1 34 8,76 -8,94 -157,225 1637055485
1 1 34 8,69 -9,19 -157,255 1637055485
1 1 34 8,76 -9,44 -157,261 1637055486
1 1 34 8,94 -9,63 -157,261 1637055486
1 1 34 9,19 -9,69 -157,286 1637055487
1 1 34 9,44 -9,63 -157,206 1637055488
1 1 34 9,63 -9,44 -157,188 1637055488
1 1 35 3,36 -12,56 -157,182 1637055489
1 1 35 3,86 -12,56 -157,225 1637055489
1 1 35 3,80 -12,31 -157,219 1637055490
1 1 35 3,61 -12,12 -157,243 1637055490
1 1 35 3,36 -12,06 -157,182 1637055491
1 1 35 3,11 -12,12 -157,164 1637055491
1 1 35 2,93 -12,31 -157,231 1637055492
1 1 35 2,86 -12,56 -157,261 1637055492
1 1 35 2,93 -12,81 -157,292 1637055493
1 1 35 3,11 -12,99 -157,243 1637055493
1 1 35 3,36 -13,06 -157,255 1637055494
1 1 35 3,61 -12,99 -157,188 1637055494
1 1 35 3,80 -12,81 -157,304 1637055495
1 1 36 4,24 -4,24 -157,182 1637055496
1 1 36 4,74 -4,24 -157,194 1637055496
1 1 36 4,68 -3,99 -157,158 1637055496
1 1 36 4,49 -3,81 -157,267 1637055497
1 1 36 4,24 -3,74 -157,243 1637055498
1 1 36 3,99 -3,81 -157,212 1637055498
1 1 36 3,81 -3,99 -157,261 1637055498
1 1 36 3,74 -4,24 -157,188 1637055499
1 1 36 3,81 -4,49 -157,304 1637055500
1 1 36 3,99 -4,68 -157,206 1637055500
1 1 36 4,24 -4,74 -157,164 1637055500
1 1 36 4,49 -4,68 -157,255 1637055501
1 1 36 4,68 -4,49 -157,219 1637055501
1 1 37 27,00 0,00 -157,158 1637055503
1 1 37 27,50 0,00 -157,249 1637055503
1 1 37 27,43 0,25 -157,316 1637055504
1 1 37 27,25 0,43 -157,158 1637055504
1 1 37 27,00 0,50 -157,249 1637055505
1 1 37 26,75 0,43 -157,237 1637055505
1 1 37 26,57 0,25 -157,182 1637055506
1 1 37 26,50 0,00 -157,164 1637055506
1 1 37 26,57 -0,25 -157,133 1637055507
1 1 37 26,75 -0,43 -157,243 1637055507
1 1 37 27,00 -0,50 -157,237 1637055508
1 1 37 27,25 -0,43 -157,286 1637055508
1 1 37 27,43 -0,25 -157,206 1637055509
1 1 38 26,08 6,99 -157,066 1637055510
1 1 38 26,58 6,99 -157,182 1637055510
1 1 38 26,51 7,24 -157,151 1637055511
1 1 38 26,33 7,42 -157,243 1637055511
1 1 38 26,08 7,49 -157,115 1637055512
1 1 38 25,83 7,42 -157,249 1637055512
1 1 38 25,65 7,24 -157,243 1637055513
1 1 38 25,58 6,99 -157,133 1637055513
1 1 38 25,65 6,74 -157,188 1637055514
1 1 38 25,83 6,56 -157,206 1637055514
1 1 38 26,08 6,49 -157,182 1637055515
1 1 38 26,33 6,56 -157,322 1637055515
1 1 38 26,51 6,74 -157,292 1637055515
1 1 39 23,38 13,50 -157,188 1637055516
1 1 39 23,88 13,50 -157,274 1637055517
1 1 39 23,82 13,75 -157,225 1637055518
1 1 39 23,63 13,93 -157,219 1637055518
1 1 39 23,38 14,00 -157,249 1637055519
1 1 39 23,13 13,93 -157,231 1637055519
1 1 39 22,95 13,75 -157,286 1637055519
1 1 39 22,88 13,50 -157,261 1637055520
1 1 39 22,95 13,25 -157,231 1637055521
1 1 39 23,13 13,07 -157,267 1637055521
1 1 39 23,38 13,00 -157,231 1637055521
1 1 39 23,63 13,07 -157,280 1637055522
1 1 39 23,82 13,25 -157,280 1637055522
1 1 40 19,09 19,09 -157,176 1637055523
1 1 40 19,59 19,09 -157,212 1637055524
1 1 40 19,52 19,34 -157,219 1637055524
1 1 40 19,34 19,52 -157,231 1637055525
1 1 40 19,09 19,59 -157,280 1637055525
1 1 40 18,84 19,52 -157,200 1637055526
1 1 40 18,66 19,34 -157,219 1637055526
1 1 40 18,59 19,09 -157,237 1637055527
1 1 40 18,66 18,84 -157,212 1637055527
1 1 40 18,84 18,66 -157,188 1637055528
1 1 40 19,09 18,59 -157,237 1637055528
1 1 40 19,34 18,66 -157,249 1637055529
1 1 40 19,52 18,84 -157,261 1637055529
1 1 41 13,50 23,38 -157,237 1637055530
1 1 41 14,00 23,38 -157,145 1637055531
1 1 41 13,93 23,63 -157,261 1637055531
1 1 41 13,75 23,82 -157,255 1637055531
1 1 41 13,50 23,88 -157,225 1637055532
1 1 41 13,25 23,82 -157,249 1637055533
1 1 41 13,07 23,63 -157,164 1637055533
1 1 41 13,00 23,38 -157,231 1637055534
1 1 41 13,07 23,13 -157,200 1637055534
1 1 41 13,25 22,95 -157,194 1637055535
1 1 41 13,50 22,88 -157,212 1637055535
1 1 41 13,75 22,95 -157,182 1637055536
1 1 41 13,93 23,13 -157,219 1637055536
1 1 42 6,99 26,08 -157,212 1637055537
1 1 42 7,49 26,08 -157,261 1637055538
1 1 42 7,42 26,33 -157,249 1637055539
1 1 42 7,24 26,51 -157,225 1637055539
1 1 42 6,99 26,58 -157,188 1637055539
1 1 42 6,74 26,51 -157,212 1637055540
1 1 42 6,56 26,33 -157,212 1637055540
1 1 42 6,49 26,08 -157,255 1637055541
1 1 42 6,56 25,83 -157,206 1637055541
1 1 42 6,74 25,65 -157,145 1637055542
1 1 42 6,99 25,58 -157,335 1637055543
1 1 42 7,24 25,65 -157,225 1637055543
1 1 42 7,42 25,83 -157,212 1637055544
1 1 43 0,00 27,00 -157,176 1637055545
1 1 43 0,50 27,00 -157,231 1637055545
1 1 43 0,43 27,25 -157,231 1637055546
1 1 43 0,25 27,43 -157,188 1637055546
1 1 43 0,00 27,50 -157,225 1637055546
1 1 43 -0,25 27,43 -157,219 1637055547
1 1 43 -0,43 27,25 -157,194 1637055547
1 1 43 -0,50 27,00 -157,225 1637055548
1 1 43 -0,43 26,75 -157,219 1637055548
1 1 43 -0,25 26,57 -157,261 1637055549
1 1 43 0,00 26,50 -157,158 1637055549
1 1 43 0,25 26,57 -157,219 1637055550
1 1 43 0,43 26,75 -157,243 1637055550
1 1 44 -6,99 26,08 -157,212 1637055551
1 1 44 -6,49 26,08 -157,292 1637055551
1 1 44 -6,56 26,33 -157,219 1637055552
1 1 44 -6,74 26,51 -157,225 1637055552
1 1 44 -6,99 26,58 -157,206 1637055553
1 1 44 -7,24 26,51 -157,139 1637055554
1 1 44 -7,42 26,33 -157,225 1637055554
1 1 44 -7,49 26,08 -157,286 1637055555
1 1 44 -7,42 25,83 -157,225 1637055555
1 1 44 -7,24 25,65 -157,133 1637055556
1 1 44 -6,99 25,58 -157,280 1637055556
1 1 44 -6,74 25,65 -157,182 1637055557
1 1 44 -6,56 25,83 -157,249 1637055557
1 1 45 -13,50 23,38 -157,115 1637055558
1 1 45 -13,00 23,38 -157,158 1637055559
1 1 45 -13,07 23,63 -157,255 1637055559
1 1 45 -13,25 23,82 -157,225 1637055560
1 1 45 -13,50 23,88 -157,188 1637055560
1 1 45 -13,75 23,82 -157,219 1637055561
1 1 45 -13,93 23,63 -157,261 1637055561
1 1 45 -14,00 23,38 -157,280 1637055562
1 1 45 -13,93 23,13 -157,176 1637055562
1 1 45 -13,75 22,95 -157,231 1637055563
1 1 45 -13,50 22,88 -157,231 1637055563
1 1 45 -13,25 22,95 -157,249 1637055563
1 1 45 -13,07 23,13 -157,206 1637055564
1 1 46 -19,09 19,09 -157,212 1637055565
1 1 46 -18,59 19,09 -157,261 1637055565
1 1 46 -18,66 19,34 -157,267 1637055565
1 1 46 -18,84 19,52 -157,188 1637055566
1 1 46 -19,09 19,59 -157,261 1637055566
1 1 46 -19,34 19,52 -157,267 1637055566
1 1 46 -19,52 19,34 -157,267 1637055567
1 1 46 -19,59 19,09 -157,237 1637055567
1 1 46 -19,52 18,84 -157,212 1637055567
1 1 46 -19,34 18,66 -157,145 1637055568
1 1 46 -19,09 18,59 -157,237 1637055569
1 1 46 -18,84 18,66 -157,231 1637055569
1 1 46 -18,66 18,84 -157,231 1637055570
1 1 47 -23,38 13,50 -157,267 1637055570
1 1 47 -22,88 13,50 -157,286 1637055571
1 1 47 -22,95 13,75 -157,292 1637055571
1 1 47 -23,13 13,93 -157,219 1637055571
1 1 47 -23,38 14,00 -157,237 1637055572
1 1 47 -23,63 13,93 -157,261 1637055572
1 1 47 -23,82 13,75 -157,219 1637055572
1 1 47 -23,88 13,50 -157,200 1637055573
1 1 47 -23,82 13,25 -157,212 1637055573
1 1 47 -23,63 13,07 -157,237 1637055574
1 1 47 -23,38 13,00 -157,188 1637055574
1 1 47 -23,13 13,07 -157,231 1637055575
1 1 47 -22,95 13,25 -157,292 1637055575
1 1 48 -26,08 6,99 -157,212 1637055576
1 1 48 -25,58 6,99 -157,274 1637055576
1 1 48 -25,65 7,24 -157,096 1637055577
1 1 48 -25,83 7,42 -157,310 1637055577
1 1 48 -26,08 7,49 -157,145 1637055577
1 1 48 -26,33 7,42 -157,194 1637055578
1 1 48 -26,51 7,24 -157,322 1637055578
1 1 48 -26,58 6,99 -157,267 1637055579
1 1 48 -26,51 6,74 -157,286 1637055580
1 1 48 -26,33 6,56 -157,274 1637055580
1 1 48 -26,08 6,49 -157,243 1637055580
1 1 48 -25,83 6,56 -157,212 1637055581
1 1 48 -25,65 6,74 -157,103 1637055581
1 1 49 -27,00 0,00 -157,212 1637055582
1 1 49 -26,50 0,00 -157,194 1637055583
1 1 49 -26,57 0,25 -157,225 1637055583
1 1 49 -26,75 0,43 -157,231 1637055584
1 1 49 -27,00 0,50 -157,249 1637055584
1 1 49 -27,25 0,43 -157,109 1637055585
1 1 49 -27,43 0,25 -157,286 1637055585
1 1 49 -27,50 0,00 -157,243 1637055586
1 1 49 -27,43 -0,25 -157,274 1637055586
1 1 49 -27,25 -0,43 -157,237 1637055586
1 1 49 -27,00 -0,50 -157,225 1637055587
1 1 49 -26,75 -0,43 -157,176 1637055588
1 1 49 -26,57 -0,25 -157,249 1637055588
1 1 50 -26,08 -6,99 -157,322 1637055589
1 1 50 -25,58 -6,99 -157,225 1637055589
1 1 50 -25,65 -6,74 -157,298 1637055590
1 1 50 -25,83 -6,56 -157,225 1637055590
1 1 50 -26,08 -6,49 -157,274 1637055590
1 1 50 -26,33 -6,56 -157,188 1637055591
1 1 50 -26,51 -6,74 -157,194 1637055591
1 1 50 -26,58 -6,99 -157,243 1637055592
1 1 50 -26,51 -7,24 -157,158 1637055593
1 1 50 -26,33 -7,42 -157,243 1637055593
1 1 50 -26,08 -7,49 -157,310 1637055593
1 1 50 -25,83 -7,42 -157,231 1637055594
1 1 50 -25,65 -7,24 -157,212 1637055594
1 1 51 -23,38 -13,50 -157,237 1637055595
1 1 51 -22,88 -13,50 -157,225 1637055595
1 1 51 -22,95 -13,25 -157,231 1637055596
1 1 51 -23,13 -13,07 -157,231 1637055596
1 1 51 -23,38 -13,00 -157,212 1637055597
1 1 51 -23,63 -13,07 -157,249 1637055598
1 1 51 -23,82 -13,25 -157,231 1637055598
1 1 51 -23,88 -13,50 -157,200 1637055599
1 1 51 -23,82 -13,75 -157,316 1637055599
1 1 51 -23,63 -13,93 -157,231 1637055599
1 1 51 -23,38 -14,00 -157,255 1637055600
1 1 51 -23,13 -13,93 -157,231 1637055600
1 1 51 -22,95 -13,75 -157,243 1637055601
1 1 52 -19,09 -19,09 -157,170 1637055601
1 1 52 -18,59 -19,09 -157,261 1637055602
1 1 52 -18,66 -18,84 -157,225 1637055603
1 1 52 -18,84 -18,66 -157,206 1637055603
1 1 52 -19,09 -18,59 -157,255 1637055604
1 1 52 -19,34 -18,66 -157,243 1637055604
1 1 52 -19,52 -18,84 -157,261 1637055604
1 1 52 -19,59 -19,09 -157,200 1637055605
1 1 52 -19,52 -19,34 -157,200 1637055606
1 1 52 -19,34 -19,52 -157,255 1637055606
1 1 52 -19,09 -19,59 -157,188 1637055606
1 1 52 -18,84 -19,52 -157,225 1637055607
1 1 52 -18,66 -19,34 -157,237 1637055607
1 1 53 -13,50 -23,38 -157,274 1637055608
1 1 53 -13,00 -23,38 -157,261 1637055609
1 1 53 -13,07 -23,13 -157,225 1637055609
1 1 53 -13,25 -22,95 -157,243 1637055610
1 1 53 -13,50 -22,88 -157,255 1637055610
1 1 53 -13,75 -22,95 -157,274 1637055611
1 1 53 -13,93 -23,13 -157,243 1637055611
1 1 53 -14,00 -23,38 -157,194 1637055612
1 1 53 -13,93 -23,63 -157,225 1637055612
1 1 53 -13,75 -23,82 -157,237 1637055612
1 1 53 -13,50 -23,88 -157,231 1637055613
1 1 53 -13,25 -23,82 -157,286 1637055613
1 1 53 -13,07 -23,63 -157,164 1637055613
1 1 54 -6,99 -26,08 -157,212 1637055614
1 1 54 -6,49 -26,08 -157,219 1637055615
1 1 54 -6,56 -25,83 -157,206 1637055615
1 1 54 -6,74 -25,65 -157,225 1637055616
1 1 54 -6,99 -25,58 -157,249 1637055616
1 1 54 -7,24 -25,65 -157,267 1637055617
1 1 54 -7,42 -25,83 -157,292 1637055617
1 1 54 -7,49 -26,08 -157,274 1637055618
1 1 54 -7,42 -26,33 -157,261 1637055618
1 1 54 -7,24 -26,51 -157,206 1637055618
1 1 54 -6,99 -26,58 -157,219 1637055619
1 1 54 -6,74 -26,51 -157,231 1637055620
1 1 54 -6,56 -26,33 -157,274 1637055620
1 1 55 -0,00 -27,00 -157,249 1637055621
1 1 55 0,50 -27,00 -157,243 1637055621
1 1 55 0,43 -26,75 -157,249 1637055622
1 1 55 0,25 -26,57 -157,274 1637055622
1 1 55 -0,00 -26,50 -157,243 1637055623
1 1 55 -0,25 -26,57 -157,286 1637055623
1 1 55 -0,43 -26,75 -157,274 1637055624
1 1 55 -0,50 -27,00 -157,261 1637055624
1 1 55 -0,43 -27,25 -157,194 1637055625
1 1 55 -0,25 -27,43 -157,243 1637055625
1 1 55 -0,00 -27,50 -157,274 1637055626
1 1 55 0,25 -27,43 -157,212 1637055626
1 1 55 0,43 -27,25 -157,231 1637055626
1 1 56 6,99 -26,08 -157,292 1637055627
1 1 56 7,49 -26,08 -157,298 1637055628
1 1 56 7,42 -25,83 -157,237 1637055628
1 1 56 7,24 -25,65 -157,286 1637055629
1 1 56 6,99 -25,58 -157,249 1637055629
1 1 56 6,74 -25,65 -157,225 1637055630
1 1 56 6,56 -25,83 -157,322 1637055630
1 1 56 6,49 -26,08 -157,274 1637055631
1 1 56 6,56 -26,33 -157,200 1637055631
1 1 56 6,74 -26,51 -157,225 1637055631
1 1 56 6,99 -26,58 -157,225 1637055632
1 1 56 7,24 -26,51 -157,274 1637055633
1 1 56 7,42 -26,33 -157,328 1637055633
1 1 57 13,50 -23,38 -157,219 1637055634
1 1 57 14,00 -23,38 -157,267 1637055635
1 1 57 13,93 -23,13 -157,225 1637055635
1 1 57 13,75 -22,95 -157,176 1637055635
1 1 57 13,50 -22,88 -157,316 1637055636
1 1 57 13,25 -22,95 -157,316 1637055636
1 1 57 13,07 -23,13 -157,188 1637055637
1 1 57 13,00 -23,38 -157,231 1637055637
1 1 57 13,07 -23,63 -157,274 1637055638
1 1 57 13,25 -23,82 -157,261 1637055638
1 1 57 13,50 -23,88 -157,231 1637055639
1 1 57 13,75 -23,82 -157,261 1637055640
1 1 57 13,93 -23,63 -157,237 1637055640
1 1 58 19,09 -19,09 -157,274 1637055641
1 1 58 19,59 -19,09 -157,237 1637055641
1 1 58 19,52 -18,84 -157,237 1637055641
1 1 58 19,34 -18,66 -157,219 1637055642
1 1 58 19,09 -18,59 -157,133 1637055642
1 1 58 18,84 -18,66 -157,219 1637055643
1 1 58 18,66 -18,84 -157,225 1637055643
1 1 58 18,59 -19,09 -157,219 1637055643
1 1 58 18,66 -19,34 -157,280 1637055644
1 1 58 18,84 -19,52 -157,139 1637055644
1 1 58 19,09 -19,59 -157,292 1637055645
1 1 58 19,34 -19,52 -157,194 1637055646
1 1 58 19,52 -19,34 -157,304 1637055646
1 1 59 23,38 -13,50 -157,164 1637055647
1 1 59 23,88 -13,50 -157,237 1637055647
1 1 59 23,82 -13,25 -157,274 1637055648
1 1 59 23,63 -13,07 -157,274 1637055648
1 1 59 23,38 -13,00 -157,255 1637055649
1 1 59 23,13 -13,07 -157,249 1637055649
1 1 59 22,95 -13,25 -157,280 1637055649
1 1 59 22,88 -13,50 -157,267 1637055650
1 1 59 22,95 -13,75 -157,212 1637055650
1 1 59 23,13 -13,93 -157,249 1637055651
1 1 59 23,38 -14,00 -157,231 1637055651
1 1 59 23,63 -13,93 -157,212 1637055652
1 1 59 23,82 -13,75 -157,261 1637055652
1 1 60 26,08 -6,99 -157,188 1637055653
1 1 60 26,58 -6,99 -157,267 1637055654
1 1 60 26,51 -6,74 -157,255 1637055654
1 1 60 26,33 -6,56 -157,219 1637055655
1 1 60 26,08 -6,49 -157,261 1637055655
1 1 60 25,83 -6,56 -157,212 1637055656
1 1 60 25,65 -6,74 -157,237 1637055656
1 1 60 25,58 -6,99 -157,280 1637055657
1 1 60 25,65 -7,24 -157,255 1637055657
1 1 60 25,83 -7,42 -157,200 1637055658
1 1 60 26,08 -7,49 -157,219 1637055658
1 1 60 26,33 -7,42 -157,231 1637055659
1 1 60 26,51 -7,24 -157,267 1637055659
