1 1 1 4,24 4,24 -157,200 1637054819
1 1 1 4,74 4,24 -157,188 1637054819
1 1 1 4,68 4,49 -157,249 1637054820
1 1 1 4,49 4,68 -157,298 1637054820
1 1 1 4,24 4,74 -157,286 1637054821
1 1 1 3,99 4,68 -157,200 1637054822
1 1 1 3,81 4,49 -157,292 1637054822
1 1 1 3,74 4,24 -157,212 1637054822
1 1 1 3,81 3,99 -157,225 1637054823
1 1 1 3,99 3,81 -157,237 1637054823
1 1 1 4,24 3,74 -157,237 1637054824
1 1 1 4,49 3,81 -157,212 1637054824
1 1 1 4,68 3,99 -157,286 1637054824
1 1 2 3,36 12,56 -157,249 1637054825
1 1 2 3,86 12,56 -157,219 1637054826
1 1 2 3,80 12,81 -157,255 1637054826
1 1 2 3,61 12,99 -157,243 1637054826
1 1 2 3,36 13,06 -157,280 1637054827
1 1 2 3,11 12,99 -157,200 1637054828
1 1 2 2,93 12,81 -157,188 1637054828
1 1 2 2,86 12,56 -157,219 1637054829
1 1 2 2,93 12,31 -157,176 1637054829
1 1 2 3,11 12,12 -157,261 1637054830
1 1 2 3,36 12,06 -157,231 1637054830
1 1 2 3,61 12,12 -157,170 1637054831
1 1 2 3,80 12,31 -157,335 1637054831
1 1 3 9,19 9,19 -157,237 1637054832
1 1 3 9,69 9,19 -157,212 1637054832
1 1 3 9,63 9,44 -157,212 1637054833
1 1 3 9,44 9,63 -157,219 1637054833
1 1 3 9,19 9,69 -157,194 1637054834
1 1 3 8,94 9,63 -157,280 1637054834
1 1 3 8,76 9,44 -157,206 1637054835
1 1 3 8,69 9,19 -157,310 1637054835
1 1 3 8,76 8,94 -157,121 1637054836
1 1 3 8,94 8,76 -157,249 1637054836
1 1 3 9,19 8,69 -157,206 1637054837
1 1 3 9,44 8,76 -157,219 1637054837
1 1 3 9,63 8,94 -157,212 1637054837
1 1 4 12,56 3,36 -157,237 1637054838
1 1 4 13,06 3,36 -157,194 1637054839
1 1 4 12,99 3,61 -157,212 1637054840
1 1 4 12,81 3,80 -157,225 1637054840
1 1 4 12,56 3,86 -157,200 1637054841
1 1 4 12,31 3,80 -157,286 1637054841
1 1 4 12,12 3,61 -157,225 1637054841
1 1 4 12,06 3,36 -157,206 1637054842
1 1 4 12,12 3,11 -157,274 1637054843
1 1 4 12,31 2,93 -157,133 1637054843
1 1 4 12,56 2,86 -157,335 1637054843
1 1 4 12,81 2,93 -157,194 1637054844
1 1 4 12,99 3,11 -157,267 1637054845
1 1 5 19,32 5,18 -157,212 1637054845
1 1 5 19,82 5,18 -157,231 1637054846
1 1 5 19,75 5,43 -157,298 1637054847
1 1 5 19,57 5,61 -157,267 1637054847
1 1 5 19,32 5,68 -157,231 1637054847
1 1 5 19,07 5,61 -157,176 1637054848
1 1 5 18,89 5,43 -157,274 1637054849
1 1 5 18,82 5,18 -157,206 1637054849
1 1 5 18,89 4,93 -157,255 1637054850
1 1 5 19,07 4,74 -157,158 1637054850
1 1 5 19,32 4,68 -157,212 1637054851
1 1 5 19,57 4,74 -157,286 1637054852
1 1 5 19,75 4,93 -157,304 1637054852
1 1 6 17,32 10,00 -157,255 1637054853
1 1 6 17,82 10,00 -157,219 1637054853
1 1 6 17,75 10,25 -157,225 1637054854
1 1 6 17,57 10,43 -157,261 1637054855
1 1 6 17,32 10,50 -157,212 1637054855
1 1 6 17,07 10,43 -157,212 1637054856
1 1 6 16,89 10,25 -157,249 1637054856
1 1 6 16,82 10,00 -157,219 1637054857
1 1 6 16,89 9,75 -157,219 1637054857
1 1 6 17,07 9,57 -157,274 1637054857
1 1 6 17,32 9,50 -157,249 1637054858
1 1 6 17,57 9,57 -157,292 1637054859
1 1 6 17,75 9,75 -157,231 1637054859
1 1 7 14,14 14,14 -157,127 1637054860
1 1 7 14,64 14,14 -157,243 1637054861
1 1 7 14,58 14,39 -157,225 1637054861
1 1 7 14,39 14,58 -157,267 1637054861
1 1 7 14,14 14,64 -157,219 1637054862
1 1 7 13,89 14,58 -157,219 1637054863
1 1 7 13,71 14,39 -157,237 1637054863
1 1 7 13,64 14,14 -157,188 1637054863
1 1 7 13,71 13,89 -157,237 1637054864
1 1 7 13,89 13,71 -157,225 1637054864
1 1 7 14,14 13,64 -157,188 1637054865
1 1 7 14,39 13,71 -157,200 1637054865
1 1 7 14,58 13,89 -157,261 1637054866
1 1 8 10,00 17,32 -157,280 1637054867
1 1 8 10,50 17,32 -157,249 1637054867
1 1 8 10,43 17,57 -157,164 1637054868
1 1 8 10,25 17,75 -157,267 1637054868
1 1 8 10,00 17,82 -157,188 1637054869
1 1 8 9,75 17,75 -157,225 1637054869
1 1 8 9,57 17,57 -157,261 1637054869
1 1 8 9,50 17,32 -157,212 1637054870
1 1 8 9,57 17,07 -157,255 1637054871
1 1 8 9,75 16,89 -157,231 1637054871
1 1 8 10,00 16,82 -157,219 1637054872
1 1 8 10,25 16,89 -157,188 1637054872
1 1 8 10,43 17,07 -157,237 1637054873
1 1 9 5,18 19,32 -157,212 1637054873
1 1 9 5,68 19,32 -157,310 1637054874
1 1 9 5,61 19,57 -157,261 1637054874
1 1 9 5,43 19,75 -157,225 1637054874
1 1 9 5,18 19,82 -157,255 1637054875
1 1 9 4,93 19,75 -157,243 1637054875
1 1 9 4,74 19,57 -157,164 1637054876
1 1 9 4,68 19,32 -157,212 1637054876
1 1 9 4,74 19,07 -157,176 1637054877
1 1 9 4,93 18,89 -157,219 1637054877
1 1 9 5,18 18,82 -157,267 1637054878
1 1 9 5,43 18,89 -157,243 1637054878
1 1 9 5,61 19,07 -157,261 1637054879
1 1 10 -5,18 19,32 -157,225 1637054880
1 1 10 -4,68 19,32 -157,249 1637054880
1 1 10 -4,74 19,57 -157,286 1637054880
1 1 10 -4,93 19,75 -157,188 1637054881
1 1 10 -5,18 19,82 -157,219 1637054882
1 1 10 -5,43 19,75 -157,237 1637054882
1 1 10 -5,61 19,57 -157,133 1637054883
1 1 10 -5,68 19,32 -157,243 1637054883
1 1 10 -5,61 19,07 -157,280 1637054884
1 1 10 -5,43 18,89 -157,200 1637054884
1 1 10 -5,18 18,82 -157,225 1637054885
1 1 10 -4,93 18,89 -157,206 1637054885
1 1 10 -4,74 19,07 -157,212 1637054885
1 1 11 -10,00 17,32 -157,188 1637054886
1 1 11 -9,50 17,32 -157,200 1637054887
1 1 11 -9,57 17,57 -157,249 1637054888
1 1 11 -9,75 17,75 -157,225 1637054888
1 1 11 -10,00 17,82 -157,249 1637054888
1 1 11 -10,25 17,75 -157,225 1637054889
1 1 11 -10,43 17,57 -157,194 1637054889
1 1 11 -10,50 17,32 -157,212 1637054890
1 1 11 -10,43 17,07 -157,164 1637054890
1 1 11 -10,25 16,89 -157,274 1637054891
1 1 11 -10,00 16,82 -157,206 1637054891
1 1 11 -9,75 16,89 -157,225 1637054892
1 1 11 -9,57 17,07 -157,280 1637054892
1 1 12 -14,14 14,14 -157,225 1637054893
1 1 12 -13,64 14,14 -157,212 1637054894
1 1 12 -13,71 14,39 -157,225 1637054894
1 1 12 -13,89 14,58 -157,219 1637054894
1 1 12 -14,14 14,64 -157,212 1637054895
1 1 12 -14,39 14,58 -157,231 1637054896
1 1 12 -14,58 14,39 -157,219 1637054896
1 1 12 -14,64 14,14 -157,225 1637054897
1 1 12 -14,58 13,89 -157,127 1637054897
1 1 12 -14,39 13,71 -157,212 1637054897
1 1 12 -14,14 13,64 -157,219 1637054898
1 1 12 -13,89 13,71 -157,225 1637054899
1 1 12 -13,71 13,89 -157,237 1637054899
1 1 13 -17,32 10,00 -157,206 1637054900
1 1 13 -16,82 10,00 -157,274 1637054900
1 1 13 -16,89 10,25 -157,212 1637054901
1 1 13 -17,07 10,43 -157,304 1637054901
1 1 13 -17,32 10,50 -157,243 1637054902
1 1 13 -17,57 10,43 -157,237 1637054902
1 1 13 -17,75 10,25 -157,243 1637054903
1 1 13 -17,82 10,00 -157,182 1637054903
1 1 13 -17,75 9,75 -157,231 1637054903
1 1 13 -17,57 9,57 -157,237 1637054904
1 1 13 -17,32 9,50 -157,188 1637054904
1 1 13 -17,07 9,57 -157,249 1637054904
1 1 13 -16,89 9,75 -157,219 1637054905
1 1 14 -19,32 5,18 -157,255 1637054906
1 1 14 -18,82 5,18 -157,225 1637054906
1 1 14 -18,89 5,43 -157,225 1637054907
1 1 14 -19,07 5,61 -157,212 1637054907
1 1 14 -19,32 5,68 -157,255 1637054908
1 1 14 -19,57 5,61 -157,219 1637054909
1 1 14 -19,75 5,43 -157,249 1637054909
1 1 14 -19,82 5,18 -157,158 1637054909
1 1 14 -19,75 4,93 -157,212 1637054910
1 1 14 -19,57 4,74 -157,237 1637054910
1 1 14 -19,32 4,68 -157,212 1637054911
1 1 14 -19,07 4,74 -157,304 1637054911
1 1 14 -18,89 4,93 -157,261 1637054912
1 1 15 -12,56 3,36 -157,231 1637054913
1 1 15 -12,06 3,36 -157,170 1637054913
1 1 15 -12,12 3,61 -157,219 1637054914
1 1 15 -12,31 3,80 -157,188 1637054914
1 1 15 -12,56 3,86 -157,231 1637054915
1 1 15 -12,81 3,80 -157,158 1637054915
1 1 15 -12,99 3,61 -157,267 1637054915
1 1 15 -13,06 3,36 -157,280 1637054916
1 1 15 -12,99 3,11 -157,243 1637054917
1 1 15 -12,81 2,93 -157,249 1637054917
1 1 15 -12,56 2,86 -157,225 1637054917
1 1 15 -12,31 2,93 -157,267 1637054918
1 1 15 -12,12 3,11 -157,206 1637054918
1 1 16 -9,19 9,19 -157,194 1637054919
1 1 16 -8,69 9,19 -157,267 1637054919
1 1 16 -8,76 9,44 -157,292 1637054920
1 1 16 -8,94 9,63 -157,176 1637054920
1 1 16 -9,19 9,69 -157,225 1637054920
1 1 16 -9,44 9,63 -157,231 1637054921
1 1 16 -9,63 9,44 -157,280 1637054921
1 1 16 -9,69 9,19 -157,188 1637054922
1 1 16 -9,63 8,94 -157,212 1637054922
1 1 16 -9,44 8,76 -157,267 1637054922
1 1 16 -9,19 8,69 -157,243 1637054923
1 1 16 -8,94 8,76 -157,231 1637054923
1 1 16 -8,76 8,94 -157,249 1637054923
1 1 17 -3,36 12,56 -157,225 1637054924
1 1 17 -2,86 12,56 -157,237 1637054925
1 1 17 -2,93 12,81 -157,280 1637054925
1 1 17 -3,11 12,99 -157,225 1637054925
1 1 17 -3,36 13,06 -157,249 1637054926
1 1 17 -3,61 12,99 -157,237 1637054926
1 1 17 -3,80 12,81 -157,274 1637054926
1 1 17 -3,86 12,56 -157,261 1637054927
1 1 17 -3,80 12,31 -157,237 1637054927
1 1 17 -3,61 12,12 -157,212 1637054928
1 1 17 -3,36 12,06 -157,249 1637054928
1 1 17 -3,11 12,12 -157,219 1637054929
1 1 17 -2,93 12,31 -157,249 1637054930
1 1 18 -4,24 4,24 -157,274 1637054931
1 1 18 -3,74 4,24 -157,182 1637054931
1 1 18 -3,81 4,49 -157,182 1637054931
1 1 18 -3,99 4,68 -157,237 1637054932
1 1 18 -4,24 4,74 -157,274 1637054932
1 1 18 -4,49 4,68 -157,255 1637054932
1 1 18 -4,68 4,49 -157,212 1637054933
1 1 18 -4,74 4,24 -157,280 1637054933
1 1 18 -4,68 3,99 -157,292 1637054933
1 1 18 -4,49 3,81 -157,280 1637054934
1 1 18 -4,24 3,74 -157,267 1637054934
1 1 18 -3,99 3,81 -157,127 1637054934
1 1 18 -3,81 3,99 -157,286 1637054935
1 1 19 -4,24 -4,24 -157,212 1637054936
1 1 19 -3,74 -4,24 -157,231 1637054937
1 1 19 -3,81 -3,99 -157,274 1637054937
1 1 19 -3,99 -3,81 -157,243 1637054938
1 1 19 -4,24 -3,74 -157,267 1637054938
1 1 19 -4,49 -3,81 -157,188 1637054939
1 1 19 -4,68 -3,99 -157,261 1637054939
1 1 19 -4,74 -4,24 -157,237 1637054940
1 1 19 -4,68 -4,49 -157,255 1637054941
1 1 19 -4,49 -4,68 -157,237 1637054941
1 1 19 -4,24 -4,74 -157,212 1637054941
1 1 19 -3,99 -4,68 -157,280 1637054942
1 1 19 -3,81 -4,49 -157,237 1637054942
1 1 20 -3,36 -12,56 -157,243 1637054943
1 1 20 -2,86 -12,56 -157,121 1637054944
1 1 20 -2,93 -12,31 -157,219 1637054945
1 1 20 -3,11 -12,12 -157,261 1637054945
1 1 20 -3,36 -12,06 -157,194 1637054946
1 1 20 -3,61 -12,12 -157,249 1637054946
1 1 20 -3,80 -12,31 -157,225 1637054946
1 1 20 -3,86 -12,56 -157,255 1637054947
1 1 20 -3,80 -12,81 -157,219 1637054947
1 1 20 -3,61 -12,99 -157,274 1637054948
1 1 20 -3,36 -13,06 -157,267 1637054948
1 1 20 -3,11 -12,99 -157,249 1637054949
1 1 20 -2,93 -12,81 -157,194 1637054949
1 1 21 -9,19 -9,19 -157,243 1637054950
1 1 21 -8,69 -9,19 -157,267 1637054950
1 1 21 -8,76 -8,94 -157,188 1637054951
1 1 21 -8,94 -8,76 -157,164 1637054952
1 1 21 -9,19 -8,69 -157,310 1637054952
1 1 21 -9,44 -8,76 -157,267 1637054953
1 1 21 -9,63 -8,94 -157,274 1637054953
1 1 21 -9,69 -9,19 -157,274 1637054954
1 1 21 -9,63 -9,44 -157,249 1637054954
1 1 21 -9,44 -9,63 -157,225 1637054955
1 1 21 -9,19 -9,69 -157,188 1637054955
1 1 21 -8,94 -9,63 -157,237 1637054956
1 1 21 -8,76 -9,44 -157,188 1637054956
1 1 22 -12,56 -3,36 -157,188 1637054957
1 1 22 -12,06 -3,36 -157,219 1637054958
1 1 22 -12,12 -3,11 -157,219 1637054959
1 1 22 -12,31 -2,93 -157,164 1637054959
1 1 22 -12,56 -2,86 -157,249 1637054959
1 1 22 -12,81 -2,93 -157,212 1637054960
1 1 22 -12,99 -3,11 -157,261 1637054960
1 1 22 -13,06 -3,36 -157,212 1637054961
1 1 22 -12,99 -3,61 -157,212 1637054961
1 1 22 -12,81 -3,80 -157,292 1637054962
1 1 22 -12,56 -3,86 -157,243 1637054962
1 1 22 -12,31 -3,80 -157,237 1637054963
1 1 22 -12,12 -3,61 -157,225 1637054963
1 1 23 -19,32 -5,18 -157,267 1637054964
1 1 23 -18,82 -5,18 -157,182 1637054965
1 1 23 -18,89 -4,93 -157,261 1637054965
1 1 23 -19,07 -4,74 -157,212 1637054966
1 1 23 -19,32 -4,68 -157,188 1637054966
1 1 23 -19,57 -4,74 -157,231 1637054967
1 1 23 -19,75 -4,93 -157,225 1637054967
1 1 23 -19,82 -5,18 -157,225 1637054968
1 1 23 -19,75 -5,43 -157,212 1637054969
1 1 23 -19,57 -5,61 -157,237 1637054969
1 1 23 -19,32 -5,68 -157,212 1637054969
1 1 23 -19,07 -5,61 -157,304 1637054970
1 1 23 -18,89 -5,43 -157,170 1637054970
1 1 24 -17,32 -10,00 -157,286 1637054971
1 1 24 -16,82 -10,00 -157,316 1637054971
1 1 24 -16,89 -9,75 -157,237 1637054972
1 1 24 -17,07 -9,57 -157,267 1637054972
1 1 24 -17,32 -9,50 -157,188 1637054972
1 1 24 -17,57 -9,57 -157,212 1637054973
1 1 24 -17,75 -9,75 -157,255 1637054974
1 1 24 -17,82 -10,00 -157,188 1637054974
1 1 24 -17,75 -10,25 -157,353 1637054975
1 1 24 -17,57 -10,43 -157,231 1637054975
1 1 24 -17,32 -10,50 -157,274 1637054976
1 1 24 -17,07 -10,43 -157,225 1637054976
1 1 24 -16,89 -10,25 -157,286 1637054976
1 1 25 -14,14 -14,14 -157,261 1637054977
1 1 25 -13,64 -14,14 -157,200 1637054978
1 1 25 -13,71 -13,89 -157,212 1637054979
1 1 25 -13,89 -13,71 -157,231 1637054979
1 1 25 -14,14 -13,64 -157,225 1637054979
1 1 25 -14,39 -13,71 -157,225 1637054980
1 1 25 -14,58 -13,89 -157,243 1637054980
1 1 25 -14,64 -14,14 -157,249 1637054981
1 1 25 -14,58 -14,39 -157,292 1637054982
1 1 25 -14,39 -14,58 -157,212 1637054982
1 1 25 -14,14 -14,64 -157,261 1637054983
1 1 25 -13,89 -14,58 -157,249 1637054983
1 1 25 -13,71 -14,39 -157,212 1637054983
1 1 26 -10,00 -17,32 -157,249 1637054984
1 1 26 -9,50 -17,32 -157,200 1637054985
1 1 26 -9,57 -17,07 -157,274 1637054985
1 1 26 -9,75 -16,89 -157,225 1637054986
1 1 26 -10,00 -16,82 -157,219 1637054986
1 1 26 -10,25 -16,89 -157,182 1637054986
1 1 26 -10,43 -17,07 -157,304 1637054987
1 1 26 -10,50 -17,32 -157,231 1637054987
1 1 26 -10,43 -17,57 -157,188 1637054987
1 1 26 -10,25 -17,75 -157,280 1637054988
1 1 26 -10,00 -17,82 -157,261 1637054988
1 1 26 -9,75 -17,75 -157,212 1637054988
1 1 26 -9,57 -17,57 -157,292 1637054989
1 1 27 -5,18 -19,32 -157,225 1637054990
1 1 27 -4,68 -19,32 -157,225 1637054990
1 1 27 -4,74 -19,07 -157,274 1637054991
1 1 27 -4,93 -18,89 -157,182 1637054991
1 1 27 -5,18 -18,82 -157,212 1637054991
1 1 27 -5,43 -18,89 -157,225 1637054992
1 1 27 -5,61 -19,07 -157,225 1637054992
1 1 27 -5,68 -19,32 -157,212 1637054993
1 1 27 -5,61 -19,57 -157,267 1637054994
1 1 27 -5,43 -19,75 -157,267 1637054994
1 1 27 -5,18 -19,82 -157,164 1637054994
1 1 27 -4,93 -19,75 -157,188 1637054995
1 1 27 -4,74 -19,57 -157,286 1637054995
1 1 28 5,18 -19,32 -157,237 1637054997
1 1 28 5,68 -19,32 -157,231 1637054997
1 1 28 5,61 -19,07 -157,249 1637054997
1 1 28 5,43 -18,89 -157,261 1637054998
1 1 28 5,18 -18,82 -157,267 1637054998
1 1 28 4,93 -18,89 -157,225 1637054999
1 1 28 4,74 -19,07 -157,212 1637054999
1 1 28 4,68 -19,32 -157,267 1637055000
1 1 28 4,74 -19,57 -157,176 1637055001
1 1 28 4,93 -19,75 -157,200 1637055001
1 1 28 5,18 -19,82 -157,219 1637055002
1 1 28 5,43 -19,75 -157,280 1637055002
1 1 28 5,61 -19,57 -157,212 1637055003
1 1 29 10,00 -17,32 -157,328 1637055003
1 1 29 10,50 -17,32 -157,298 1637055004
1 1 29 10,43 -17,07 -157,261 1637055004
1 1 29 10,25 -16,89 -157,249 1637055005
1 1 29 10,00 -16,82 -157,274 1637055005
1 1 29 9,75 -16,89 -157,267 1637055006
1 1 29 9,57 -17,07 -157,274 1637055006
1 1 29 9,50 -17,32 -157,274 1637055007
1 1 29 9,57 -17,57 -157,219 1637055008
1 1 29 9,75 -17,75 -157,243 1637055008
1 1 29 10,00 -17,82 -157,261 1637055009
1 1 29 10,25 -17,75 -157,212 1637055009
1 1 29 10,43 -17,57 -157,237 1637055009
1 1 30 14,14 -14,14 -157,304 1637055010
1 1 30 14,64 -14,14 -157,316 1637055011
1 1 30 14,58 -13,89 -157,292 1637055011
1 1 30 14,39 -13,71 -157,188 1637055012
1 1 30 14,14 -13,64 -157,237 1637055012
1 1 30 13,89 -13,71 -157,237 1637055013
1 1 30 13,71 -13,89 -157,219 1637055013
1 1 30 13,64 -14,14 -157,255 1637055014
1 1 30 13,71 -14,39 -157,231 1637055014
1 1 30 13,89 -14,58 -157,194 1637055015
1 1 30 14,14 -14,64 -157,219 1637055015
1 1 30 14,39 -14,58 -157,298 1637055016
1 1 30 14,58 -14,39 -157,255 1637055016
1 1 31 17,32 -10,00 -157,286 1637055017
1 1 31 17,82 -10,00 -157,188 1637055017
1 1 31 17,75 -9,75 -157,298 1637055018
1 1 31 17,57 -9,57 -157,286 1637055018
1 1 31 17,32 -9,50 -157,310 1637055019
1 1 31 17,07 -9,57 -157,280 1637055020
1 1 31 16,89 -9,75 -157,231 1637055020
1 1 31 16,82 -10,00 -157,231 1637055020
1 1 31 16,89 -10,25 -157,286 1637055021
1 1 31 17,07 -10,43 -157,225 1637055021
1 1 31 17,32 -10,50 -157,261 1637055022
1 1 31 17,57 -10,43 -157,267 1637055023
1 1 31 17,75 -10,25 -157,225 1637055023
1 1 32 19,32 -5,18 -157,243 1637055024
1 1 32 19,82 -5,18 -157,212 1637055024
1 1 32 19,75 -4,93 -157,261 1637055024
1 1 32 19,57 -4,74 -157,286 1637055025
1 1 32 19,32 -4,68 -157,194 1637055025
1 1 32 19,07 -4,74 -157,212 1637055025
1 1 32 18,89 -4,93 -157,243 1637055026
1 1 32 18,82 -5,18 -157,249 1637055026
1 1 32 18,89 -5,43 -157,274 1637055026
1 1 32 19,07 -5,61 -157,280 1637055027
1 1 32 19,32 -5,68 -157,231 1637055027
1 1 32 19,57 -5,61 -157,225 1637055028
1 1 32 19,75 -5,43 -157,170 1637055028
1 1 33 12,56 -3,36 -157,219 1637055029
1 1 33 13,06 -3,36 -157,194 1637055030
1 1 33 12,99 -3,11 -157,188 1637055030
1 1 33 12,81 -2,93 -157,231 1637055031
1 1 33 12,56 -2,86 -157,261 1637055031
1 1 33 12,31 -2,93 -157,243 1637055032
1 1 33 12,12 -3,11 -157,212 1637055032
1 1 33 12,06 -3,36 -157,225 1637055033
1 1 33 12,12 -3,61 -157,261 1637055034
1 1 33 12,31 -3,80 -157,261 1637055034
1 1 33 12,56 -3,86 -157,274 1637055035
1 1 33 12,81 -3,80 -157,255 1637055035
1 1 33 12,99 -3,61 -157,231 1637055035
1 1 34 9,19 -9,19 -157,267 1637055036
1 1 34 9,69 -9,19 -157,225 1637055037
1 1 34 9,63 -8,94 -157,255 1637055038
1 1 34 9,44 -8,76 -157,225 1637055038
1 1 34 9,19 -8,69 -157,231 1637055039
1 1 34 8,94 -8,76 -157,298 1637055039
1 1 34 8,76 -8,94 -157,225 1637055039
1 1 34 8,69 -9,19 -157,249 1637055040
1 1 34 8,76 -9,44 -157,261 1637055040
1 1 34 8,94 -9,63 -157,267 1637055040
1 1 34 9,19 -9,69 -157,292 1637055041
1 1 34 9,44 -9,63 -157,206 1637055041
1 1 34 9,63 -9,44 -157,188 1637055042
1 1 35 3,36 -12,56 -157,182 1637055043
1 1 35 3,86 -12,56 -157,225 1637055043
1 1 35 3,80 -12,31 -157,212 1637055044
1 1 35 3,61 -12,12 -157,243 1637055044
1 1 35 3,36 -12,06 -157,182 1637055045
1 1 35 3,11 -12,12 -157,164 1637055045
1 1 35 2,93 -12,31 -157,237 1637055045
1 1 35 2,86 -12,56 -157,267 1637055046
1 1 35 2,93 -12,81 -157,292 1637055047
1 1 35 3,11 -12,99 -157,249 1637055047
1 1 35 3,36 -13,06 -157,255 1637055048
1 1 35 3,61 -12,99 -157,188 1637055048
1 1 35 3,80 -12,81 -157,298 1637055048
1 1 36 4,24 -4,24 -157,182 1637055049
1 1 36 4,74 -4,24 -157,194 1637055050
1 1 36 4,68 -3,99 -157,158 1637055051
1 1 36 4,49 -3,81 -157,267 1637055051
1 1 36 4,24 -3,74 -157,243 1637055052
1 1 36 3,99 -3,81 -157,206 1637055052
1 1 36 3,81 -3,99 -157,261 1637055052
1 1 36 3,74 -4,24 -157,188 1637055053
1 1 36 3,81 -4,49 -157,304 1637055053
1 1 36 3,99 -4,68 -157,212 1637055054
1 1 36 4,24 -4,74 -157,158 1637055054
1 1 36 4,49 -4,68 -157,261 1637055054
1 1 36 4,68 -4,49 -157,212 1637055055
1 1 37 27,00 0,00 -157,158 1637055057
1 1 37 27,50 0,00 -157,249 1637055057
1 1 37 27,43 0,25 -157,322 1637055057
1 1 37 27,25 0,43 -157,158 1637055058
1 1 37 27,00 0,50 -157,249 1637055059
1 1 37 26,75 0,43 -157,237 1637055059
1 1 37 26,57 0,25 -157,188 1637055060
1 1 37 26,50 0,00 -157,158 1637055061
1 1 37 26,57 -0,25 -157,133 1637055061
1 1 37 26,75 -0,43 -157,243 1637055061
1 1 37 27,00 -0,50 -157,237 1637055062
1 1 37 27,25 -0,43 -157,286 1637055063
1 1 37 27,43 -0,25 -157,206 1637055063
1 1 38 26,08 6,99 -157,066 1637055064
1 1 38 26,58 6,99 -157,188 1637055064
1 1 38 26,51 7,24 -157,158 1637055065
1 1 38 26,33 7,42 -157,243 1637055065
1 1 38 26,08 7,49 -157,121 1637055065
1 1 38 25,83 7,42 -157,243 1637055066
1 1 38 25,65 7,24 -157,243 1637055066
1 1 38 25,58 6,99 -157,127 1637055067
1 1 38 25,65 6,74 -157,194 1637055068
1 1 38 25,83 6,56 -157,206 1637055068
1 1 38 26,08 6,49 -157,188 1637055068
1 1 38 26,33 6,56 -157,322 1637055069
1 1 38 26,51 6,74 -157,292 1637055069
1 1 39 23,38 13,50 -157,188 1637055070
1 1 39 23,88 13,50 -157,267 1637055071
1 1 39 23,82 13,75 -157,249 1637055071
1 1 39 23,63 13,93 -157,225 1637055071
1 1 39 23,38 14,00 -157,243 1637055072
1 1 39 23,13 13,93 -157,231 1637055072
1 1 39 22,95 13,75 -157,292 1637055072
1 1 39 22,88 13,50 -157,243 1637055073
1 1 39 22,95 13,25 -157,225 1637055073
1 1 39 23,13 13,07 -157,261 1637055074
1 1 39 23,38 13,00 -157,231 1637055074
1 1 39 23,63 13,07 -157,280 1637055075
1 1 39 23,82 13,25 -157,280 1637055075
1 1 40 19,09 19,09 -157,170 1637055076
1 1 40 19,59 19,09 -157,212 1637055077
1 1 40 19,52 19,34 -157,219 1637055078
1 1 40 19,34 19,52 -157,231 1637055078
1 1 40 19,09 19,59 -157,280 1637055078
1 1 40 18,84 19,52 -157,200 1637055079
1 1 40 18,66 19,34 -157,219 1637055079
1 1 40 18,59 19,09 -157,237 1637055080
1 1 40 18,66 18,84 -157,219 1637055081
1 1 40 18,84 18,66 -157,194 1637055081
1 1 40 19,09 18,59 -157,231 1637055081
1 1 40 19,34 18,66 -157,255 1637055082
1 1 40 19,52 18,84 -157,261 1637055082
1 1 41 13,50 23,38 -157,249 1637055083
1 1 41 14,00 23,38 -157,151 1637055084
1 1 41 13,93 23,63 -157,261 1637055084
1 1 41 13,75 23,82 -157,261 1637055084
1 1 41 13,50 23,88 -157,225 1637055085
1 1 41 13,25 23,82 -157,243 1637055086
1 1 41 13,07 23,63 -157,164 1637055086
1 1 41 13,00 23,38 -157,231 1637055087
1 1 41 13,07 23,13 -157,200 1637055087
1 1 41 13,25 22,95 -157,194 1637055087
1 1 41 13,50 22,88 -157,212 1637055088
1 1 41 13,75 22,95 -157,182 1637055089
1 1 41 13,93 23,13 -157,212 1637055089
1 1 42 6,99 26,08 -157,212 1637055090
1 1 42 7,49 26,08 -157,261 1637055090
1 1 42 7,42 26,33 -157,255 1637055091
1 1 42 7,24 26,51 -157,225 1637055091
1 1 42 6,99 26,58 -157,188 1637055091
1 1 42 6,74 26,51 -157,212 1637055092
1 1 42 6,56 26,33 -157,219 1637055092
1 1 42 6,49 26,08 -157,255 1637055093
1 1 42 6,56 25,83 -157,206 1637055094
1 1 42 6,74 25,65 -157,145 1637055094
1 1 42 6,99 25,58 -157,341 1637055095
1 1 42 7,24 25,65 -157,225 1637055095
1 1 42 7,42 25,83 -157,206 1637055095
1 1 43 0,00 27,00 -157,176 1637055096
1 1 43 0,50 27,00 -157,237 1637055097
1 1 43 0,43 27,25 -157,231 1637055097
1 1 43 0,25 27,43 -157,188 1637055098
1 1 43 0,00 27,50 -157,225 1637055099
1 1 43 -0,25 27,43 -157,225 1637055099
1 1 43 -0,43 27,25 -157,194 1637055100
1 1 43 -0,50 27,00 -157,225 1637055100
1 1 43 -0,43 26,75 -157,219 1637055101
1 1 43 -0,25 26,57 -157,261 1637055101
1 1 43 0,00 26,50 -157,158 1637055102
1 1 43 0,25 26,57 -157,219 1637055102
1 1 43 0,43 26,75 -157,243 1637055102
1 1 44 -6,99 26,08 -157,212 1637055103
1 1 44 -6,49 26,08 -157,292 1637055104
1 1 44 -6,56 26,33 -157,219 1637055105
1 1 44 -6,74 26,51 -157,225 1637055105
1 1 44 -6,99 26,58 -157,206 1637055105
1 1 44 -7,24 26,51 -157,139 1637055106
1 1 44 -7,42 26,33 -157,219 1637055106
1 1 44 -7,49 26,08 -157,286 1637055107
1 1 44 -7,42 25,83 -157,231 1637055108
1 1 44 -7,24 25,65 -157,133 1637055108
1 1 44 -6,99 25,58 -157,274 1637055108
1 1 44 -6,74 25,65 -157,182 1637055109
1 1 44 -6,56 25,83 -157,243 1637055110
1 1 45 -13,50 23,38 -157,115 1637055110
1 1 45 -13,00 23,38 -157,158 1637055111
1 1 45 -13,07 23,63 -157,261 1637055112
1 1 45 -13,25 23,82 -157,225 1637055112
1 1 45 -13,50 23,88 -157,188 1637055113
1 1 45 -13,75 23,82 -157,225 1637055113
1 1 45 -13,93 23,63 -157,261 1637055114
1 1 45 -14,00 23,38 -157,280 1637055115
1 1 45 -13,93 23,13 -157,176 1637055115
1 1 45 -13,75 22,95 -157,231 1637055116
1 1 45 -13,50 22,88 -157,237 1637055116
1 1 45 -13,25 22,95 -157,243 1637055117
1 1 45 -13,07 23,13 -157,212 1637055117
1 1 46 -19,09 19,09 -157,212 1637055118
1 1 46 -18,59 19,09 -157,261 1637055118
1 1 46 -18,66 19,34 -157,261 1637055119
1 1 46 -18,84 19,52 -157,188 1637055119
1 1 46 -19,09 19,59 -157,261 1637055119
1 1 46 -19,34 19,52 -157,267 1637055120
1 1 46 -19,52 19,34 -157,261 1637055120
1 1 46 -19,59 19,09 -157,237 1637055120
1 1 46 -19,52 18,84 -157,212 1637055121
1 1 46 -19,34 18,66 -157,145 1637055121
1 1 46 -19,09 18,59 -157,243 1637055122
1 1 46 -18,84 18,66 -157,231 1637055122
1 1 46 -18,66 18,84 -157,225 1637055122
1 1 47 -23,38 13,50 -157,267 1637055123
1 1 47 -22,88 13,50 -157,280 1637055124
1 1 47 -22,95 13,75 -157,274 1637055124
1 1 47 -23,13 13,93 -157,219 1637055125
1 1 47 -23,38 14,00 -157,231 1637055125
1 1 47 -23,63 13,93 -157,261 1637055126
1 1 47 -23,82 13,75 -157,219 1637055126
1 1 47 -23,88 13,50 -157,212 1637055127
1 1 47 -23,82 13,25 -157,212 1637055127
1 1 47 -23,63 13,07 -157,243 1637055127
1 1 47 -23,38 13,00 -157,188 1637055128
1 1 47 -23,13 13,07 -157,231 1637055129
1 1 47 -22,95 13,25 -157,298 1637055129
1 1 48 -26,08 6,99 -157,212 1637055130
1 1 48 -25,58 6,99 -157,286 1637055130
1 1 48 -25,65 7,24 -157,096 1637055131
1 1 48 -25,83 7,42 -157,310 1637055131
1 1 48 -26,08 7,49 -157,145 1637055132
1 1 48 -26,33 7,42 -157,206 1637055133
1 1 48 -26,51 7,24 -157,322 1637055133
1 1 48 -26,58 6,99 -157,274 1637055133
1 1 48 -26,51 6,74 -157,292 1637055134
1 1 48 -26,33 6,56 -157,274 1637055134
1 1 48 -26,08 6,49 -157,243 1637055135
1 1 48 -25,83 6,56 -157,212 1637055135
1 1 48 -25,65 6,74 -157,109 1637055136
1 1 49 -27,00 0,00 -157,206 1637055137
1 1 49 -26,50 0,00 -157,188 1637055137
1 1 49 -26,57 0,25 -157,225 1637055137
1 1 49 -26,75 0,43 -157,237 1637055138
1 1 49 -27,00 0,50 -157,249 1637055138
1 1 49 -27,25 0,43 -157,121 1637055138
1 1 49 -27,43 0,25 -157,292 1637055139
1 1 49 -27,50 0,00 -157,231 1637055139
1 1 49 -27,43 -0,25 -157,274 1637055139
1 1 49 -27,25 -0,43 -157,237 1637055140
1 1 49 -27,00 -0,50 -157,225 1637055141
1 1 49 -26,75 -0,43 -157,182 1637055141
1 1 49 -26,57 -0,25 -157,249 1637055141
1 1 50 -26,08 -6,99 -157,322 1637055142
1 1 50 -25,58 -6,99 -157,225 1637055143
1 1 50 -25,65 -6,74 -157,286 1637055144
1 1 50 -25,83 -6,56 -157,225 1637055144
1 1 50 -26,08 -6,49 -157,274 1637055145
1 1 50 -26,33 -6,56 -157,200 1637055145
1 1 50 -26,51 -6,74 -157,200 1637055145
1 1 50 -26,58 -6,99 -157,243 1637055146
1 1 50 -26,51 -7,24 -157,158 1637055147
1 1 50 -26,33 -7,42 -157,237 1637055147
1 1 50 -26,08 -7,49 -157,310 1637055148
1 1 50 -25,83 -7,42 -157,237 1637055148
1 1 50 -25,65 -7,24 -157,212 1637055148
1 1 51 -23,38 -13,50 -157,231 1637055149
1 1 51 -22,88 -13,50 -157,237 1637055150
1 1 51 -22,95 -13,25 -157,231 1637055151
1 1 51 -23,13 -13,07 -157,231 1637055151
1 1 51 -23,38 -13,00 -157,212 1637055151
1 1 51 -23,63 -13,07 -157,249 1637055152
1 1 51 -23,82 -13,25 -157,237 1637055152
1 1 51 -23,88 -13,50 -157,200 1637055153
1 1 51 -23,82 -13,75 -157,316 1637055153
1 1 51 -23,63 -13,93 -157,231 1637055154
1 1 51 -23,38 -14,00 -157,261 1637055154
1 1 51 -23,13 -13,93 -157,231 1637055155
1 1 51 -22,95 -13,75 -157,243 1637055155
1 1 52 -19,09 -19,09 -157,170 1637055156
1 1 52 -18,59 -19,09 -157,261 1637055156
1 1 52 -18,66 -18,84 -157,225 1637055157
1 1 52 -18,84 -18,66 -157,212 1637055157
1 1 52 -19,09 -18,59 -157,261 1637055158
1 1 52 -19,34 -18,66 -157,243 1637055159
1 1 52 -19,52 -18,84 -157,261 1637055159
1 1 52 -19,59 -19,09 -157,200 1637055159
1 1 52 -19,52 -19,34 -157,206 1637055160
1 1 52 -19,34 -19,52 -157,261 1637055160
1 1 52 -19,09 -19,59 -157,188 1637055161
1 1 52 -18,84 -19,52 -157,225 1637055161
1 1 52 -18,66 -19,34 -157,237 1637055162
1 1 53 -13,50 -23,38 -157,280 1637055162
1 1 53 -13,00 -23,38 -157,261 1637055163
1 1 53 -13,07 -23,13 -157,237 1637055163
1 1 53 -13,25 -22,95 -157,249 1637055163
1 1 53 -13,50 -22,88 -157,255 1637055164
1 1 53 -13,75 -22,95 -157,274 1637055164
1 1 53 -13,93 -23,13 -157,249 1637055164
1 1 53 -14,00 -23,38 -157,212 1637055165
1 1 53 -13,93 -23,63 -157,231 1637055165
1 1 53 -13,75 -23,82 -157,231 1637055166
1 1 53 -13,50 -23,88 -157,231 1637055166
1 1 53 -13,25 -23,82 -157,286 1637055166
1 1 53 -13,07 -23,63 -157,164 1637055167
1 1 54 -6,99 -26,08 -157,212 1637055168
1 1 54 -6,49 -26,08 -157,212 1637055168
1 1 54 -6,56 -25,83 -157,206 1637055169
1 1 54 -6,74 -25,65 -157,225 1637055169
1 1 54 -6,99 -25,58 -157,249 1637055170
1 1 54 -7,24 -25,65 -157,267 1637055170
1 1 54 -7,42 -25,83 -157,298 1637055171
1 1 54 -7,49 -26,08 -157,274 1637055171
1 1 54 -7,42 -26,33 -157,261 1637055172
1 1 54 -7,24 -26,51 -157,212 1637055172
1 1 54 -6,99 -26,58 -157,219 1637055173
1 1 54 -6,74 -26,51 -157,231 1637055173
1 1 54 -6,56 -26,33 -157,274 1637055174
1 1 55 -0,00 -27,00 -157,249 1637055175
1 1 55 0,50 -27,00 -157,243 1637055175
1 1 55 0,43 -26,75 -157,267 1637055175
1 1 55 0,25 -26,57 -157,280 1637055176
1 1 55 -0,00 -26,50 -157,243 1637055177
1 1 55 -0,25 -26,57 -157,286 1637055177
1 1 55 -0,43 -26,75 -157,274 1637055177
1 1 55 -0,50 -27,00 -157,267 1637055178
1 1 55 -0,43 -27,25 -157,194 1637055179
1 1 55 -0,25 -27,43 -157,243 1637055179
1 1 55 -0,00 -27,50 -157,280 1637055179
1 1 55 0,25 -27,43 -157,212 1637055180
1 1 55 0,43 -27,25 -157,231 1637055180
1 1 56 6,99 -26,08 -157,286 1637055182
1 1 56 7,49 -26,08 -157,298 1637055182
1 1 56 7,42 -25,83 -157,249 1637055182
1 1 56 7,24 -25,65 -157,286 1637055182
1 1 56 6,99 -25,58 -157,249 1637055183
1 1 56 6,74 -25,65 -157,225 1637055183
1 1 56 6,56 -25,83 -157,328 1637055184
1 1 56 6,49 -26,08 -157,274 1637055184
1 1 56 6,56 -26,33 -157,194 1637055184
1 1 56 6,74 -26,51 -157,231 1637055185
1 1 56 6,99 -26,58 -157,225 1637055185
1 1 56 7,24 -26,51 -157,280 1637055185
1 1 56 7,42 -26,33 -157,335 1637055186
1 1 57 13,50 -23,38 -157,219 1637055187
1 1 57 14,00 -23,38 -157,274 1637055187
1 1 57 13,93 -23,13 -157,237 1637055187
1 1 57 13,75 -22,95 -157,182 1637055188
1 1 57 13,50 -22,88 -157,316 1637055188
1 1 57 13,25 -22,95 -157,316 1637055188
1 1 57 13,07 -23,13 -157,188 1637055189
1 1 57 13,00 -23,38 -157,231 1637055190
1 1 57 13,07 -23,63 -157,280 1637055190
1 1 57 13,25 -23,82 -157,249 1637055190
1 1 57 13,50 -23,88 -157,231 1637055191
1 1 57 13,75 -23,82 -157,261 1637055192
1 1 57 13,93 -23,63 -157,237 1637055192
1 1 58 19,09 -19,09 -157,274 1637055193
1 1 58 19,59 -19,09 -157,237 1637055193
1 1 58 19,52 -18,84 -157,237 1637055193
1 1 58 19,34 -18,66 -157,219 1637055194
1 1 58 19,09 -18,59 -157,139 1637055194
1 1 58 18,84 -18,66 -157,225 1637055194
1 1 58 18,66 -18,84 -157,231 1637055195
1 1 58 18,59 -19,09 -157,231 1637055196
1 1 58 18,66 -19,34 -157,286 1637055196
1 1 58 18,84 -19,52 -157,151 1637055196
1 1 58 19,09 -19,59 -157,292 1637055197
1 1 58 19,34 -19,52 -157,200 1637055198
1 1 58 19,52 -19,34 -157,310 1637055198
1 1 59 23,38 -13,50 -157,170 1637055199
1 1 59 23,88 -13,50 -157,243 1637055200
1 1 59 23,82 -13,25 -157,280 1637055200
1 1 59 23,63 -13,07 -157,267 1637055200
1 1 59 23,38 -13,00 -157,261 1637055201
1 1 59 23,13 -13,07 -157,249 1637055202
1 1 59 22,95 -13,25 -157,280 1637055202
1 1 59 22,88 -13,50 -157,274 1637055202
1 1 59 22,95 -13,75 -157,212 1637055203
1 1 59 23,13 -13,93 -157,249 1637055203
1 1 59 23,38 -14,00 -157,231 1637055204
1 1 59 23,63 -13,93 -157,212 1637055204
1 1 59 23,82 -13,75 -157,261 1637055205
1 1 60 26,08 -6,99 -157,188 1637055206
1 1 60 26,58 -6,99 -157,267 1637055206
1 1 60 26,51 -6,74 -157,274 1637055206
1 1 60 26,33 -6,56 -157,219 1637055207
1 1 60 26,08 -6,49 -157,267 1637055208
1 1 60 25,83 -6,56 -157,212 1637055208
1 1 60 25,65 -6,74 -157,231 1637055208
1 1 60 25,58 -6,99 -157,280 1637055209
1 1 60 25,65 -7,24 -157,255 1637055210
1 1 60 25,83 -7,42 -157,194 1637055210
1 1 60 26,08 -7,49 -157,225 1637055211
1 1 60 26,33 -7,42 -157,231 1637055211
1 1 60 26,51 -7,24 -157,267 1637055211
