1 1 1 4,24 4,24 -157,194 1637057762
1 1 1 4,74 4,24 -157,188 1637057762
1 1 1 4,68 4,49 -157,249 1637057762
1 1 1 4,49 4,68 -157,292 1637057763
1 1 1 4,24 4,74 -157,280 1637057763
1 1 1 3,99 4,68 -157,194 1637057764
1 1 1 3,81 4,49 -157,298 1637057764
1 1 1 3,74 4,24 -157,212 1637057764
1 1 1 3,81 3,99 -157,219 1637057765
1 1 1 3,99 3,81 -157,237 1637057765
1 1 1 4,24 3,74 -157,237 1637057766
1 1 1 4,49 3,81 -157,212 1637057766
1 1 1 4,68 3,99 -157,286 1637057766
1 1 2 3,36 12,56 -157,243 1637057767
1 1 2 3,86 12,56 -157,212 1637057768
1 1 2 3,80 12,81 -157,237 1637057769
1 1 2 3,61 12,99 -157,237 1637057769
1 1 2 3,36 13,06 -157,274 1637057770
1 1 2 3,11 12,99 -157,200 1637057771
1 1 2 2,93 12,81 -157,188 1637057771
1 1 2 2,86 12,56 -157,212 1637057772
1 1 2 2,93 12,31 -157,176 1637057772
1 1 2 3,11 12,12 -157,261 1637057772
1 1 2 3,36 12,06 -157,225 1637057773
1 1 2 3,61 12,12 -157,164 1637057774
1 1 2 3,80 12,31 -157,335 1637057774
1 1 3 9,19 9,19 -157,237 1637057775
1 1 3 9,69 9,19 -157,212 1637057775
1 1 3 9,63 9,44 -157,219 1637057775
1 1 3 9,44 9,63 -157,219 1637057776
1 1 3 9,19 9,69 -157,188 1637057776
1 1 3 8,94 9,63 -157,274 1637057777
1 1 3 8,76 9,44 -157,206 1637057777
1 1 3 8,69 9,19 -157,298 1637057777
1 1 3 8,76 8,94 -157,121 1637057778
1 1 3 8,94 8,76 -157,249 1637057778
1 1 3 9,19 8,69 -157,200 1637057779
1 1 3 9,44 8,76 -157,219 1637057779
1 1 3 9,63 8,94 -157,212 1637057780
1 1 4 12,56 3,36 -157,237 1637057781
1 1 4 13,06 3,36 -157,188 1637057781
1 1 4 12,99 3,61 -157,212 1637057782
1 1 4 12,81 3,80 -157,225 1637057782
1 1 4 12,56 3,86 -157,194 1637057783
1 1 4 12,31 3,80 -157,286 1637057784
1 1 4 12,12 3,61 -157,225 1637057784
1 1 4 12,06 3,36 -157,206 1637057784
1 1 4 12,12 3,11 -157,274 1637057785
1 1 4 12,31 2,93 -157,127 1637057785
1 1 4 12,56 2,86 -157,335 1637057786
1 1 4 12,81 2,93 -157,188 1637057786
1 1 4 12,99 3,11 -157,267 1637057787
1 1 5 19,32 5,18 -157,206 1637057788
1 1 5 19,82 5,18 -157,231 1637057789
1 1 5 19,75 5,43 -157,298 1637057789
1 1 5 19,57 5,61 -157,261 1637057789
1 1 5 19,32 5,68 -157,225 1637057790
1 1 5 19,07 5,61 -157,170 1637057791
1 1 5 18,89 5,43 -157,267 1637057791
1 1 5 18,82 5,18 -157,200 1637057791
1 1 5 18,89 4,93 -157,249 1637057792
1 1 5 19,07 4,74 -157,158 1637057792
1 1 5 19,32 4,68 -157,212 1637057793
1 1 5 19,57 4,74 -157,280 1637057794
1 1 5 19,75 4,93 -157,304 1637057794
1 1 6 17,32 10,00 -157,249 1637057795
1 1 6 17,82 10,00 -157,219 1637057795
1 1 6 17,75 10,25 -157,225 1637057796
1 1 6 17,57 10,43 -157,255 1637057796
1 1 6 17,32 10,50 -157,212 1637057797
1 1 6 17,07 10,43 -157,212 1637057798
1 1 6 16,89 10,25 -157,243 1637057798
1 1 6 16,82 10,00 -157,212 1637057799
1 1 6 16,89 9,75 -157,212 1637057799
1 1 6 17,07 9,57 -157,280 1637057799
1 1 6 17,32 9,50 -157,249 1637057800
1 1 6 17,57 9,57 -157,292 1637057801
1 1 6 17,75 9,75 -157,231 1637057801
1 1 7 14,14 14,14 -157,127 1637057802
1 1 7 14,64 14,14 -157,243 1637057803
1 1 7 14,58 14,39 -157,225 1637057803
1 1 7 14,39 14,58 -157,267 1637057803
1 1 7 14,14 14,64 -157,212 1637057804
1 1 7 13,89 14,58 -157,219 1637057805
1 1 7 13,71 14,39 -157,231 1637057805
1 1 7 13,64 14,14 -157,182 1637057806
1 1 7 13,71 13,89 -157,237 1637057806
1 1 7 13,89 13,71 -157,219 1637057806
1 1 7 14,14 13,64 -157,188 1637057807
1 1 7 14,39 13,71 -157,194 1637057808
1 1 7 14,58 13,89 -157,261 1637057808
1 1 8 10,00 17,32 -157,280 1637057809
1 1 8 10,50 17,32 -157,249 1637057809
1 1 8 10,43 17,57 -157,164 1637057810
1 1 8 10,25 17,75 -157,261 1637057810
1 1 8 10,00 17,82 -157,188 1637057811
1 1 8 9,75 17,75 -157,225 1637057811
1 1 8 9,57 17,57 -157,261 1637057812
1 1 8 9,50 17,32 -157,212 1637057812
1 1 8 9,57 17,07 -157,249 1637057813
1 1 8 9,75 16,89 -157,231 1637057813
1 1 8 10,00 16,82 -157,225 1637057814
1 1 8 10,25 16,89 -157,188 1637057814
1 1 8 10,43 17,07 -157,225 1637057815
1 1 9 5,18 19,32 -157,212 1637057815
1 1 9 5,68 19,32 -157,310 1637057816
1 1 9 5,61 19,57 -157,261 1637057816
1 1 9 5,43 19,75 -157,219 1637057817
1 1 9 5,18 19,82 -157,249 1637057817
1 1 9 4,93 19,75 -157,249 1637057818
1 1 9 4,74 19,57 -157,170 1637057818
1 1 9 4,68 19,32 -157,212 1637057819
1 1 9 4,74 19,07 -157,170 1637057819
1 1 9 4,93 18,89 -157,225 1637057820
1 1 9 5,18 18,82 -157,267 1637057820
1 1 9 5,43 18,89 -157,243 1637057821
1 1 9 5,61 19,07 -157,255 1637057821
1 1 10 -5,18 19,32 -157,219 1637057822
1 1 10 -4,68 19,32 -157,243 1637057823
1 1 10 -4,74 19,57 -157,280 1637057823
1 1 10 -4,93 19,75 -157,188 1637057823
1 1 10 -5,18 19,82 -157,219 1637057824
1 1 10 -5,43 19,75 -157,231 1637057824
1 1 10 -5,61 19,57 -157,133 1637057825
1 1 10 -5,68 19,32 -157,225 1637057825
1 1 10 -5,61 19,07 -157,274 1637057825
1 1 10 -5,43 18,89 -157,200 1637057826
1 1 10 -5,18 18,82 -157,225 1637057827
1 1 10 -4,93 18,89 -157,200 1637057827
1 1 10 -4,74 19,07 -157,206 1637057828
1 1 11 -10,00 17,32 -157,188 1637057828
1 1 11 -9,50 17,32 -157,194 1637057829
1 1 11 -9,57 17,57 -157,243 1637057830
1 1 11 -9,75 17,75 -157,219 1637057830
1 1 11 -10,00 17,82 -157,249 1637057830
1 1 11 -10,25 17,75 -157,225 1637057831
1 1 11 -10,43 17,57 -157,194 1637057831
1 1 11 -10,50 17,32 -157,206 1637057832
1 1 11 -10,43 17,07 -157,151 1637057832
1 1 11 -10,25 16,89 -157,274 1637057832
1 1 11 -10,00 16,82 -157,206 1637057833
1 1 11 -9,75 16,89 -157,219 1637057833
1 1 11 -9,57 17,07 -157,274 1637057834
1 1 12 -14,14 14,14 -157,219 1637057835
1 1 12 -13,64 14,14 -157,212 1637057835
1 1 12 -13,71 14,39 -157,219 1637057836
1 1 12 -13,89 14,58 -157,225 1637057836
1 1 12 -14,14 14,64 -157,212 1637057837
1 1 12 -14,39 14,58 -157,231 1637057838
1 1 12 -14,58 14,39 -157,219 1637057838
1 1 12 -14,64 14,14 -157,219 1637057838
1 1 12 -14,58 13,89 -157,121 1637057839
1 1 12 -14,39 13,71 -157,212 1637057839
1 1 12 -14,14 13,64 -157,219 1637057840
1 1 12 -13,89 13,71 -157,225 1637057841
1 1 12 -13,71 13,89 -157,231 1637057841
1 1 13 -17,32 10,00 -157,200 1637057842
1 1 13 -16,82 10,00 -157,274 1637057842
1 1 13 -16,89 10,25 -157,206 1637057843
1 1 13 -17,07 10,43 -157,298 1637057843
1 1 13 -17,32 10,50 -157,243 1637057844
1 1 13 -17,57 10,43 -157,237 1637057845
1 1 13 -17,75 10,25 -157,243 1637057845
1 1 13 -17,82 10,00 -157,188 1637057845
1 1 13 -17,75 9,75 -157,243 1637057846
1 1 13 -17,57 9,57 -157,231 1637057846
1 1 13 -17,32 9,50 -157,188 1637057847
1 1 13 -17,07 9,57 -157,243 1637057848
1 1 13 -16,89 9,75 -157,219 1637057848
1 1 14 -19,32 5,18 -157,255 1637057849
1 1 14 -18,82 5,18 -157,219 1637057849
1 1 14 -18,89 5,43 -157,219 1637057850
1 1 14 -19,07 5,61 -157,206 1637057850
1 1 14 -19,32 5,68 -157,249 1637057851
1 1 14 -19,57 5,61 -157,219 1637057851
1 1 14 -19,75 5,43 -157,243 1637057852
1 1 14 -19,82 5,18 -157,151 1637057852
1 1 14 -19,75 4,93 -157,206 1637057852
1 1 14 -19,57 4,74 -157,237 1637057853
1 1 14 -19,32 4,68 -157,212 1637057853
1 1 14 -19,07 4,74 -157,298 1637057853
1 1 14 -18,89 4,93 -157,274 1637057854
1 1 15 -12,56 3,36 -157,225 1637057855
1 1 15 -12,06 3,36 -157,182 1637057855
1 1 15 -12,12 3,61 -157,225 1637057856
1 1 15 -12,31 3,80 -157,188 1637057856
1 1 15 -12,56 3,86 -157,231 1637057856
1 1 15 -12,81 3,80 -157,158 1637057857
1 1 15 -12,99 3,61 -157,267 1637057857
1 1 15 -13,06 3,36 -157,274 1637057857
1 1 15 -12,99 3,11 -157,225 1637057858
1 1 15 -12,81 2,93 -157,243 1637057858
1 1 15 -12,56 2,86 -157,231 1637057858
1 1 15 -12,31 2,93 -157,267 1637057859
1 1 15 -12,12 3,11 -157,188 1637057859
1 1 16 -9,19 9,19 -157,200 1637057860
1 1 16 -8,69 9,19 -157,280 1637057861
1 1 16 -8,76 9,44 -157,286 1637057861
1 1 16 -8,94 9,63 -157,164 1637057861
1 1 16 -9,19 9,69 -157,225 1637057862
1 1 16 -9,44 9,63 -157,237 1637057862
1 1 16 -9,63 9,44 -157,280 1637057863
1 1 16 -9,69 9,19 -157,188 1637057863
1 1 16 -9,63 8,94 -157,212 1637057864
1 1 16 -9,44 8,76 -157,267 1637057864
1 1 16 -9,19 8,69 -157,249 1637057865
1 1 16 -8,94 8,76 -157,225 1637057865
1 1 16 -8,76 8,94 -157,249 1637057866
1 1 17 -3,36 12,56 -157,225 1637057866
1 1 17 -2,86 12,56 -157,231 1637057867
1 1 17 -2,93 12,81 -157,274 1637057867
1 1 17 -3,11 12,99 -157,225 1637057868
1 1 17 -3,36 13,06 -157,243 1637057868
1 1 17 -3,61 12,99 -157,237 1637057868
1 1 17 -3,80 12,81 -157,274 1637057869
1 1 17 -3,86 12,56 -157,261 1637057869
1 1 17 -3,80 12,31 -157,231 1637057869
1 1 17 -3,61 12,12 -157,206 1637057870
1 1 17 -3,36 12,06 -157,237 1637057870
1 1 17 -3,11 12,12 -157,219 1637057871
1 1 17 -2,93 12,31 -157,249 1637057871
1 1 18 -4,24 4,24 -157,274 1637057872
1 1 18 -3,74 4,24 -157,182 1637057872
1 1 18 -3,81 4,49 -157,182 1637057873
1 1 18 -3,99 4,68 -157,231 1637057873
1 1 18 -4,24 4,74 -157,274 1637057874
1 1 18 -4,49 4,68 -157,255 1637057875
1 1 18 -4,68 4,49 -157,212 1637057875
1 1 18 -4,74 4,24 -157,280 1637057876
1 1 18 -4,68 3,99 -157,298 1637057876
1 1 18 -4,49 3,81 -157,280 1637057876
1 1 18 -4,24 3,74 -157,267 1637057877
1 1 18 -3,99 3,81 -157,127 1637057878
1 1 18 -3,81 3,99 -157,280 1637057878
1 1 19 -4,24 -4,24 -157,212 1637057879
1 1 19 -3,74 -4,24 -157,231 1637057880
1 1 19 -3,81 -3,99 -157,280 1637057880
1 1 19 -3,99 -3,81 -157,249 1637057881
1 1 19 -4,24 -3,74 -157,267 1637057881
1 1 19 -4,49 -3,81 -157,188 1637057882
1 1 19 -4,68 -3,99 -157,255 1637057882
1 1 19 -4,74 -4,24 -157,237 1637057883
1 1 19 -4,68 -4,49 -157,249 1637057883
1 1 19 -4,49 -4,68 -157,243 1637057884
1 1 19 -4,24 -4,74 -157,212 1637057884
1 1 19 -3,99 -4,68 -157,274 1637057885
1 1 19 -3,81 -4,49 -157,237 1637057885
1 1 20 -3,36 -12,56 -157,237 1637057886
1 1 20 -2,86 -12,56 -157,127 1637057887
1 1 20 -2,93 -12,31 -157,231 1637057887
1 1 20 -3,11 -12,12 -157,261 1637057888
1 1 20 -3,36 -12,06 -157,194 1637057888
1 1 20 -3,61 -12,12 -157,249 1637057889
1 1 20 -3,80 -12,31 -157,219 1637057889
1 1 20 -3,86 -12,56 -157,255 1637057890
1 1 20 -3,80 -12,81 -157,225 1637057890
1 1 20 -3,61 -12,99 -157,280 1637057891
1 1 20 -3,36 -13,06 -157,274 1637057891
1 1 20 -3,11 -12,99 -157,243 1637057892
1 1 20 -2,93 -12,81 -157,188 1637057892
1 1 21 -9,19 -9,19 -157,243 1637057893
1 1 21 -8,69 -9,19 -157,267 1637057893
1 1 21 -8,76 -8,94 -157,188 1637057894
1 1 21 -8,94 -8,76 -157,158 1637057894
1 1 21 -9,19 -8,69 -157,310 1637057894
1 1 21 -9,44 -8,76 -157,261 1637057895
1 1 21 -9,63 -8,94 -157,274 1637057895
1 1 21 -9,69 -9,19 -157,267 1637057895
1 1 21 -9,63 -9,44 -157,249 1637057896
1 1 21 -9,44 -9,63 -157,225 1637057897
1 1 21 -9,19 -9,69 -157,188 1637057897
1 1 21 -8,94 -9,63 -157,243 1637057898
1 1 21 -8,76 -9,44 -157,194 1637057898
1 1 22 -12,56 -3,36 -157,188 1637057899
1 1 22 -12,06 -3,36 -157,219 1637057899
1 1 22 -12,12 -3,11 -157,225 1637057899
1 1 22 -12,31 -2,93 -157,164 1637057900
1 1 22 -12,56 -2,86 -157,243 1637057901
1 1 22 -12,81 -2,93 -157,212 1637057901
1 1 22 -12,99 -3,11 -157,255 1637057902
1 1 22 -13,06 -3,36 -157,212 1637057902
1 1 22 -12,99 -3,61 -157,212 1637057903
1 1 22 -12,81 -3,80 -157,286 1637057903
1 1 22 -12,56 -3,86 -157,237 1637057904
1 1 22 -12,31 -3,80 -157,231 1637057904
1 1 22 -12,12 -3,61 -157,225 1637057905
1 1 23 -19,32 -5,18 -157,267 1637057905
1 1 23 -18,82 -5,18 -157,182 1637057906
1 1 23 -18,89 -4,93 -157,261 1637057906
1 1 23 -19,07 -4,74 -157,212 1637057907
1 1 23 -19,32 -4,68 -157,194 1637057907
1 1 23 -19,57 -4,74 -157,231 1637057907
1 1 23 -19,75 -4,93 -157,219 1637057908
1 1 23 -19,82 -5,18 -157,225 1637057909
1 1 23 -19,75 -5,43 -157,200 1637057909
1 1 23 -19,57 -5,61 -157,243 1637057910
1 1 23 -19,32 -5,68 -157,212 1637057910
1 1 23 -19,07 -5,61 -157,298 1637057911
1 1 23 -18,89 -5,43 -157,158 1637057911
1 1 24 -17,32 -10,00 -157,286 1637057912
1 1 24 -16,82 -10,00 -157,316 1637057912
1 1 24 -16,89 -9,75 -157,231 1637057913
1 1 24 -17,07 -9,57 -157,255 1637057914
1 1 24 -17,32 -9,50 -157,188 1637057914
1 1 24 -17,57 -9,57 -157,212 1637057915
1 1 24 -17,75 -9,75 -157,255 1637057915
1 1 24 -17,82 -10,00 -157,188 1637057916
1 1 24 -17,75 -10,25 -157,347 1637057916
1 1 24 -17,57 -10,43 -157,237 1637057917
1 1 24 -17,32 -10,50 -157,274 1637057917
1 1 24 -17,07 -10,43 -157,219 1637057918
1 1 24 -16,89 -10,25 -157,292 1637057918
1 1 25 -14,14 -14,14 -157,255 1637057919
1 1 25 -13,64 -14,14 -157,206 1637057920
1 1 25 -13,71 -13,89 -157,212 1637057920
1 1 25 -13,89 -13,71 -157,231 1637057921
1 1 25 -14,14 -13,64 -157,219 1637057921
1 1 25 -14,39 -13,71 -157,225 1637057922
1 1 25 -14,58 -13,89 -157,237 1637057922
1 1 25 -14,64 -14,14 -157,249 1637057923
1 1 25 -14,58 -14,39 -157,292 1637057923
1 1 25 -14,39 -14,58 -157,212 1637057924
1 1 25 -14,14 -14,64 -157,261 1637057924
1 1 25 -13,89 -14,58 -157,249 1637057925
1 1 25 -13,71 -14,39 -157,212 1637057925
1 1 26 -10,00 -17,32 -157,243 1637057926
1 1 26 -9,50 -17,32 -157,194 1637057926
1 1 26 -9,57 -17,07 -157,274 1637057926
1 1 26 -9,75 -16,89 -157,225 1637057927
1 1 26 -10,00 -16,82 -157,219 1637057928
1 1 26 -10,25 -16,89 -157,182 1637057928
1 1 26 -10,43 -17,07 -157,304 1637057929
1 1 26 -10,50 -17,32 -157,219 1637057929
1 1 26 -10,43 -17,57 -157,194 1637057930
1 1 26 -10,25 -17,75 -157,274 1637057930
1 1 26 -10,00 -17,82 -157,261 1637057931
1 1 26 -9,75 -17,75 -157,200 1637057932
1 1 26 -9,57 -17,57 -157,292 1637057932
1 1 27 -5,18 -19,32 -157,219 1637057933
1 1 27 -4,68 -19,32 -157,219 1637057933
1 1 27 -4,74 -19,07 -157,255 1637057934
1 1 27 -4,93 -18,89 -157,176 1637057934
1 1 27 -5,18 -18,82 -157,212 1637057935
1 1 27 -5,43 -18,89 -157,225 1637057936
1 1 27 -5,61 -19,07 -157,225 1637057936
1 1 27 -5,68 -19,32 -157,212 1637057936
1 1 27 -5,61 -19,57 -157,261 1637057937
1 1 27 -5,43 -19,75 -157,261 1637057937
1 1 27 -5,18 -19,82 -157,164 1637057938
1 1 27 -4,93 -19,75 -157,182 1637057938
1 1 27 -4,74 -19,57 -157,280 1637057939
1 1 28 5,18 -19,32 -157,237 1637057940
1 1 28 5,68 -19,32 -157,237 1637057940
1 1 28 5,61 -19,07 -157,237 1637057941
1 1 28 5,43 -18,89 -157,261 1637057941
1 1 28 5,18 -18,82 -157,267 1637057942
1 1 28 4,93 -18,89 -157,219 1637057943
1 1 28 4,74 -19,07 -157,212 1637057943
1 1 28 4,68 -19,32 -157,267 1637057943
1 1 28 4,74 -19,57 -157,170 1637057944
1 1 28 4,93 -19,75 -157,200 1637057944
1 1 28 5,18 -19,82 -157,219 1637057945
1 1 28 5,43 -19,75 -157,280 1637057945
1 1 28 5,61 -19,57 -157,206 1637057946
1 1 29 10,00 -17,32 -157,328 1637057946
1 1 29 10,50 -17,32 -157,298 1637057947
1 1 29 10,43 -17,07 -157,249 1637057947
1 1 29 10,25 -16,89 -157,255 1637057948
1 1 29 10,00 -16,82 -157,274 1637057949
1 1 29 9,75 -16,89 -157,274 1637057949
1 1 29 9,57 -17,07 -157,280 1637057950
1 1 29 9,50 -17,32 -157,267 1637057950
1 1 29 9,57 -17,57 -157,212 1637057951
1 1 29 9,75 -17,75 -157,243 1637057951
1 1 29 10,00 -17,82 -157,261 1637057952
1 1 29 10,25 -17,75 -157,212 1637057952
1 1 29 10,43 -17,57 -157,237 1637057953
1 1 30 14,14 -14,14 -157,304 1637057953
1 1 30 14,64 -14,14 -157,310 1637057954
1 1 30 14,58 -13,89 -157,292 1637057955
1 1 30 14,39 -13,71 -157,188 1637057955
1 1 30 14,14 -13,64 -157,237 1637057955
1 1 30 13,89 -13,71 -157,237 1637057956
1 1 30 13,71 -13,89 -157,219 1637057956
1 1 30 13,64 -14,14 -157,249 1637057957
1 1 30 13,71 -14,39 -157,225 1637057958
1 1 30 13,89 -14,58 -157,194 1637057958
1 1 30 14,14 -14,64 -157,219 1637057958
1 1 30 14,39 -14,58 -157,292 1637057959
1 1 30 14,58 -14,39 -157,249 1637057959
1 1 31 17,32 -10,00 -157,280 1637057960
1 1 31 17,82 -10,00 -157,188 1637057961
1 1 31 17,75 -9,75 -157,286 1637057961
1 1 31 17,57 -9,57 -157,280 1637057962
1 1 31 17,32 -9,50 -157,310 1637057962
1 1 31 17,07 -9,57 -157,274 1637057963
1 1 31 16,89 -9,75 -157,225 1637057963
1 1 31 16,82 -10,00 -157,231 1637057964
1 1 31 16,89 -10,25 -157,286 1637057964
1 1 31 17,07 -10,43 -157,225 1637057965
1 1 31 17,32 -10,50 -157,255 1637057965
1 1 31 17,57 -10,43 -157,267 1637057966
1 1 31 17,75 -10,25 -157,212 1637057966
1 1 32 19,32 -5,18 -157,243 1637057967
1 1 32 19,82 -5,18 -157,212 1637057967
1 1 32 19,75 -4,93 -157,261 1637057968
1 1 32 19,57 -4,74 -157,286 1637057968
1 1 32 19,32 -4,68 -157,194 1637057968
1 1 32 19,07 -4,74 -157,212 1637057969
1 1 32 18,89 -4,93 -157,243 1637057969
1 1 32 18,82 -5,18 -157,261 1637057970
1 1 32 18,89 -5,43 -157,274 1637057971
1 1 32 19,07 -5,61 -157,280 1637057971
1 1 32 19,32 -5,68 -157,225 1637057972
1 1 32 19,57 -5,61 -157,225 1637057972
1 1 32 19,75 -5,43 -157,164 1637057973
1 1 33 12,56 -3,36 -157,219 1637057974
1 1 33 13,06 -3,36 -157,200 1637057974
1 1 33 12,99 -3,11 -157,188 1637057975
1 1 33 12,81 -2,93 -157,219 1637057975
1 1 33 12,56 -2,86 -157,261 1637057976
1 1 33 12,31 -2,93 -157,237 1637057976
1 1 33 12,12 -3,11 -157,212 1637057977
1 1 33 12,06 -3,36 -157,225 1637057978
1 1 33 12,12 -3,61 -157,267 1637057979
1 1 33 12,31 -3,80 -157,249 1637057979
1 1 33 12,56 -3,86 -157,280 1637057979
1 1 33 12,81 -3,80 -157,255 1637057980
1 1 33 12,99 -3,61 -157,231 1637057980
1 1 34 9,19 -9,19 -157,261 1637057981
1 1 34 9,69 -9,19 -157,225 1637057982
1 1 34 9,63 -8,94 -157,261 1637057982
1 1 34 9,44 -8,76 -157,219 1637057983
1 1 34 9,19 -8,69 -157,231 1637057983
1 1 34 8,94 -8,76 -157,292 1637057984
1 1 34 8,76 -8,94 -157,225 1637057984
1 1 34 8,69 -9,19 -157,249 1637057985
1 1 34 8,76 -9,44 -157,261 1637057985
1 1 34 8,94 -9,63 -157,261 1637057986
1 1 34 9,19 -9,69 -157,286 1637057986
1 1 34 9,44 -9,63 -157,206 1637057987
1 1 34 9,63 -9,44 -157,188 1637057987
1 1 35 3,36 -12,56 -157,176 1637057988
1 1 35 3,86 -12,56 -157,219 1637057989
1 1 35 3,80 -12,31 -157,212 1637057989
1 1 35 3,61 -12,12 -157,237 1637057990
1 1 35 3,36 -12,06 -157,188 1637057990
1 1 35 3,11 -12,12 -157,164 1637057991
1 1 35 2,93 -12,31 -157,231 1637057991
1 1 35 2,86 -12,56 -157,261 1637057992
1 1 35 2,93 -12,81 -157,292 1637057992
1 1 35 3,11 -12,99 -157,237 1637057993
1 1 35 3,36 -13,06 -157,255 1637057993
1 1 35 3,61 -12,99 -157,182 1637057994
1 1 35 3,80 -12,81 -157,304 1637057994
1 1 36 4,24 -4,24 -157,182 1637057995
1 1 36 4,74 -4,24 -157,194 1637057995
1 1 36 4,68 -3,99 -157,158 1637057996
1 1 36 4,49 -3,81 -157,267 1637057997
1 1 36 4,24 -3,74 -157,243 1637057997
1 1 36 3,99 -3,81 -157,206 1637057998
1 1 36 3,81 -3,99 -157,261 1637057998
1 1 36 3,74 -4,24 -157,188 1637057999
1 1 36 3,81 -4,49 -157,304 1637057999
1 1 36 3,99 -4,68 -157,206 1637057999
1 1 36 4,24 -4,74 -157,158 1637058000
1 1 36 4,49 -4,68 -157,249 1637058001
1 1 36 4,68 -4,49 -157,219 1637058001
1 1 37 27,00 0,00 -157,151 1637058003
1 1 37 27,50 0,00 -157,249 1637058003
1 1 37 27,43 0,25 -157,310 1637058004
1 1 37 27,25 0,43 -157,158 1637058004
1 1 37 27,00 0,50 -157,249 1637058005
1 1 37 26,75 0,43 -157,231 1637058005
1 1 37 26,57 0,25 -157,182 1637058006
1 1 37 26,50 0,00 -157,158 1637058006
1 1 37 26,57 -0,25 -157,133 1637058007
1 1 37 26,75 -0,43 -157,237 1637058007
1 1 37 27,00 -0,50 -157,237 1637058008
1 1 37 27,25 -0,43 -157,286 1637058008
1 1 37 27,43 -0,25 -157,206 1637058009
1 1 38 26,08 6,99 -157,060 1637058010
1 1 38 26,58 6,99 -157,182 1637058010
1 1 38 26,51 7,24 -157,145 1637058011
1 1 38 26,33 7,42 -157,243 1637058011
1 1 38 26,08 7,49 -157,115 1637058012
1 1 38 25,83 7,42 -157,243 1637058012
1 1 38 25,65 7,24 -157,243 1637058013
1 1 38 25,58 6,99 -157,127 1637058013
1 1 38 25,65 6,74 -157,188 1637058014
1 1 38 25,83 6,56 -157,212 1637058014
1 1 38 26,08 6,49 -157,182 1637058015
1 1 38 26,33 6,56 -157,322 1637058015
1 1 38 26,51 6,74 -157,292 1637058015
1 1 39 23,38 13,50 -157,188 1637058016
1 1 39 23,88 13,50 -157,274 1637058017
1 1 39 23,82 13,75 -157,231 1637058017
1 1 39 23,63 13,93 -157,225 1637058018
1 1 39 23,38 14,00 -157,243 1637058019
1 1 39 23,13 13,93 -157,231 1637058019
1 1 39 22,95 13,75 -157,292 1637058019
1 1 39 22,88 13,50 -157,261 1637058020
1 1 39 22,95 13,25 -157,231 1637058021
1 1 39 23,13 13,07 -157,267 1637058021
1 1 39 23,38 13,00 -157,225 1637058022
1 1 39 23,63 13,07 -157,280 1637058022
1 1 39 23,82 13,25 -157,280 1637058022
1 1 40 19,09 19,09 -157,170 1637058023
1 1 40 19,59 19,09 -157,212 1637058024
1 1 40 19,52 19,34 -157,225 1637058024
1 1 40 19,34 19,52 -157,231 1637058025
1 1 40 19,09 19,59 -157,280 1637058025
1 1 40 18,84 19,52 -157,194 1637058026
1 1 40 18,66 19,34 -157,219 1637058026
1 1 40 18,59 19,09 -157,237 1637058027
1 1 40 18,66 18,84 -157,212 1637058027
1 1 40 18,84 18,66 -157,188 1637058028
1 1 40 19,09 18,59 -157,237 1637058028
1 1 40 19,34 18,66 -157,249 1637058029
1 1 40 19,52 18,84 -157,261 1637058029
1 1 41 13,50 23,38 -157,243 1637058030
1 1 41 14,00 23,38 -157,158 1637058031
1 1 41 13,93 23,63 -157,261 1637058031
1 1 41 13,75 23,82 -157,255 1637058031
1 1 41 13,50 23,88 -157,225 1637058032
1 1 41 13,25 23,82 -157,249 1637058033
1 1 41 13,07 23,63 -157,170 1637058033
1 1 41 13,00 23,38 -157,225 1637058033
1 1 41 13,07 23,13 -157,200 1637058034
1 1 41 13,25 22,95 -157,188 1637058034
1 1 41 13,50 22,88 -157,212 1637058035
1 1 41 13,75 22,95 -157,182 1637058035
1 1 41 13,93 23,13 -157,212 1637058036
1 1 42 6,99 26,08 -157,212 1637058037
1 1 42 7,49 26,08 -157,261 1637058037
1 1 42 7,42 26,33 -157,249 1637058038
1 1 42 7,24 26,51 -157,225 1637058039
1 1 42 6,99 26,58 -157,188 1637058039
1 1 42 6,74 26,51 -157,212 1637058040
1 1 42 6,56 26,33 -157,212 1637058040
1 1 42 6,49 26,08 -157,255 1637058041
1 1 42 6,56 25,83 -157,212 1637058041
1 1 42 6,74 25,65 -157,151 1637058042
1 1 42 6,99 25,58 -157,341 1637058042
1 1 42 7,24 25,65 -157,225 1637058043
1 1 42 7,42 25,83 -157,194 1637058043
1 1 43 0,00 27,00 -157,170 1637058044
1 1 43 0,50 27,00 -157,231 1637058045
1 1 43 0,43 27,25 -157,225 1637058045
1 1 43 0,25 27,43 -157,194 1637058046
1 1 43 0,00 27,50 -157,225 1637058046
1 1 43 -0,25 27,43 -157,219 1637058047
1 1 43 -0,43 27,25 -157,188 1637058047
1 1 43 -0,50 27,00 -157,225 1637058048
1 1 43 -0,43 26,75 -157,219 1637058049
1 1 43 -0,25 26,57 -157,261 1637058049
1 1 43 0,00 26,50 -157,158 1637058049
1 1 43 0,25 26,57 -157,219 1637058050
1 1 43 0,43 26,75 -157,237 1637058050
1 1 44 -6,99 26,08 -157,212 1637058051
1 1 44 -6,49 26,08 -157,292 1637058052
1 1 44 -6,56 26,33 -157,225 1637058052
1 1 44 -6,74 26,51 -157,225 1637058053
1 1 44 -6,99 26,58 -157,206 1637058053
1 1 44 -7,24 26,51 -157,139 1637058054
1 1 44 -7,42 26,33 -157,219 1637058054
1 1 44 -7,49 26,08 -157,286 1637058055
1 1 44 -7,42 25,83 -157,225 1637058055
1 1 44 -7,24 25,65 -157,133 1637058056
1 1 44 -6,99 25,58 -157,274 1637058056
1 1 44 -6,74 25,65 -157,182 1637058057
1 1 44 -6,56 25,83 -157,243 1637058057
1 1 45 -13,50 23,38 -157,109 1637058058
1 1 45 -13,00 23,38 -157,158 1637058058
1 1 45 -13,07 23,63 -157,267 1637058059
1 1 45 -13,25 23,82 -157,225 1637058059
1 1 45 -13,50 23,88 -157,182 1637058060
1 1 45 -13,75 23,82 -157,225 1637058060
1 1 45 -13,93 23,63 -157,261 1637058060
1 1 45 -14,00 23,38 -157,267 1637058061
1 1 45 -13,93 23,13 -157,182 1637058061
1 1 45 -13,75 22,95 -157,231 1637058061
1 1 45 -13,50 22,88 -157,231 1637058062
1 1 45 -13,25 22,95 -157,249 1637058062
1 1 45 -13,07 23,13 -157,194 1637058063
1 1 46 -19,09 19,09 -157,212 1637058064
1 1 46 -18,59 19,09 -157,261 1637058064
1 1 46 -18,66 19,34 -157,255 1637058064
1 1 46 -18,84 19,52 -157,188 1637058065
1 1 46 -19,09 19,59 -157,261 1637058066
1 1 46 -19,34 19,52 -157,267 1637058066
1 1 46 -19,52 19,34 -157,261 1637058067
1 1 46 -19,59 19,09 -157,255 1637058067
1 1 46 -19,52 18,84 -157,219 1637058068
1 1 46 -19,34 18,66 -157,139 1637058068
1 1 46 -19,09 18,59 -157,237 1637058069
1 1 46 -18,84 18,66 -157,231 1637058069
1 1 46 -18,66 18,84 -157,231 1637058070
1 1 47 -23,38 13,50 -157,267 1637058071
1 1 47 -22,88 13,50 -157,280 1637058071
1 1 47 -22,95 13,75 -157,274 1637058072
1 1 47 -23,13 13,93 -157,219 1637058072
1 1 47 -23,38 14,00 -157,231 1637058073
1 1 47 -23,63 13,93 -157,267 1637058073
1 1 47 -23,82 13,75 -157,219 1637058074
1 1 47 -23,88 13,50 -157,212 1637058074
1 1 47 -23,82 13,25 -157,212 1637058075
1 1 47 -23,63 13,07 -157,243 1637058075
1 1 47 -23,38 13,00 -157,194 1637058076
1 1 47 -23,13 13,07 -157,231 1637058077
1 1 47 -22,95 13,25 -157,292 1637058077
1 1 48 -26,08 6,99 -157,212 1637058078
1 1 48 -25,58 6,99 -157,286 1637058078
1 1 48 -25,65 7,24 -157,090 1637058079
1 1 48 -25,83 7,42 -157,310 1637058079
1 1 48 -26,08 7,49 -157,145 1637058080
1 1 48 -26,33 7,42 -157,200 1637058081
1 1 48 -26,51 7,24 -157,322 1637058081
1 1 48 -26,58 6,99 -157,274 1637058081
1 1 48 -26,51 6,74 -157,292 1637058082
1 1 48 -26,33 6,56 -157,274 1637058082
1 1 48 -26,08 6,49 -157,243 1637058083
1 1 48 -25,83 6,56 -157,212 1637058083
1 1 48 -25,65 6,74 -157,096 1637058084
1 1 49 -27,00 0,00 -157,206 1637058085
1 1 49 -26,50 0,00 -157,194 1637058085
1 1 49 -26,57 0,25 -157,225 1637058085
1 1 49 -26,75 0,43 -157,231 1637058086
1 1 49 -27,00 0,50 -157,243 1637058087
1 1 49 -27,25 0,43 -157,109 1637058087
1 1 49 -27,43 0,25 -157,286 1637058088
1 1 49 -27,50 0,00 -157,243 1637058088
1 1 49 -27,43 -0,25 -157,274 1637058089
1 1 49 -27,25 -0,43 -157,237 1637058089
1 1 49 -27,00 -0,50 -157,225 1637058090
1 1 49 -26,75 -0,43 -157,182 1637058090
1 1 49 -26,57 -0,25 -157,249 1637058090
1 1 50 -26,08 -6,99 -157,322 1637058091
1 1 50 -25,58 -6,99 -157,225 1637058092
1 1 50 -25,65 -6,74 -157,286 1637058093
1 1 50 -25,83 -6,56 -157,225 1637058093
1 1 50 -26,08 -6,49 -157,267 1637058093
1 1 50 -26,33 -6,56 -157,194 1637058094
1 1 50 -26,51 -6,74 -157,200 1637058094
1 1 50 -26,58 -6,99 -157,243 1637058095
1 1 50 -26,51 -7,24 -157,158 1637058096
1 1 50 -26,33 -7,42 -157,237 1637058096
1 1 50 -26,08 -7,49 -157,310 1637058096
1 1 50 -25,83 -7,42 -157,231 1637058097
1 1 50 -25,65 -7,24 -157,206 1637058097
1 1 51 -23,38 -13,50 -157,231 1637058098
1 1 51 -22,88 -13,50 -157,225 1637058099
1 1 51 -22,95 -13,25 -157,231 1637058100
1 1 51 -23,13 -13,07 -157,225 1637058100
1 1 51 -23,38 -13,00 -157,212 1637058100
1 1 51 -23,63 -13,07 -157,249 1637058101
1 1 51 -23,82 -13,25 -157,237 1637058101
1 1 51 -23,88 -13,50 -157,200 1637058102
1 1 51 -23,82 -13,75 -157,316 1637058102
1 1 51 -23,63 -13,93 -157,225 1637058103
1 1 51 -23,38 -14,00 -157,255 1637058103
1 1 51 -23,13 -13,93 -157,231 1637058104
1 1 51 -22,95 -13,75 -157,237 1637058104
1 1 52 -19,09 -19,09 -157,164 1637058105
1 1 52 -18,59 -19,09 -157,261 1637058106
1 1 52 -18,66 -18,84 -157,219 1637058106
1 1 52 -18,84 -18,66 -157,206 1637058107
1 1 52 -19,09 -18,59 -157,255 1637058107
1 1 52 -19,34 -18,66 -157,243 1637058108
1 1 52 -19,52 -18,84 -157,261 1637058108
1 1 52 -19,59 -19,09 -157,188 1637058108
1 1 52 -19,52 -19,34 -157,200 1637058109
1 1 52 -19,34 -19,52 -157,255 1637058109
1 1 52 -19,09 -19,59 -157,194 1637058110
1 1 52 -18,84 -19,52 -157,219 1637058110
1 1 52 -18,66 -19,34 -157,243 1637058111
1 1 53 -13,50 -23,38 -157,280 1637058111
1 1 53 -13,00 -23,38 -157,261 1637058112
1 1 53 -13,07 -23,13 -157,225 1637058113
1 1 53 -13,25 -22,95 -157,231 1637058113
1 1 53 -13,50 -22,88 -157,249 1637058114
1 1 53 -13,75 -22,95 -157,267 1637058115
1 1 53 -13,93 -23,13 -157,237 1637058115
1 1 53 -14,00 -23,38 -157,206 1637058115
1 1 53 -13,93 -23,63 -157,237 1637058116
1 1 53 -13,75 -23,82 -157,231 1637058116
1 1 53 -13,50 -23,88 -157,231 1637058117
1 1 53 -13,25 -23,82 -157,286 1637058117
1 1 53 -13,07 -23,63 -157,164 1637058118
1 1 54 -6,99 -26,08 -157,212 1637058118
1 1 54 -6,49 -26,08 -157,212 1637058119
1 1 54 -6,56 -25,83 -157,200 1637058120
1 1 54 -6,74 -25,65 -157,225 1637058120
1 1 54 -6,99 -25,58 -157,249 1637058121
1 1 54 -7,24 -25,65 -157,267 1637058121
1 1 54 -7,42 -25,83 -157,292 1637058122
1 1 54 -7,49 -26,08 -157,274 1637058122
1 1 54 -7,42 -26,33 -157,267 1637058123
1 1 54 -7,24 -26,51 -157,206 1637058123
1 1 54 -6,99 -26,58 -157,219 1637058124
1 1 54 -6,74 -26,51 -157,231 1637058125
1 1 54 -6,56 -26,33 -157,274 1637058125
1 1 55 -0,00 -27,00 -157,249 1637058126
1 1 55 0,50 -27,00 -157,243 1637058126
1 1 55 0,43 -26,75 -157,267 1637058126
1 1 55 0,25 -26,57 -157,274 1637058127
1 1 55 -0,00 -26,50 -157,237 1637058127
1 1 55 -0,25 -26,57 -157,286 1637058128
1 1 55 -0,43 -26,75 -157,274 1637058128
1 1 55 -0,50 -27,00 -157,261 1637058129
1 1 55 -0,43 -27,25 -157,188 1637058129
1 1 55 -0,25 -27,43 -157,243 1637058130
1 1 55 -0,00 -27,50 -157,280 1637058130
1 1 55 0,25 -27,43 -157,206 1637058131
1 1 55 0,43 -27,25 -157,231 1637058131
1 1 56 6,99 -26,08 -157,286 1637058132
1 1 56 7,49 -26,08 -157,292 1637058133
1 1 56 7,42 -25,83 -157,237 1637058133
1 1 56 7,24 -25,65 -157,280 1637058134
1 1 56 6,99 -25,58 -157,243 1637058134
1 1 56 6,74 -25,65 -157,225 1637058135
1 1 56 6,56 -25,83 -157,322 1637058135
1 1 56 6,49 -26,08 -157,274 1637058136
1 1 56 6,56 -26,33 -157,200 1637058136
1 1 56 6,74 -26,51 -157,225 1637058137
1 1 56 6,99 -26,58 -157,225 1637058137
1 1 56 7,24 -26,51 -157,274 1637058138
1 1 56 7,42 -26,33 -157,328 1637058138
1 1 57 13,50 -23,38 -157,219 1637058139
1 1 57 14,00 -23,38 -157,267 1637058139
1 1 57 13,93 -23,13 -157,231 1637058140
1 1 57 13,75 -22,95 -157,176 1637058140
1 1 57 13,50 -22,88 -157,316 1637058141
1 1 57 13,25 -22,95 -157,316 1637058141
1 1 57 13,07 -23,13 -157,188 1637058142
1 1 57 13,00 -23,38 -157,231 1637058142
1 1 57 13,07 -23,63 -157,274 1637058143
1 1 57 13,25 -23,82 -157,255 1637058143
1 1 57 13,50 -23,88 -157,231 1637058144
1 1 57 13,75 -23,82 -157,255 1637058144
1 1 57 13,93 -23,63 -157,231 1637058145
1 1 58 19,09 -19,09 -157,267 1637058146
1 1 58 19,59 -19,09 -157,237 1637058146
1 1 58 19,52 -18,84 -157,225 1637058147
1 1 58 19,34 -18,66 -157,219 1637058147
1 1 58 19,09 -18,59 -157,133 1637058148
1 1 58 18,84 -18,66 -157,225 1637058149
1 1 58 18,66 -18,84 -157,225 1637058149
1 1 58 18,59 -19,09 -157,225 1637058149
1 1 58 18,66 -19,34 -157,286 1637058150
1 1 58 18,84 -19,52 -157,145 1637058150
1 1 58 19,09 -19,59 -157,292 1637058151
1 1 58 19,34 -19,52 -157,194 1637058152
1 1 58 19,52 -19,34 -157,298 1637058152
1 1 59 23,38 -13,50 -157,164 1637058153
1 1 59 23,88 -13,50 -157,237 1637058153
1 1 59 23,82 -13,25 -157,274 1637058154
1 1 59 23,63 -13,07 -157,267 1637058154
1 1 59 23,38 -13,00 -157,255 1637058155
1 1 59 23,13 -13,07 -157,249 1637058155
1 1 59 22,95 -13,25 -157,280 1637058155
1 1 59 22,88 -13,50 -157,261 1637058156
1 1 59 22,95 -13,75 -157,212 1637058156
1 1 59 23,13 -13,93 -157,249 1637058156
1 1 59 23,38 -14,00 -157,231 1637058157
1 1 59 23,63 -13,93 -157,219 1637058157
1 1 59 23,82 -13,75 -157,255 1637058157
1 1 60 26,08 -6,99 -157,188 1637058159
1 1 60 26,58 -6,99 -157,267 1637058159
1 1 60 26,51 -6,74 -157,261 1637058160
1 1 60 26,33 -6,56 -157,219 1637058160
1 1 60 26,08 -6,49 -157,261 1637058161
1 1 60 25,83 -6,56 -157,212 1637058162
1 1 60 25,65 -6,74 -157,237 1637058162
1 1 60 25,58 -6,99 -157,280 1637058163
1 1 60 25,65 -7,24 -157,261 1637058163
1 1 60 25,83 -7,42 -157,206 1637058163
1 1 60 26,08 -7,49 -157,219 1637058164
1 1 60 26,33 -7,42 -157,231 1637058165
1 1 60 26,51 -7,24 -157,261 1637058165
