1 1 1 4,24 4,24 -157,206 1637053671
1 1 1 4,74 4,24 -157,188 1637053672
1 1 1 4,68 4,49 -157,261 1637053672
1 1 1 4,49 4,68 -157,298 1637053672
1 1 1 4,24 4,74 -157,286 1637053673
1 1 1 3,99 4,68 -157,200 1637053674
1 1 1 3,81 4,49 -157,298 1637053674
1 1 1 3,74 4,24 -157,219 1637053675
1 1 1 3,81 3,99 -157,231 1637053675
1 1 1 3,99 3,81 -157,249 1637053675
1 1 1 4,24 3,74 -157,243 1637053676
1 1 1 4,49 3,81 -157,212 1637053677
1 1 1 4,68 3,99 -157,292 1637053677
1 1 2 3,36 12,56 -157,249 1637053678
1 1 2 3,86 12,56 -157,219 1637053678
1 1 2 3,80 12,81 -157,255 1637053678
1 1 2 3,61 12,99 -157,243 1637053679
1 1 2 3,36 13,06 -157,280 1637053679
1 1 2 3,11 12,99 -157,194 1637053680
1 1 2 2,93 12,81 -157,200 1637053680
1 1 2 2,86 12,56 -157,219 1637053681
1 1 2 2,93 12,31 -157,170 1637053681
1 1 2 3,11 12,12 -157,261 1637053681
1 1 2 3,36 12,06 -157,225 1637053682
1 1 2 3,61 12,12 -157,182 1637053682
1 1 2 3,80 12,31 -157,341 1637053683
1 1 3 9,19 9,19 -157,243 1637053684
1 1 3 9,69 9,19 -157,212 1637053684
1 1 3 9,63 9,44 -157,206 1637053685
1 1 3 9,44 9,63 -157,219 1637053685
1 1 3 9,19 9,69 -157,200 1637053686
1 1 3 8,94 9,63 -157,280 1637053686
1 1 3 8,76 9,44 -157,206 1637053687
1 1 3 8,69 9,19 -157,310 1637053687
1 1 3 8,76 8,94 -157,121 1637053688
1 1 3 8,94 8,76 -157,249 1637053688
1 1 3 9,19 8,69 -157,212 1637053689
1 1 3 9,44 8,76 -157,219 1637053689
1 1 3 9,63 8,94 -157,219 1637053689
1 1 4 12,56 3,36 -157,237 1637053690
1 1 4 13,06 3,36 -157,194 1637053691
1 1 4 12,99 3,61 -157,219 1637053691
1 1 4 12,81 3,80 -157,225 1637053691
1 1 4 12,56 3,86 -157,194 1637053692
1 1 4 12,31 3,80 -157,292 1637053692
1 1 4 12,12 3,61 -157,231 1637053693
1 1 4 12,06 3,36 -157,206 1637053693
1 1 4 12,12 3,11 -157,261 1637053693
1 1 4 12,31 2,93 -157,133 1637053694
1 1 4 12,56 2,86 -157,335 1637053695
1 1 4 12,81 2,93 -157,194 1637053695
1 1 4 12,99 3,11 -157,274 1637053695
1 1 5 19,32 5,18 -157,212 1637053696
1 1 5 19,82 5,18 -157,231 1637053697
1 1 5 19,75 5,43 -157,304 1637053698
1 1 5 19,57 5,61 -157,267 1637053698
1 1 5 19,32 5,68 -157,231 1637053698
1 1 5 19,07 5,61 -157,176 1637053699
1 1 5 18,89 5,43 -157,274 1637053699
1 1 5 18,82 5,18 -157,206 1637053700
1 1 5 18,89 4,93 -157,255 1637053700
1 1 5 19,07 4,74 -157,164 1637053701
1 1 5 19,32 4,68 -157,212 1637053701
1 1 5 19,57 4,74 -157,286 1637053702
1 1 5 19,75 4,93 -157,304 1637053702
1 1 6 17,32 10,00 -157,255 1637053703
1 1 6 17,82 10,00 -157,219 1637053704
1 1 6 17,75 10,25 -157,243 1637053704
1 1 6 17,57 10,43 -157,261 1637053705
1 1 6 17,32 10,50 -157,212 1637053705
1 1 6 17,07 10,43 -157,212 1637053706
1 1 6 16,89 10,25 -157,249 1637053706
1 1 6 16,82 10,00 -157,219 1637053707
1 1 6 16,89 9,75 -157,219 1637053707
1 1 6 17,07 9,57 -157,280 1637053708
1 1 6 17,32 9,50 -157,255 1637053708
1 1 6 17,57 9,57 -157,298 1637053708
1 1 6 17,75 9,75 -157,231 1637053709
1 1 7 14,14 14,14 -157,127 1637053710
1 1 7 14,64 14,14 -157,243 1637053710
1 1 7 14,58 14,39 -157,249 1637053710
1 1 7 14,39 14,58 -157,274 1637053711
1 1 7 14,14 14,64 -157,212 1637053711
1 1 7 13,89 14,58 -157,219 1637053711
1 1 7 13,71 14,39 -157,237 1637053712
1 1 7 13,64 14,14 -157,188 1637053712
1 1 7 13,71 13,89 -157,243 1637053713
1 1 7 13,89 13,71 -157,225 1637053713
1 1 7 14,14 13,64 -157,188 1637053713
1 1 7 14,39 13,71 -157,206 1637053714
1 1 7 14,58 13,89 -157,267 1637053714
1 1 8 10,00 17,32 -157,280 1637053715
1 1 8 10,50 17,32 -157,249 1637053716
1 1 8 10,43 17,57 -157,164 1637053716
1 1 8 10,25 17,75 -157,267 1637053717
1 1 8 10,00 17,82 -157,188 1637053717
1 1 8 9,75 17,75 -157,225 1637053718
1 1 8 9,57 17,57 -157,261 1637053718
1 1 8 9,50 17,32 -157,212 1637053719
1 1 8 9,57 17,07 -157,255 1637053719
1 1 8 9,75 16,89 -157,237 1637053720
1 1 8 10,00 16,82 -157,225 1637053720
1 1 8 10,25 16,89 -157,188 1637053721
1 1 8 10,43 17,07 -157,231 1637053721
1 1 9 5,18 19,32 -157,212 1637053722
1 1 9 5,68 19,32 -157,310 1637053722
1 1 9 5,61 19,57 -157,237 1637053723
1 1 9 5,43 19,75 -157,225 1637053723
1 1 9 5,18 19,82 -157,249 1637053724
1 1 9 4,93 19,75 -157,249 1637053725
1 1 9 4,74 19,57 -157,176 1637053725
1 1 9 4,68 19,32 -157,212 1637053725
1 1 9 4,74 19,07 -157,176 1637053726
1 1 9 4,93 18,89 -157,219 1637053726
1 1 9 5,18 18,82 -157,267 1637053727
1 1 9 5,43 18,89 -157,249 1637053728
1 1 9 5,61 19,07 -157,261 1637053728
1 1 10 -5,18 19,32 -157,225 1637053729
1 1 10 -4,68 19,32 -157,249 1637053730
1 1 10 -4,74 19,57 -157,267 1637053730
1 1 10 -4,93 19,75 -157,188 1637053730
1 1 10 -5,18 19,82 -157,212 1637053731
1 1 10 -5,43 19,75 -157,237 1637053732
1 1 10 -5,61 19,57 -157,133 1637053732
1 1 10 -5,68 19,32 -157,243 1637053733
1 1 10 -5,61 19,07 -157,286 1637053733
1 1 10 -5,43 18,89 -157,200 1637053733
1 1 10 -5,18 18,82 -157,225 1637053734
1 1 10 -4,93 18,89 -157,206 1637053735
1 1 10 -4,74 19,07 -157,212 1637053735
1 1 11 -10,00 17,32 -157,188 1637053736
1 1 11 -9,50 17,32 -157,200 1637053736
1 1 11 -9,57 17,57 -157,249 1637053737
1 1 11 -9,75 17,75 -157,225 1637053737
1 1 11 -10,00 17,82 -157,249 1637053738
1 1 11 -10,25 17,75 -157,231 1637053738
1 1 11 -10,43 17,57 -157,206 1637053739
1 1 11 -10,50 17,32 -157,212 1637053739
1 1 11 -10,43 17,07 -157,170 1637053740
1 1 11 -10,25 16,89 -157,274 1637053740
1 1 11 -10,00 16,82 -157,206 1637053741
1 1 11 -9,75 16,89 -157,225 1637053741
1 1 11 -9,57 17,07 -157,274 1637053742
1 1 12 -14,14 14,14 -157,225 1637053742
1 1 12 -13,64 14,14 -157,212 1637053743
1 1 12 -13,71 14,39 -157,225 1637053743
1 1 12 -13,89 14,58 -157,219 1637053743
1 1 12 -14,14 14,64 -157,212 1637053744
1 1 12 -14,39 14,58 -157,231 1637053744
1 1 12 -14,58 14,39 -157,231 1637053745
1 1 12 -14,64 14,14 -157,212 1637053745
1 1 12 -14,58 13,89 -157,127 1637053745
1 1 12 -14,39 13,71 -157,212 1637053746
1 1 12 -14,14 13,64 -157,225 1637053746
1 1 12 -13,89 13,71 -157,231 1637053747
1 1 12 -13,71 13,89 -157,237 1637053747
1 1 13 -17,32 10,00 -157,206 1637053748
1 1 13 -16,82 10,00 -157,280 1637053748
1 1 13 -16,89 10,25 -157,225 1637053749
1 1 13 -17,07 10,43 -157,304 1637053749
1 1 13 -17,32 10,50 -157,249 1637053749
1 1 13 -17,57 10,43 -157,237 1637053750
1 1 13 -17,75 10,25 -157,237 1637053750
1 1 13 -17,82 10,00 -157,176 1637053750
1 1 13 -17,75 9,75 -157,249 1637053751
1 1 13 -17,57 9,57 -157,243 1637053751
1 1 13 -17,32 9,50 -157,188 1637053752
1 1 13 -17,07 9,57 -157,243 1637053752
1 1 13 -16,89 9,75 -157,225 1637053753
1 1 14 -19,32 5,18 -157,261 1637053753
1 1 14 -18,82 5,18 -157,225 1637053754
1 1 14 -18,89 5,43 -157,225 1637053755
1 1 14 -19,07 5,61 -157,212 1637053755
1 1 14 -19,32 5,68 -157,255 1637053756
1 1 14 -19,57 5,61 -157,219 1637053756
1 1 14 -19,75 5,43 -157,249 1637053756
1 1 14 -19,82 5,18 -157,164 1637053757
1 1 14 -19,75 4,93 -157,212 1637053758
1 1 14 -19,57 4,74 -157,237 1637053758
1 1 14 -19,32 4,68 -157,212 1637053759
1 1 14 -19,07 4,74 -157,298 1637053759
1 1 14 -18,89 4,93 -157,267 1637053759
1 1 15 -12,56 3,36 -157,231 1637053760
1 1 15 -12,06 3,36 -157,182 1637053761
1 1 15 -12,12 3,61 -157,231 1637053761
1 1 15 -12,31 3,80 -157,194 1637053761
1 1 15 -12,56 3,86 -157,237 1637053762
1 1 15 -12,81 3,80 -157,158 1637053762
1 1 15 -12,99 3,61 -157,274 1637053762
1 1 15 -13,06 3,36 -157,280 1637053763
1 1 15 -12,99 3,11 -157,237 1637053763
1 1 15 -12,81 2,93 -157,249 1637053764
1 1 15 -12,56 2,86 -157,231 1637053764
1 1 15 -12,31 2,93 -157,280 1637053765
1 1 15 -12,12 3,11 -157,194 1637053765
1 1 16 -9,19 9,19 -157,194 1637053766
1 1 16 -8,69 9,19 -157,274 1637053766
1 1 16 -8,76 9,44 -157,286 1637053767
1 1 16 -8,94 9,63 -157,182 1637053767
1 1 16 -9,19 9,69 -157,225 1637053768
1 1 16 -9,44 9,63 -157,231 1637053768
1 1 16 -9,63 9,44 -157,286 1637053768
1 1 16 -9,69 9,19 -157,188 1637053769
1 1 16 -9,63 8,94 -157,212 1637053769
1 1 16 -9,44 8,76 -157,267 1637053769
1 1 16 -9,19 8,69 -157,249 1637053770
1 1 16 -8,94 8,76 -157,225 1637053770
1 1 16 -8,76 8,94 -157,243 1637053770
1 1 17 -3,36 12,56 -157,225 1637053771
1 1 17 -2,86 12,56 -157,231 1637053772
1 1 17 -2,93 12,81 -157,267 1637053772
1 1 17 -3,11 12,99 -157,225 1637053773
1 1 17 -3,36 13,06 -157,243 1637053773
1 1 17 -3,61 12,99 -157,243 1637053774
1 1 17 -3,80 12,81 -157,274 1637053774
1 1 17 -3,86 12,56 -157,267 1637053775
1 1 17 -3,80 12,31 -157,249 1637053775
1 1 17 -3,61 12,12 -157,212 1637053776
1 1 17 -3,36 12,06 -157,243 1637053776
1 1 17 -3,11 12,12 -157,219 1637053777
1 1 17 -2,93 12,31 -157,249 1637053777
1 1 18 -4,24 4,24 -157,280 1637053778
1 1 18 -3,74 4,24 -157,182 1637053779
1 1 18 -3,81 4,49 -157,158 1637053779
1 1 18 -3,99 4,68 -157,237 1637053780
1 1 18 -4,24 4,74 -157,280 1637053780
1 1 18 -4,49 4,68 -157,255 1637053781
1 1 18 -4,68 4,49 -157,212 1637053781
1 1 18 -4,74 4,24 -157,286 1637053782
1 1 18 -4,68 3,99 -157,298 1637053782
1 1 18 -4,49 3,81 -157,274 1637053782
1 1 18 -4,24 3,74 -157,267 1637053783
1 1 18 -3,99 3,81 -157,133 1637053783
1 1 18 -3,81 3,99 -157,292 1637053784
1 1 19 -4,24 -4,24 -157,212 1637053785
1 1 19 -3,74 -4,24 -157,231 1637053785
1 1 19 -3,81 -3,99 -157,274 1637053786
1 1 19 -3,99 -3,81 -157,249 1637053786
1 1 19 -4,24 -3,74 -157,267 1637053787
1 1 19 -4,49 -3,81 -157,188 1637053787
1 1 19 -4,68 -3,99 -157,255 1637053788
1 1 19 -4,74 -4,24 -157,237 1637053788
1 1 19 -4,68 -4,49 -157,255 1637053789
1 1 19 -4,49 -4,68 -157,243 1637053789
1 1 19 -4,24 -4,74 -157,212 1637053790
1 1 19 -3,99 -4,68 -157,274 1637053790
1 1 19 -3,81 -4,49 -157,243 1637053791
1 1 20 -3,36 -12,56 -157,243 1637053792
1 1 20 -2,86 -12,56 -157,127 1637053792
1 1 20 -2,93 -12,31 -157,219 1637053793
1 1 20 -3,11 -12,12 -157,261 1637053793
1 1 20 -3,36 -12,06 -157,194 1637053794
1 1 20 -3,61 -12,12 -157,243 1637053794
1 1 20 -3,80 -12,31 -157,231 1637053795
1 1 20 -3,86 -12,56 -157,255 1637053795
1 1 20 -3,80 -12,81 -157,225 1637053796
1 1 20 -3,61 -12,99 -157,274 1637053796
1 1 20 -3,36 -13,06 -157,267 1637053797
1 1 20 -3,11 -12,99 -157,249 1637053797
1 1 20 -2,93 -12,81 -157,188 1637053798
1 1 21 -9,19 -9,19 -157,243 1637053798
1 1 21 -8,69 -9,19 -157,274 1637053799
1 1 21 -8,76 -8,94 -157,188 1637053799
1 1 21 -8,94 -8,76 -157,164 1637053800
1 1 21 -9,19 -8,69 -157,310 1637053800
1 1 21 -9,44 -8,76 -157,267 1637053800
1 1 21 -9,63 -8,94 -157,280 1637053801
1 1 21 -9,69 -9,19 -157,261 1637053801
1 1 21 -9,63 -9,44 -157,255 1637053801
1 1 21 -9,44 -9,63 -157,225 1637053802
1 1 21 -9,19 -9,69 -157,188 1637053803
1 1 21 -8,94 -9,63 -157,237 1637053803
1 1 21 -8,76 -9,44 -157,200 1637053803
1 1 22 -12,56 -3,36 -157,188 1637053804
1 1 22 -12,06 -3,36 -157,219 1637053805
1 1 22 -12,12 -3,11 -157,225 1637053805
1 1 22 -12,31 -2,93 -157,170 1637053805
1 1 22 -12,56 -2,86 -157,249 1637053806
1 1 22 -12,81 -2,93 -157,206 1637053806
1 1 22 -12,99 -3,11 -157,261 1637053807
1 1 22 -13,06 -3,36 -157,219 1637053807
1 1 22 -12,99 -3,61 -157,212 1637053808
1 1 22 -12,81 -3,80 -157,298 1637053808
1 1 22 -12,56 -3,86 -157,237 1637053809
1 1 22 -12,31 -3,80 -157,231 1637053809
1 1 22 -12,12 -3,61 -157,231 1637053810
1 1 23 -19,32 -5,18 -157,274 1637053811
1 1 23 -18,82 -5,18 -157,188 1637053811
1 1 23 -18,89 -4,93 -157,267 1637053811
1 1 23 -19,07 -4,74 -157,212 1637053812
1 1 23 -19,32 -4,68 -157,188 1637053812
1 1 23 -19,57 -4,74 -157,225 1637053812
1 1 23 -19,75 -4,93 -157,225 1637053813
1 1 23 -19,82 -5,18 -157,219 1637053813
1 1 23 -19,75 -5,43 -157,206 1637053813
1 1 23 -19,57 -5,61 -157,237 1637053814
1 1 23 -19,32 -5,68 -157,212 1637053815
1 1 23 -19,07 -5,61 -157,304 1637053815
1 1 23 -18,89 -5,43 -157,158 1637053816
1 1 24 -17,32 -10,00 -157,286 1637053817
1 1 24 -16,82 -10,00 -157,310 1637053817
1 1 24 -16,89 -9,75 -157,231 1637053818
1 1 24 -17,07 -9,57 -157,261 1637053818
1 1 24 -17,32 -9,50 -157,188 1637053819
1 1 24 -17,57 -9,57 -157,212 1637053819
1 1 24 -17,75 -9,75 -157,255 1637053819
1 1 24 -17,82 -10,00 -157,188 1637053820
1 1 24 -17,75 -10,25 -157,353 1637053821
1 1 24 -17,57 -10,43 -157,237 1637053821
1 1 24 -17,32 -10,50 -157,274 1637053821
1 1 24 -17,07 -10,43 -157,219 1637053821
1 1 24 -16,89 -10,25 -157,292 1637053822
1 1 25 -14,14 -14,14 -157,261 1637053823
1 1 25 -13,64 -14,14 -157,206 1637053823
1 1 25 -13,71 -13,89 -157,212 1637053824
1 1 25 -13,89 -13,71 -157,231 1637053824
1 1 25 -14,14 -13,64 -157,219 1637053825
1 1 25 -14,39 -13,71 -157,225 1637053825
1 1 25 -14,58 -13,89 -157,243 1637053825
1 1 25 -14,64 -14,14 -157,255 1637053826
1 1 25 -14,58 -14,39 -157,292 1637053827
1 1 25 -14,39 -14,58 -157,206 1637053827
1 1 25 -14,14 -14,64 -157,261 1637053827
1 1 25 -13,89 -14,58 -157,249 1637053828
1 1 25 -13,71 -14,39 -157,212 1637053829
1 1 26 -10,00 -17,32 -157,249 1637053829
1 1 26 -9,50 -17,32 -157,194 1637053830
1 1 26 -9,57 -17,07 -157,267 1637053830
1 1 26 -9,75 -16,89 -157,225 1637053831
1 1 26 -10,00 -16,82 -157,225 1637053831
1 1 26 -10,25 -16,89 -157,188 1637053832
1 1 26 -10,43 -17,07 -157,304 1637053832
1 1 26 -10,50 -17,32 -157,225 1637053833
1 1 26 -10,43 -17,57 -157,200 1637053834
1 1 26 -10,25 -17,75 -157,274 1637053834
1 1 26 -10,00 -17,82 -157,261 1637053834
1 1 26 -9,75 -17,75 -157,194 1637053835
1 1 26 -9,57 -17,57 -157,298 1637053835
1 1 27 -5,18 -19,32 -157,225 1637053836
1 1 27 -4,68 -19,32 -157,225 1637053836
1 1 27 -4,74 -19,07 -157,261 1637053837
1 1 27 -4,93 -18,89 -157,182 1637053837
1 1 27 -5,18 -18,82 -157,219 1637053837
1 1 27 -5,43 -18,89 -157,225 1637053838
1 1 27 -5,61 -19,07 -157,225 1637053839
1 1 27 -5,68 -19,32 -157,212 1637053839
1 1 27 -5,61 -19,57 -157,261 1637053840
1 1 27 -5,43 -19,75 -157,261 1637053840
1 1 27 -5,18 -19,82 -157,164 1637053841
1 1 27 -4,93 -19,75 -157,188 1637053841
1 1 27 -4,74 -19,57 -157,280 1637053841
1 1 28 5,18 -19,32 -157,243 1637053842
1 1 28 5,68 -19,32 -157,231 1637053843
1 1 28 5,61 -19,07 -157,243 1637053844
1 1 28 5,43 -18,89 -157,261 1637053844
1 1 28 5,18 -18,82 -157,274 1637053845
1 1 28 4,93 -18,89 -157,225 1637053845
1 1 28 4,74 -19,07 -157,212 1637053845
1 1 28 4,68 -19,32 -157,267 1637053846
1 1 28 4,74 -19,57 -157,176 1637053847
1 1 28 4,93 -19,75 -157,200 1637053847
1 1 28 5,18 -19,82 -157,219 1637053847
1 1 28 5,43 -19,75 -157,280 1637053848
1 1 28 5,61 -19,57 -157,206 1637053848
1 1 29 10,00 -17,32 -157,335 1637053849
1 1 29 10,50 -17,32 -157,304 1637053850
1 1 29 10,43 -17,07 -157,237 1637053850
1 1 29 10,25 -16,89 -157,255 1637053851
1 1 29 10,00 -16,82 -157,286 1637053851
1 1 29 9,75 -16,89 -157,267 1637053852
1 1 29 9,57 -17,07 -157,274 1637053852
1 1 29 9,50 -17,32 -157,267 1637053853
1 1 29 9,57 -17,57 -157,212 1637053853
1 1 29 9,75 -17,75 -157,243 1637053854
1 1 29 10,00 -17,82 -157,261 1637053854
1 1 29 10,25 -17,75 -157,212 1637053855
1 1 29 10,43 -17,57 -157,237 1637053855
1 1 30 14,14 -14,14 -157,304 1637053856
1 1 30 14,64 -14,14 -157,310 1637053856
1 1 30 14,58 -13,89 -157,298 1637053857
1 1 30 14,39 -13,71 -157,194 1637053857
1 1 30 14,14 -13,64 -157,237 1637053857
1 1 30 13,89 -13,71 -157,243 1637053858
1 1 30 13,71 -13,89 -157,225 1637053858
1 1 30 13,64 -14,14 -157,261 1637053859
1 1 30 13,71 -14,39 -157,231 1637053859
1 1 30 13,89 -14,58 -157,194 1637053860
1 1 30 14,14 -14,64 -157,219 1637053861
1 1 30 14,39 -14,58 -157,298 1637053861
1 1 30 14,58 -14,39 -157,249 1637053862
1 1 31 17,32 -10,00 -157,286 1637053863
1 1 31 17,82 -10,00 -157,188 1637053863
1 1 31 17,75 -9,75 -157,286 1637053864
1 1 31 17,57 -9,57 -157,286 1637053864
1 1 31 17,32 -9,50 -157,310 1637053865
1 1 31 17,07 -9,57 -157,280 1637053865
1 1 31 16,89 -9,75 -157,225 1637053865
1 1 31 16,82 -10,00 -157,243 1637053866
1 1 31 16,89 -10,25 -157,286 1637053867
1 1 31 17,07 -10,43 -157,231 1637053867
1 1 31 17,32 -10,50 -157,261 1637053868
1 1 31 17,57 -10,43 -157,274 1637053868
1 1 31 17,75 -10,25 -157,219 1637053868
1 1 32 19,32 -5,18 -157,243 1637053869
1 1 32 19,82 -5,18 -157,212 1637053870
1 1 32 19,75 -4,93 -157,261 1637053871
1 1 32 19,57 -4,74 -157,286 1637053871
1 1 32 19,32 -4,68 -157,200 1637053872
1 1 32 19,07 -4,74 -157,219 1637053872
1 1 32 18,89 -4,93 -157,243 1637053872
1 1 32 18,82 -5,18 -157,261 1637053873
1 1 32 18,89 -5,43 -157,274 1637053874
1 1 32 19,07 -5,61 -157,280 1637053874
1 1 32 19,32 -5,68 -157,225 1637053874
1 1 32 19,57 -5,61 -157,225 1637053875
1 1 32 19,75 -5,43 -157,164 1637053875
1 1 33 12,56 -3,36 -157,219 1637053876
1 1 33 13,06 -3,36 -157,200 1637053877
1 1 33 12,99 -3,11 -157,188 1637053877
1 1 33 12,81 -2,93 -157,231 1637053877
1 1 33 12,56 -2,86 -157,261 1637053878
1 1 33 12,31 -2,93 -157,237 1637053878
1 1 33 12,12 -3,11 -157,219 1637053878
1 1 33 12,06 -3,36 -157,212 1637053879
1 1 33 12,12 -3,61 -157,261 1637053879
1 1 33 12,31 -3,80 -157,255 1637053879
1 1 33 12,56 -3,86 -157,274 1637053880
1 1 33 12,81 -3,80 -157,261 1637053880
1 1 33 12,99 -3,61 -157,237 1637053881
1 1 34 9,19 -9,19 -157,261 1637053882
1 1 34 9,69 -9,19 -157,225 1637053882
1 1 34 9,63 -8,94 -157,274 1637053882
1 1 34 9,44 -8,76 -157,219 1637053883
1 1 34 9,19 -8,69 -157,231 1637053883
1 1 34 8,94 -8,76 -157,286 1637053883
1 1 34 8,76 -8,94 -157,225 1637053884
1 1 34 8,69 -9,19 -157,255 1637053884
1 1 34 8,76 -9,44 -157,261 1637053884
1 1 34 8,94 -9,63 -157,267 1637053885
1 1 34 9,19 -9,69 -157,286 1637053885
1 1 34 9,44 -9,63 -157,206 1637053885
1 1 34 9,63 -9,44 -157,188 1637053886
1 1 35 3,36 -12,56 -157,182 1637053887
1 1 35 3,86 -12,56 -157,225 1637053888
1 1 35 3,80 -12,31 -157,212 1637053888
1 1 35 3,61 -12,12 -157,243 1637053888
1 1 35 3,36 -12,06 -157,188 1637053889
1 1 35 3,11 -12,12 -157,170 1637053890
1 1 35 2,93 -12,31 -157,231 1637053890
1 1 35 2,86 -12,56 -157,261 1637053891
1 1 35 2,93 -12,81 -157,292 1637053891
1 1 35 3,11 -12,99 -157,249 1637053891
1 1 35 3,36 -13,06 -157,255 1637053892
1 1 35 3,61 -12,99 -157,188 1637053892
1 1 35 3,80 -12,81 -157,292 1637053892
1 1 36 4,24 -4,24 -157,188 1637053894
1 1 36 4,74 -4,24 -157,194 1637053894
1 1 36 4,68 -3,99 -157,158 1637053895
1 1 36 4,49 -3,81 -157,274 1637053895
1 1 36 4,24 -3,74 -157,249 1637053896
1 1 36 3,99 -3,81 -157,212 1637053896
1 1 36 3,81 -3,99 -157,261 1637053897
1 1 36 3,74 -4,24 -157,188 1637053898
1 1 36 3,81 -4,49 -157,304 1637053898
1 1 36 3,99 -4,68 -157,206 1637053898
1 1 36 4,24 -4,74 -157,164 1637053899
1 1 36 4,49 -4,68 -157,249 1637053900
1 1 36 4,68 -4,49 -157,219 1637053900
1 1 37 27,00 0,00 -157,158 1637053902
1 1 37 27,50 0,00 -157,249 1637053902
1 1 37 27,43 0,25 -157,316 1637053903
1 1 37 27,25 0,43 -157,158 1637053903
1 1 37 27,00 0,50 -157,243 1637053904
1 1 37 26,75 0,43 -157,237 1637053904
1 1 37 26,57 0,25 -157,182 1637053905
1 1 37 26,50 0,00 -157,164 1637053905
1 1 37 26,57 -0,25 -157,133 1637053906
1 1 37 26,75 -0,43 -157,243 1637053906
1 1 37 27,00 -0,50 -157,243 1637053907
1 1 37 27,25 -0,43 -157,286 1637053907
1 1 37 27,43 -0,25 -157,200 1637053908
1 1 38 26,08 6,99 -157,066 1637053909
1 1 38 26,58 6,99 -157,182 1637053909
1 1 38 26,51 7,24 -157,158 1637053910
1 1 38 26,33 7,42 -157,249 1637053910
1 1 38 26,08 7,49 -157,121 1637053910
1 1 38 25,83 7,42 -157,249 1637053911
1 1 38 25,65 7,24 -157,243 1637053911
1 1 38 25,58 6,99 -157,133 1637053912
1 1 38 25,65 6,74 -157,194 1637053912
1 1 38 25,83 6,56 -157,206 1637053913
1 1 38 26,08 6,49 -157,182 1637053913
1 1 38 26,33 6,56 -157,328 1637053913
1 1 38 26,51 6,74 -157,298 1637053914
1 1 39 23,38 13,50 -157,188 1637053915
1 1 39 23,88 13,50 -157,274 1637053915
1 1 39 23,82 13,75 -157,237 1637053916
1 1 39 23,63 13,93 -157,225 1637053916
1 1 39 23,38 14,00 -157,243 1637053916
1 1 39 23,13 13,93 -157,225 1637053917
1 1 39 22,95 13,75 -157,292 1637053917
1 1 39 22,88 13,50 -157,261 1637053918
1 1 39 22,95 13,25 -157,231 1637053919
1 1 39 23,13 13,07 -157,267 1637053919
1 1 39 23,38 13,00 -157,231 1637053920
1 1 39 23,63 13,07 -157,280 1637053920
1 1 39 23,82 13,25 -157,286 1637053920
1 1 40 19,09 19,09 -157,176 1637053921
1 1 40 19,59 19,09 -157,212 1637053922
1 1 40 19,52 19,34 -157,219 1637053923
1 1 40 19,34 19,52 -157,231 1637053923
1 1 40 19,09 19,59 -157,280 1637053923
1 1 40 18,84 19,52 -157,200 1637053924
1 1 40 18,66 19,34 -157,219 1637053924
1 1 40 18,59 19,09 -157,237 1637053925
1 1 40 18,66 18,84 -157,212 1637053926
1 1 40 18,84 18,66 -157,188 1637053926
1 1 40 19,09 18,59 -157,237 1637053926
1 1 40 19,34 18,66 -157,255 1637053927
1 1 40 19,52 18,84 -157,267 1637053927
1 1 41 13,50 23,38 -157,243 1637053928
1 1 41 14,00 23,38 -157,151 1637053929
1 1 41 13,93 23,63 -157,261 1637053929
1 1 41 13,75 23,82 -157,255 1637053929
1 1 41 13,50 23,88 -157,225 1637053930
1 1 41 13,25 23,82 -157,243 1637053931
1 1 41 13,07 23,63 -157,176 1637053931
1 1 41 13,00 23,38 -157,231 1637053932
1 1 41 13,07 23,13 -157,206 1637053932
1 1 41 13,25 22,95 -157,194 1637053933
1 1 41 13,50 22,88 -157,212 1637053933
1 1 41 13,75 22,95 -157,182 1637053934
1 1 41 13,93 23,13 -157,212 1637053934
1 1 42 6,99 26,08 -157,212 1637053935
1 1 42 7,49 26,08 -157,255 1637053936
1 1 42 7,42 26,33 -157,249 1637053937
1 1 42 7,24 26,51 -157,225 1637053937
1 1 42 6,99 26,58 -157,188 1637053937
1 1 42 6,74 26,51 -157,212 1637053938
1 1 42 6,56 26,33 -157,212 1637053938
1 1 42 6,49 26,08 -157,249 1637053939
1 1 42 6,56 25,83 -157,212 1637053939
1 1 42 6,74 25,65 -157,151 1637053940
1 1 42 6,99 25,58 -157,335 1637053940
1 1 42 7,24 25,65 -157,225 1637053941
1 1 42 7,42 25,83 -157,200 1637053941
1 1 43 0,00 27,00 -157,164 1637053942
1 1 43 0,50 27,00 -157,231 1637053943
1 1 43 0,43 27,25 -157,231 1637053943
1 1 43 0,25 27,43 -157,188 1637053944
1 1 43 0,00 27,50 -157,225 1637053944
1 1 43 -0,25 27,43 -157,219 1637053945
1 1 43 -0,43 27,25 -157,188 1637053945
1 1 43 -0,50 27,00 -157,225 1637053946
1 1 43 -0,43 26,75 -157,219 1637053946
1 1 43 -0,25 26,57 -157,261 1637053947
1 1 43 0,00 26,50 -157,158 1637053947
1 1 43 0,25 26,57 -157,219 1637053948
1 1 43 0,43 26,75 -157,243 1637053948
1 1 44 -6,99 26,08 -157,212 1637053949
1 1 44 -6,49 26,08 -157,292 1637053949
1 1 44 -6,56 26,33 -157,225 1637053950
1 1 44 -6,74 26,51 -157,219 1637053950
1 1 44 -6,99 26,58 -157,194 1637053951
1 1 44 -7,24 26,51 -157,145 1637053952
1 1 44 -7,42 26,33 -157,219 1637053952
1 1 44 -7,49 26,08 -157,286 1637053952
1 1 44 -7,42 25,83 -157,225 1637053953
1 1 44 -7,24 25,65 -157,133 1637053953
1 1 44 -6,99 25,58 -157,274 1637053954
1 1 44 -6,74 25,65 -157,182 1637053954
1 1 44 -6,56 25,83 -157,249 1637053955
1 1 45 -13,50 23,38 -157,115 1637053956
1 1 45 -13,00 23,38 -157,158 1637053956
1 1 45 -13,07 23,63 -157,261 1637053957
1 1 45 -13,25 23,82 -157,225 1637053957
1 1 45 -13,50 23,88 -157,188 1637053958
1 1 45 -13,75 23,82 -157,219 1637053958
1 1 45 -13,93 23,63 -157,261 1637053959
1 1 45 -14,00 23,38 -157,274 1637053959
1 1 45 -13,93 23,13 -157,182 1637053960
1 1 45 -13,75 22,95 -157,225 1637053960
1 1 45 -13,50 22,88 -157,231 1637053961
1 1 45 -13,25 22,95 -157,243 1637053961
1 1 45 -13,07 23,13 -157,206 1637053961
1 1 46 -19,09 19,09 -157,212 1637053962
1 1 46 -18,59 19,09 -157,261 1637053963
1 1 46 -18,66 19,34 -157,255 1637053964
1 1 46 -18,84 19,52 -157,188 1637053964
1 1 46 -19,09 19,59 -157,261 1637053964
1 1 46 -19,34 19,52 -157,267 1637053965
1 1 46 -19,52 19,34 -157,261 1637053965
1 1 46 -19,59 19,09 -157,255 1637053966
1 1 46 -19,52 18,84 -157,225 1637053966
1 1 46 -19,34 18,66 -157,145 1637053967
1 1 46 -19,09 18,59 -157,243 1637053967
1 1 46 -18,84 18,66 -157,231 1637053968
1 1 46 -18,66 18,84 -157,225 1637053968
1 1 47 -23,38 13,50 -157,267 1637053969
1 1 47 -22,88 13,50 -157,286 1637053969
1 1 47 -22,95 13,75 -157,280 1637053970
1 1 47 -23,13 13,93 -157,225 1637053970
1 1 47 -23,38 14,00 -157,243 1637053970
1 1 47 -23,63 13,93 -157,261 1637053971
1 1 47 -23,82 13,75 -157,219 1637053971
1 1 47 -23,88 13,50 -157,200 1637053971
1 1 47 -23,82 13,25 -157,219 1637053972
1 1 47 -23,63 13,07 -157,243 1637053972
1 1 47 -23,38 13,00 -157,188 1637053973
1 1 47 -23,13 13,07 -157,231 1637053973
1 1 47 -22,95 13,25 -157,298 1637053973
1 1 48 -26,08 6,99 -157,212 1637053974
1 1 48 -25,58 6,99 -157,298 1637053975
1 1 48 -25,65 7,24 -157,096 1637053975
1 1 48 -25,83 7,42 -157,310 1637053975
1 1 48 -26,08 7,49 -157,145 1637053976
1 1 48 -26,33 7,42 -157,206 1637053976
1 1 48 -26,51 7,24 -157,316 1637053977
1 1 48 -26,58 6,99 -157,274 1637053977
1 1 48 -26,51 6,74 -157,286 1637053977
1 1 48 -26,33 6,56 -157,274 1637053978
1 1 48 -26,08 6,49 -157,243 1637053978
1 1 48 -25,83 6,56 -157,212 1637053978
1 1 48 -25,65 6,74 -157,109 1637053979
1 1 49 -27,00 0,00 -157,212 1637053980
1 1 49 -26,50 0,00 -157,194 1637053980
1 1 49 -26,57 0,25 -157,225 1637053980
1 1 49 -26,75 0,43 -157,231 1637053981
1 1 49 -27,00 0,50 -157,255 1637053982
1 1 49 -27,25 0,43 -157,109 1637053982
1 1 49 -27,43 0,25 -157,286 1637053983
1 1 49 -27,50 0,00 -157,237 1637053983
1 1 49 -27,43 -0,25 -157,274 1637053984
1 1 49 -27,25 -0,43 -157,249 1637053984
1 1 49 -27,00 -0,50 -157,225 1637053985
1 1 49 -26,75 -0,43 -157,182 1637053985
1 1 49 -26,57 -0,25 -157,249 1637053985
1 1 50 -26,08 -6,99 -157,322 1637053986
1 1 50 -25,58 -6,99 -157,225 1637053987
1 1 50 -25,65 -6,74 -157,286 1637053988
1 1 50 -25,83 -6,56 -157,225 1637053988
1 1 50 -26,08 -6,49 -157,274 1637053988
1 1 50 -26,33 -6,56 -157,194 1637053989
1 1 50 -26,51 -6,74 -157,194 1637053989
1 1 50 -26,58 -6,99 -157,243 1637053990
1 1 50 -26,51 -7,24 -157,158 1637053991
1 1 50 -26,33 -7,42 -157,237 1637053991
1 1 50 -26,08 -7,49 -157,310 1637053991
1 1 50 -25,83 -7,42 -157,231 1637053992
1 1 50 -25,65 -7,24 -157,212 1637053992
1 1 51 -23,38 -13,50 -157,225 1637053993
1 1 51 -22,88 -13,50 -157,231 1637053994
1 1 51 -22,95 -13,25 -157,225 1637053994
1 1 51 -23,13 -13,07 -157,237 1637053995
1 1 51 -23,38 -13,00 -157,212 1637053995
1 1 51 -23,63 -13,07 -157,249 1637053995
1 1 51 -23,82 -13,25 -157,243 1637053996
1 1 51 -23,88 -13,50 -157,176 1637053996
1 1 51 -23,82 -13,75 -157,316 1637053996
1 1 51 -23,63 -13,93 -157,231 1637053997
1 1 51 -23,38 -14,00 -157,261 1637053997
1 1 51 -23,13 -13,93 -157,237 1637053998
1 1 51 -22,95 -13,75 -157,237 1637053998
1 1 52 -19,09 -19,09 -157,164 1637053999
1 1 52 -18,59 -19,09 -157,261 1637054000
1 1 52 -18,66 -18,84 -157,225 1637054000
1 1 52 -18,84 -18,66 -157,206 1637054000
1 1 52 -19,09 -18,59 -157,261 1637054001
1 1 52 -19,34 -18,66 -157,243 1637054002
1 1 52 -19,52 -18,84 -157,255 1637054002
1 1 52 -19,59 -19,09 -157,194 1637054002
1 1 52 -19,52 -19,34 -157,206 1637054003
1 1 52 -19,34 -19,52 -157,261 1637054003
1 1 52 -19,09 -19,59 -157,194 1637054004
1 1 52 -18,84 -19,52 -157,225 1637054005
1 1 52 -18,66 -19,34 -157,243 1637054005
1 1 53 -13,50 -23,38 -157,280 1637054006
1 1 53 -13,00 -23,38 -157,261 1637054006
1 1 53 -13,07 -23,13 -157,243 1637054006
1 1 53 -13,25 -22,95 -157,243 1637054007
1 1 53 -13,50 -22,88 -157,261 1637054007
1 1 53 -13,75 -22,95 -157,267 1637054008
1 1 53 -13,93 -23,13 -157,243 1637054008
1 1 53 -14,00 -23,38 -157,212 1637054009
1 1 53 -13,93 -23,63 -157,237 1637054010
1 1 53 -13,75 -23,82 -157,231 1637054010
1 1 53 -13,50 -23,88 -157,231 1637054010
1 1 53 -13,25 -23,82 -157,280 1637054011
1 1 53 -13,07 -23,63 -157,164 1637054011
1 1 54 -6,99 -26,08 -157,212 1637054012
1 1 54 -6,49 -26,08 -157,219 1637054013
1 1 54 -6,56 -25,83 -157,206 1637054014
1 1 54 -6,74 -25,65 -157,225 1637054014
1 1 54 -6,99 -25,58 -157,249 1637054014
1 1 54 -7,24 -25,65 -157,267 1637054015
1 1 54 -7,42 -25,83 -157,286 1637054015
1 1 54 -7,49 -26,08 -157,274 1637054016
1 1 54 -7,42 -26,33 -157,267 1637054016
1 1 54 -7,24 -26,51 -157,212 1637054017
1 1 54 -6,99 -26,58 -157,212 1637054017
1 1 54 -6,74 -26,51 -157,237 1637054018
1 1 54 -6,56 -26,33 -157,274 1637054018
1 1 55 -0,00 -27,00 -157,249 1637054019
1 1 55 0,50 -27,00 -157,243 1637054020
1 1 55 0,43 -26,75 -157,249 1637054020
1 1 55 0,25 -26,57 -157,280 1637054020
1 1 55 -0,00 -26,50 -157,243 1637054021
1 1 55 -0,25 -26,57 -157,286 1637054022
1 1 55 -0,43 -26,75 -157,274 1637054022
1 1 55 -0,50 -27,00 -157,267 1637054023
1 1 55 -0,43 -27,25 -157,194 1637054023
1 1 55 -0,25 -27,43 -157,243 1637054024
1 1 55 -0,00 -27,50 -157,274 1637054024
1 1 55 0,25 -27,43 -157,212 1637054025
1 1 55 0,43 -27,25 -157,231 1637054025
1 1 56 6,99 -26,08 -157,292 1637054026
1 1 56 7,49 -26,08 -157,304 1637054027
1 1 56 7,42 -25,83 -157,237 1637054027
1 1 56 7,24 -25,65 -157,280 1637054028
1 1 56 6,99 -25,58 -157,255 1637054028
1 1 56 6,74 -25,65 -157,225 1637054029
1 1 56 6,56 -25,83 -157,328 1637054029
1 1 56 6,49 -26,08 -157,280 1637054030
1 1 56 6,56 -26,33 -157,206 1637054030
1 1 56 6,74 -26,51 -157,231 1637054030
1 1 56 6,99 -26,58 -157,225 1637054031
1 1 56 7,24 -26,51 -157,280 1637054032
1 1 56 7,42 -26,33 -157,335 1637054032
1 1 57 13,50 -23,38 -157,219 1637054033
1 1 57 14,00 -23,38 -157,274 1637054034
1 1 57 13,93 -23,13 -157,225 1637054034
1 1 57 13,75 -22,95 -157,182 1637054035
1 1 57 13,50 -22,88 -157,316 1637054035
1 1 57 13,25 -22,95 -157,322 1637054036
1 1 57 13,07 -23,13 -157,188 1637054036
1 1 57 13,00 -23,38 -157,231 1637054037
1 1 57 13,07 -23,63 -157,274 1637054037
1 1 57 13,25 -23,82 -157,249 1637054038
1 1 57 13,50 -23,88 -157,231 1637054038
1 1 57 13,75 -23,82 -157,261 1637054039
1 1 57 13,93 -23,63 -157,237 1637054039
1 1 58 19,09 -19,09 -157,274 1637054040
1 1 58 19,59 -19,09 -157,237 1637054040
1 1 58 19,52 -18,84 -157,225 1637054041
1 1 58 19,34 -18,66 -157,219 1637054041
1 1 58 19,09 -18,59 -157,139 1637054042
1 1 58 18,84 -18,66 -157,225 1637054043
1 1 58 18,66 -18,84 -157,231 1637054043
1 1 58 18,59 -19,09 -157,225 1637054043
1 1 58 18,66 -19,34 -157,286 1637054044
1 1 58 18,84 -19,52 -157,145 1637054044
1 1 58 19,09 -19,59 -157,298 1637054044
1 1 58 19,34 -19,52 -157,194 1637054045
1 1 58 19,52 -19,34 -157,304 1637054045
1 1 59 23,38 -13,50 -157,164 1637054046
1 1 59 23,88 -13,50 -157,243 1637054046
1 1 59 23,82 -13,25 -157,286 1637054047
1 1 59 23,63 -13,07 -157,267 1637054047
1 1 59 23,38 -13,00 -157,255 1637054047
1 1 59 23,13 -13,07 -157,249 1637054048
1 1 59 22,95 -13,25 -157,286 1637054048
1 1 59 22,88 -13,50 -157,274 1637054049
1 1 59 22,95 -13,75 -157,212 1637054050
1 1 59 23,13 -13,93 -157,249 1637054050
1 1 59 23,38 -14,00 -157,231 1637054050
1 1 59 23,63 -13,93 -157,212 1637054051
1 1 59 23,82 -13,75 -157,261 1637054051
1 1 60 26,08 -6,99 -157,188 1637054052
1 1 60 26,58 -6,99 -157,267 1637054053
1 1 60 26,51 -6,74 -157,261 1637054054
1 1 60 26,33 -6,56 -157,225 1637054054
1 1 60 26,08 -6,49 -157,267 1637054054
1 1 60 25,83 -6,56 -157,212 1637054055
1 1 60 25,65 -6,74 -157,243 1637054055
1 1 60 25,58 -6,99 -157,280 1637054056
1 1 60 25,65 -7,24 -157,261 1637054057
1 1 60 25,83 -7,42 -157,200 1637054057
1 1 60 26,08 -7,49 -157,219 1637054057
1 1 60 26,33 -7,42 -157,231 1637054058
1 1 60 26,51 -7,24 -157,267 1637054058
