1 1 1 4,24 4,24 -156,968 1646385532
1 1 1 4,74 4,24 -156,987 1646385533
1 1 1 4,68 4,49 -157,042 1646385533
1 1 1 4,49 4,68 -156,987 1646385534
1 1 1 4,24 4,74 -156,907 1646385534
1 1 1 3,99 4,68 -156,926 1646385535
1 1 1 3,81 4,49 -156,871 1646385536
1 1 1 3,74 4,24 -156,962 1646385536
1 1 1 3,81 3,99 -156,950 1646385536
1 1 1 3,99 3,81 -156,956 1646385536
1 1 1 4,24 3,74 -156,932 1646385537
1 1 1 4,49 3,81 -156,962 1646385537
1 1 1 4,68 3,99 -156,950 1646385537
1 1 2 3,36 12,56 -156,816 1646385538
1 1 2 3,86 12,56 -156,962 1646385539
1 1 2 3,80 12,81 -157,017 1646385539
1 1 2 3,61 12,99 -156,907 1646385539
1 1 2 3,36 13,06 -156,865 1646385539
1 1 2 3,11 12,99 -156,889 1646385539
1 1 2 2,93 12,81 -156,950 1646385540
1 1 2 2,86 12,56 -156,926 1646385540
1 1 2 2,93 12,31 -156,871 1646385540
1 1 2 3,11 12,12 -156,968 1646385540
1 1 2 3,36 12,06 -156,962 1646385541
1 1 2 3,61 12,12 -157,005 1646385541
1 1 2 3,80 12,31 -156,895 1646385541
1 1 3 9,19 9,19 -156,987 1646385542
1 1 3 9,69 9,19 -156,938 1646385542
1 1 3 9,63 9,44 -156,871 1646385543
1 1 3 9,44 9,63 -156,913 1646385543
1 1 3 9,19 9,69 -156,981 1646385543
1 1 3 8,94 9,63 -156,974 1646385543
1 1 3 8,76 9,44 -156,944 1646385544
1 1 3 8,69 9,19 -156,907 1646385544
1 1 3 8,76 8,94 -156,944 1646385544
1 1 3 8,94 8,76 -156,981 1646385544
1 1 3 9,19 8,69 -156,987 1646385544
1 1 3 9,44 8,76 -156,932 1646385545
1 1 3 9,63 8,94 -156,944 1646385545
1 1 4 12,56 3,36 -156,913 1646385546
1 1 4 13,06 3,36 -156,938 1646385546
1 1 4 12,99 3,61 -156,974 1646385546
1 1 4 12,81 3,80 -156,913 1646385547
1 1 4 12,56 3,86 -156,938 1646385547
1 1 4 12,31 3,80 -156,919 1646385547
1 1 4 12,12 3,61 -156,938 1646385548
1 1 4 12,06 3,36 -156,956 1646385548
1 1 4 12,12 3,11 -156,907 1646385548
1 1 4 12,31 2,93 -156,889 1646385548
1 1 4 12,56 2,86 -156,950 1646385549
1 1 4 12,81 2,93 -156,907 1646385549
1 1 4 12,99 3,11 -156,950 1646385549
1 1 5 19,32 5,18 -157,011 1646385551
1 1 5 19,82 5,18 -156,956 1646385551
1 1 5 19,75 5,43 -156,956 1646385551
1 1 5 19,57 5,61 -156,919 1646385552
1 1 5 19,32 5,68 -156,883 1646385553
1 1 5 19,07 5,61 -156,938 1646385553
1 1 5 18,89 5,43 -156,889 1646385553
1 1 5 18,82 5,18 -156,938 1646385554
1 1 5 18,89 4,93 -156,901 1646385555
1 1 5 19,07 4,74 -156,962 1646385555
1 1 5 19,32 4,68 -156,913 1646385555
1 1 5 19,57 4,74 -156,932 1646385556
1 1 5 19,75 4,93 -156,987 1646385556
1 1 6 17,32 10,00 -156,993 1646385557
1 1 6 17,82 10,00 -156,871 1646385557
1 1 6 17,75 10,25 -156,919 1646385558
1 1 6 17,57 10,43 -156,932 1646385558
1 1 6 17,32 10,50 -156,926 1646385559
1 1 6 17,07 10,43 -156,950 1646385560
1 1 6 16,89 10,25 -156,950 1646385560
1 1 6 16,82 10,00 -156,968 1646385561
1 1 6 16,89 9,75 -156,932 1646385561
1 1 6 17,07 9,57 -156,895 1646385561
1 1 6 17,32 9,50 -156,993 1646385562
1 1 6 17,57 9,57 -156,993 1646385563
1 1 6 17,75 9,75 -156,926 1646385563
1 1 7 14,14 14,14 -156,919 1646385564
1 1 7 14,64 14,14 -156,938 1646385564
1 1 7 14,58 14,39 -156,981 1646385564
1 1 7 14,39 14,58 -156,907 1646385565
1 1 7 14,14 14,64 -156,950 1646385565
1 1 7 13,89 14,58 -156,981 1646385565
1 1 7 13,71 14,39 -156,944 1646385566
1 1 7 13,64 14,14 -156,987 1646385567
1 1 7 13,71 13,89 -156,944 1646385567
1 1 7 13,89 13,71 -156,938 1646385567
1 1 7 14,14 13,64 -156,883 1646385568
1 1 7 14,39 13,71 -156,901 1646385569
1 1 7 14,58 13,89 -156,950 1646385569
1 1 8 10,00 17,32 -156,938 1646385570
1 1 8 10,50 17,32 -156,938 1646385570
1 1 8 10,43 17,57 -156,938 1646385570
1 1 8 10,25 17,75 -156,858 1646385571
1 1 8 10,00 17,82 -156,993 1646385571
1 1 8 9,75 17,75 -156,907 1646385571
1 1 8 9,57 17,57 -156,913 1646385572
1 1 8 9,50 17,32 -156,944 1646385573
1 1 8 9,57 17,07 -156,919 1646385573
1 1 8 9,75 16,89 -156,962 1646385573
1 1 8 10,00 16,82 -156,950 1646385574
1 1 8 10,25 16,89 -156,956 1646385575
1 1 8 10,43 17,07 -156,926 1646385575
1 1 9 5,18 19,32 -156,938 1646385576
1 1 9 5,68 19,32 -156,913 1646385576
1 1 9 5,61 19,57 -156,895 1646385577
1 1 9 5,43 19,75 -156,938 1646385577
1 1 9 5,18 19,82 -156,938 1646385578
1 1 9 4,93 19,75 -156,889 1646385578
1 1 9 4,74 19,57 -156,901 1646385579
1 1 9 4,68 19,32 -156,944 1646385579
1 1 9 4,74 19,07 -156,932 1646385580
1 1 9 4,93 18,89 -156,974 1646385580
1 1 9 5,18 18,82 -156,944 1646385581
1 1 9 5,43 18,89 -156,962 1646385581
1 1 9 5,61 19,07 -156,968 1646385582
1 1 10 -5,18 19,32 -156,962 1646385583
1 1 10 -4,68 19,32 -156,926 1646385583
1 1 10 -4,74 19,57 -156,950 1646385584
1 1 10 -4,93 19,75 -156,907 1646385584
1 1 10 -5,18 19,82 -156,950 1646385585
1 1 10 -5,43 19,75 -156,981 1646385585
1 1 10 -5,61 19,57 -156,950 1646385586
1 1 10 -5,68 19,32 -156,981 1646385586
1 1 10 -5,61 19,07 -157,017 1646385587
1 1 10 -5,43 18,89 -156,956 1646385587
1 1 10 -5,18 18,82 -156,950 1646385588
1 1 10 -4,93 18,89 -157,011 1646385588
1 1 10 -4,74 19,07 -156,944 1646385588
1 1 11 -10,00 17,32 -156,944 1646385589
1 1 11 -9,50 17,32 -156,993 1646385590
1 1 11 -9,57 17,57 -156,993 1646385590
1 1 11 -9,75 17,75 -156,907 1646385590
1 1 11 -10,00 17,82 -156,907 1646385591
1 1 11 -10,25 17,75 -156,968 1646385591
1 1 11 -10,43 17,57 -156,987 1646385591
1 1 11 -10,50 17,32 -156,926 1646385592
1 1 11 -10,43 17,07 -156,913 1646385592
1 1 11 -10,25 16,89 -157,005 1646385593
1 1 11 -10,00 16,82 -156,926 1646385593
1 1 11 -9,75 16,89 -156,968 1646385594
1 1 11 -9,57 17,07 -156,968 1646385594
1 1 12 -14,14 14,14 -157,017 1646385595
1 1 12 -13,64 14,14 -156,962 1646385596
1 1 12 -13,71 14,39 -156,913 1646385596
1 1 12 -13,89 14,58 -156,950 1646385597
1 1 12 -14,14 14,64 -156,999 1646385597
1 1 12 -14,39 14,58 -156,974 1646385598
1 1 12 -14,58 14,39 -156,846 1646385598
1 1 12 -14,64 14,14 -156,919 1646385599
1 1 12 -14,58 13,89 -156,962 1646385599
1 1 12 -14,39 13,71 -156,987 1646385600
1 1 12 -14,14 13,64 -156,956 1646385600
1 1 12 -13,89 13,71 -156,938 1646385601
1 1 12 -13,71 13,89 -156,932 1646385601
1 1 13 -17,32 10,00 -156,938 1646385602
1 1 13 -16,82 10,00 -157,017 1646385603
1 1 13 -16,89 10,25 -156,950 1646385603
1 1 13 -17,07 10,43 -157,029 1646385603
1 1 13 -17,32 10,50 -156,999 1646385604
1 1 13 -17,57 10,43 -156,938 1646385604
1 1 13 -17,75 10,25 -156,962 1646385605
1 1 13 -17,82 10,00 -156,981 1646385605
1 1 13 -17,75 9,75 -156,968 1646385606
1 1 13 -17,57 9,57 -156,981 1646385606
1 1 13 -17,32 9,50 -156,993 1646385607
1 1 13 -17,07 9,57 -156,981 1646385608
1 1 13 -16,89 9,75 -156,956 1646385608
1 1 14 -19,32 5,18 -157,017 1646385609
1 1 14 -18,82 5,18 -157,005 1646385609
1 1 14 -18,89 5,43 -156,968 1646385609
1 1 14 -19,07 5,61 -156,926 1646385610
1 1 14 -19,32 5,68 -156,993 1646385611
1 1 14 -19,57 5,61 -156,834 1646385611
1 1 14 -19,75 5,43 -156,907 1646385611
1 1 14 -19,82 5,18 -156,932 1646385612
1 1 14 -19,75 4,93 -156,901 1646385612
1 1 14 -19,57 4,74 -156,944 1646385613
1 1 14 -19,32 4,68 -156,932 1646385613
1 1 14 -19,07 4,74 -156,956 1646385614
1 1 14 -18,89 4,93 -156,993 1646385614
1 1 15 -12,56 3,36 -156,944 1646385615
1 1 15 -12,06 3,36 -156,974 1646385616
1 1 15 -12,12 3,61 -156,956 1646385616
1 1 15 -12,31 3,80 -156,938 1646385617
1 1 15 -12,56 3,86 -156,944 1646385617
1 1 15 -12,81 3,80 -156,938 1646385618
1 1 15 -12,99 3,61 -156,858 1646385618
1 1 15 -13,06 3,36 -156,968 1646385619
1 1 15 -12,99 3,11 -156,950 1646385619
1 1 15 -12,81 2,93 -156,974 1646385619
1 1 15 -12,56 2,86 -156,993 1646385620
1 1 15 -12,31 2,93 -156,938 1646385621
1 1 15 -12,12 3,11 -156,993 1646385621
1 1 16 -9,19 9,19 -156,993 1646385622
1 1 16 -8,69 9,19 -156,938 1646385622
1 1 16 -8,76 9,44 -157,121 1646385622
1 1 16 -8,94 9,63 -156,932 1646385623
1 1 16 -9,19 9,69 -156,907 1646385624
1 1 16 -9,44 9,63 -156,974 1646385624
1 1 16 -9,63 9,44 -156,950 1646385625
1 1 16 -9,69 9,19 -156,962 1646385625
1 1 16 -9,63 8,94 -157,005 1646385626
1 1 16 -9,44 8,76 -156,938 1646385626
1 1 16 -9,19 8,69 -156,962 1646385627
1 1 16 -8,94 8,76 -156,993 1646385627
1 1 16 -8,76 8,94 -156,871 1646385628
1 1 17 -3,36 12,56 -156,950 1646385628
1 1 17 -2,86 12,56 -156,950 1646385629
1 1 17 -2,93 12,81 -156,950 1646385630
1 1 17 -3,11 12,99 -156,950 1646385630
1 1 17 -3,36 13,06 -156,950 1646385631
1 1 17 -3,61 12,99 -156,962 1646385631
1 1 17 -3,80 12,81 -156,919 1646385632
1 1 17 -3,86 12,56 -156,981 1646385632
1 1 17 -3,80 12,31 -156,944 1646385633
1 1 17 -3,61 12,12 -156,974 1646385633
1 1 17 -3,36 12,06 -156,981 1646385634
1 1 17 -3,11 12,12 -156,950 1646385634
1 1 17 -2,93 12,31 -157,023 1646385634
1 1 18 -4,24 4,24 -156,999 1646385635
1 1 18 -3,74 4,24 -156,956 1646385636
1 1 18 -3,81 4,49 -156,932 1646385636
1 1 18 -3,99 4,68 -156,981 1646385637
1 1 18 -4,24 4,74 -156,926 1646385637
1 1 18 -4,49 4,68 -157,005 1646385638
1 1 18 -4,68 4,49 -156,950 1646385638
1 1 18 -4,74 4,24 -156,919 1646385639
1 1 18 -4,68 3,99 -156,987 1646385639
1 1 18 -4,49 3,81 -156,865 1646385640
1 1 18 -4,24 3,74 -156,950 1646385640
1 1 18 -3,99 3,81 -156,968 1646385641
1 1 18 -3,81 3,99 -156,968 1646385641
1 1 19 -4,24 -4,24 -157,005 1646385642
1 1 19 -3,74 -4,24 -157,023 1646385642
1 1 19 -3,81 -3,99 -156,999 1646385643
1 1 19 -3,99 -3,81 -156,956 1646385643
1 1 19 -4,24 -3,74 -156,938 1646385644
1 1 19 -4,49 -3,81 -156,968 1646385644
1 1 19 -4,68 -3,99 -156,950 1646385645
1 1 19 -4,74 -4,24 -156,993 1646385645
1 1 19 -4,68 -4,49 -157,005 1646385646
1 1 19 -4,49 -4,68 -156,938 1646385646
1 1 19 -4,24 -4,74 -156,950 1646385647
1 1 19 -3,99 -4,68 -156,919 1646385647
1 1 19 -3,81 -4,49 -156,968 1646385647
1 1 20 -3,36 -12,56 -156,968 1646385648
1 1 20 -2,86 -12,56 -156,944 1646385649
1 1 20 -2,93 -12,31 -156,938 1646385649
1 1 20 -3,11 -12,12 -156,919 1646385649
1 1 20 -3,36 -12,06 -157,011 1646385650
1 1 20 -3,61 -12,12 -156,883 1646385650
1 1 20 -3,80 -12,31 -156,962 1646385650
1 1 20 -3,86 -12,56 -156,981 1646385651
1 1 20 -3,80 -12,81 -156,944 1646385651
1 1 20 -3,61 -12,99 -156,950 1646385652
1 1 20 -3,36 -13,06 -156,907 1646385652
1 1 20 -3,11 -12,99 -156,987 1646385653
1 1 20 -2,93 -12,81 -156,968 1646385653
1 1 21 -9,19 -9,19 -157,011 1646385654
1 1 21 -8,69 -9,19 -156,987 1646385655
1 1 21 -8,76 -8,94 -156,981 1646385655
1 1 21 -8,94 -8,76 -156,950 1646385655
1 1 21 -9,19 -8,69 -156,944 1646385656
1 1 21 -9,44 -8,76 -156,938 1646385656
1 1 21 -9,63 -8,94 -156,907 1646385656
1 1 21 -9,69 -9,19 -156,913 1646385657
1 1 21 -9,63 -9,44 -156,913 1646385657
1 1 21 -9,44 -9,63 -156,956 1646385657
1 1 21 -9,19 -9,69 -156,987 1646385658
1 1 21 -8,94 -9,63 -156,889 1646385658
1 1 21 -8,76 -9,44 -156,993 1646385659
1 1 22 -12,56 -3,36 -156,950 1646385660
1 1 22 -12,06 -3,36 -157,023 1646385660
1 1 22 -12,12 -3,11 -157,048 1646385660
1 1 22 -12,31 -2,93 -157,005 1646385661
1 1 22 -12,56 -2,86 -156,968 1646385661
1 1 22 -12,81 -2,93 -156,919 1646385662
1 1 22 -12,99 -3,11 -156,993 1646385662
1 1 22 -13,06 -3,36 -156,907 1646385662
1 1 22 -12,99 -3,61 -156,932 1646385663
1 1 22 -12,81 -3,80 -156,993 1646385663
1 1 22 -12,56 -3,86 -156,889 1646385663
1 1 22 -12,31 -3,80 -156,962 1646385664
1 1 22 -12,12 -3,61 -156,974 1646385664
1 1 23 -19,32 -5,18 -156,907 1646385665
1 1 23 -18,82 -5,18 -156,926 1646385666
1 1 23 -18,89 -4,93 -156,901 1646385666
1 1 23 -19,07 -4,74 -156,981 1646385667
1 1 23 -19,32 -4,68 -156,956 1646385667
1 1 23 -19,57 -4,74 -156,987 1646385668
1 1 23 -19,75 -4,93 -156,956 1646385668
1 1 23 -19,82 -5,18 -156,932 1646385669
1 1 23 -19,75 -5,43 -156,944 1646385669
1 1 23 -19,57 -5,61 -156,828 1646385670
1 1 23 -19,32 -5,68 -156,926 1646385670
1 1 23 -19,07 -5,61 -156,938 1646385671
1 1 23 -18,89 -5,43 -156,956 1646385671
1 1 24 -17,32 -10,00 -156,974 1646385672
1 1 24 -16,82 -10,00 -156,999 1646385672
1 1 24 -16,89 -9,75 -156,999 1646385673
1 1 24 -17,07 -9,57 -156,956 1646385673
1 1 24 -17,32 -9,50 -156,944 1646385673
1 1 24 -17,57 -9,57 -156,907 1646385674
1 1 24 -17,75 -9,75 -156,919 1646385674
1 1 24 -17,82 -10,00 -156,993 1646385674
1 1 24 -17,75 -10,25 -156,901 1646385675
1 1 24 -17,57 -10,43 -157,042 1646385675
1 1 24 -17,32 -10,50 -157,109 1646385676
1 1 24 -17,07 -10,43 -156,919 1646385677
1 1 24 -16,89 -10,25 -156,962 1646385677
1 1 25 -14,14 -14,14 -156,950 1646385678
1 1 25 -13,64 -14,14 -156,889 1646385678
1 1 25 -13,71 -13,89 -156,895 1646385679
1 1 25 -13,89 -13,71 -156,950 1646385679
1 1 25 -14,14 -13,64 -156,950 1646385680
1 1 25 -14,39 -13,71 -156,865 1646385680
1 1 25 -14,58 -13,89 -156,956 1646385681
1 1 25 -14,64 -14,14 -156,877 1646385681
1 1 25 -14,58 -14,39 -156,956 1646385682
1 1 25 -14,39 -14,58 -156,913 1646385682
1 1 25 -14,14 -14,64 -156,987 1646385682
1 1 25 -13,89 -14,58 -156,956 1646385683
1 1 25 -13,71 -14,39 -156,950 1646385683
1 1 26 -10,00 -17,32 -156,993 1646385684
1 1 26 -9,50 -17,32 -157,005 1646385685
1 1 26 -9,57 -17,07 -157,005 1646385685
1 1 26 -9,75 -16,89 -156,938 1646385686
1 1 26 -10,00 -16,82 -156,956 1646385686
1 1 26 -10,25 -16,89 -156,962 1646385687
1 1 26 -10,43 -17,07 -156,987 1646385687
1 1 26 -10,50 -17,32 -156,913 1646385687
1 1 26 -10,43 -17,57 -156,938 1646385688
1 1 26 -10,25 -17,75 -156,968 1646385688
1 1 26 -10,00 -17,82 -156,919 1646385689
1 1 26 -9,75 -17,75 -156,993 1646385689
1 1 26 -9,57 -17,57 -156,938 1646385690
1 1 27 -5,18 -19,32 -156,932 1646385690
1 1 27 -4,68 -19,32 -156,956 1646385691
1 1 27 -4,74 -19,07 -156,913 1646385691
1 1 27 -4,93 -18,89 -156,950 1646385692
1 1 27 -5,18 -18,82 -156,907 1646385692
1 1 27 -5,43 -18,89 -156,987 1646385693
1 1 27 -5,61 -19,07 -156,938 1646385693
1 1 27 -5,68 -19,32 -156,944 1646385694
1 1 27 -5,61 -19,57 -156,919 1646385694
1 1 27 -5,43 -19,75 -156,993 1646385695
1 1 27 -5,18 -19,82 -156,926 1646385695
1 1 27 -4,93 -19,75 -156,993 1646385696
1 1 27 -4,74 -19,57 -156,962 1646385696
1 1 28 5,18 -19,32 -156,846 1646385697
1 1 28 5,68 -19,32 -156,907 1646385698
1 1 28 5,61 -19,07 -156,938 1646385698
1 1 28 5,43 -18,89 -156,950 1646385698
1 1 28 5,18 -18,82 -156,907 1646385699
1 1 28 4,93 -18,89 -156,944 1646385700
1 1 28 4,74 -19,07 -156,883 1646385700
1 1 28 4,68 -19,32 -156,956 1646385700
1 1 28 4,74 -19,57 -156,950 1646385701
1 1 28 4,93 -19,75 -156,956 1646385701
1 1 28 5,18 -19,82 -156,932 1646385702
1 1 28 5,43 -19,75 -156,944 1646385703
1 1 28 5,61 -19,57 -156,907 1646385703
1 1 29 10,00 -17,32 -156,950 1646385704
1 1 29 10,50 -17,32 -156,987 1646385705
1 1 29 10,43 -17,07 -156,993 1646385705
1 1 29 10,25 -16,89 -156,913 1646385705
1 1 29 10,00 -16,82 -156,932 1646385706
1 1 29 9,75 -16,89 -156,987 1646385707
1 1 29 9,57 -17,07 -156,871 1646385707
1 1 29 9,50 -17,32 -157,011 1646385707
1 1 29 9,57 -17,57 -156,950 1646385708
1 1 29 9,75 -17,75 -156,950 1646385708
1 1 29 10,00 -17,82 -156,981 1646385709
1 1 29 10,25 -17,75 -156,913 1646385709
1 1 29 10,43 -17,57 -156,999 1646385710
1 1 30 14,14 -14,14 -156,883 1646385710
1 1 30 14,64 -14,14 -156,950 1646385711
1 1 30 14,58 -13,89 -156,950 1646385711
1 1 30 14,39 -13,71 -156,981 1646385712
1 1 30 14,14 -13,64 -156,981 1646385712
1 1 30 13,89 -13,71 -156,938 1646385713
1 1 30 13,71 -13,89 -156,907 1646385713
1 1 30 13,64 -14,14 -156,938 1646385714
1 1 30 13,71 -14,39 -156,938 1646385714
1 1 30 13,89 -14,58 -156,950 1646385715
1 1 30 14,14 -14,64 -156,999 1646385715
1 1 30 14,39 -14,58 -156,913 1646385716
1 1 30 14,58 -14,39 -156,901 1646385716
1 1 31 17,32 -10,00 -156,950 1646385717
1 1 31 17,82 -10,00 -156,950 1646385718
1 1 31 17,75 -9,75 -156,987 1646385718
1 1 31 17,57 -9,57 -156,871 1646385718
1 1 31 17,32 -9,50 -156,938 1646385719
1 1 31 17,07 -9,57 -156,956 1646385720
1 1 31 16,89 -9,75 -156,932 1646385720
1 1 31 16,82 -10,00 -156,956 1646385720
1 1 31 16,89 -10,25 -156,950 1646385721
1 1 31 17,07 -10,43 -156,901 1646385721
1 1 31 17,32 -10,50 -156,871 1646385722
1 1 31 17,57 -10,43 -156,987 1646385722
1 1 31 17,75 -10,25 -157,005 1646385723
1 1 32 19,32 -5,18 -156,913 1646385723
1 1 32 19,82 -5,18 -156,907 1646385724
1 1 32 19,75 -4,93 -156,913 1646385724
1 1 32 19,57 -4,74 -156,944 1646385724
1 1 32 19,32 -4,68 -157,035 1646385725
1 1 32 19,07 -4,74 -156,913 1646385725
1 1 32 18,89 -4,93 -156,944 1646385726
1 1 32 18,82 -5,18 -156,962 1646385726
1 1 32 18,89 -5,43 -156,956 1646385727
1 1 32 19,07 -5,61 -156,956 1646385727
1 1 32 19,32 -5,68 -156,938 1646385728
1 1 32 19,57 -5,61 -157,017 1646385729
1 1 32 19,75 -5,43 -156,987 1646385729
1 1 33 12,56 -3,36 -156,981 1646385730
1 1 33 13,06 -3,36 -156,950 1646385730
1 1 33 12,99 -3,11 -157,005 1646385731
1 1 33 12,81 -2,93 -156,877 1646385731
1 1 33 12,56 -2,86 -156,956 1646385732
1 1 33 12,31 -2,93 -156,913 1646385733
1 1 33 12,12 -3,11 -156,926 1646385733
1 1 33 12,06 -3,36 -156,950 1646385733
1 1 33 12,12 -3,61 -156,938 1646385734
1 1 33 12,31 -3,80 -156,987 1646385734
1 1 33 12,56 -3,86 -156,950 1646385735
1 1 33 12,81 -3,80 -156,901 1646385735
1 1 33 12,99 -3,61 -156,919 1646385736
1 1 34 9,19 -9,19 -156,944 1646385737
1 1 34 9,69 -9,19 -156,938 1646385737
1 1 34 9,63 -8,94 -156,938 1646385737
1 1 34 9,44 -8,76 -156,913 1646385738
1 1 34 9,19 -8,69 -156,993 1646385739
1 1 34 8,94 -8,76 -156,987 1646385739
1 1 34 8,76 -8,94 -156,938 1646385739
1 1 34 8,69 -9,19 -156,962 1646385740
1 1 34 8,76 -9,44 -156,944 1646385740
1 1 34 8,94 -9,63 -156,932 1646385741
1 1 34 9,19 -9,69 -156,974 1646385741
1 1 34 9,44 -9,63 -156,932 1646385741
1 1 34 9,63 -9,44 -156,944 1646385742
1 1 35 3,36 -12,56 -157,078 1646385743
1 1 35 3,86 -12,56 -156,895 1646385744
1 1 35 3,80 -12,31 -156,999 1646385744
1 1 35 3,61 -12,12 -156,950 1646385744
1 1 35 3,36 -12,06 -157,066 1646385745
1 1 35 3,11 -12,12 -156,919 1646385746
1 1 35 2,93 -12,31 -156,883 1646385746
1 1 35 2,86 -12,56 -156,974 1646385746
1 1 35 2,93 -12,81 -156,907 1646385747
1 1 35 3,11 -12,99 -156,981 1646385747
1 1 35 3,36 -13,06 -156,987 1646385748
1 1 35 3,61 -12,99 -156,926 1646385748
1 1 35 3,80 -12,81 -156,889 1646385749
1 1 36 4,24 -4,24 -156,962 1646385750
1 1 36 4,74 -4,24 -157,023 1646385750
1 1 36 4,68 -3,99 -157,029 1646385750
1 1 36 4,49 -3,81 -156,981 1646385751
1 1 36 4,24 -3,74 -156,950 1646385752
1 1 36 3,99 -3,81 -156,981 1646385752
1 1 36 3,81 -3,99 -156,938 1646385753
1 1 36 3,74 -4,24 -156,926 1646385753
1 1 36 3,81 -4,49 -156,944 1646385754
1 1 36 3,99 -4,68 -156,913 1646385754
1 1 36 4,24 -4,74 -156,968 1646385755
1 1 36 4,49 -4,68 -156,913 1646385755
1 1 36 4,68 -4,49 -156,968 1646385755
1 1 37 27,00 0,00 -156,944 1646385757
1 1 37 27,50 0,00 -156,883 1646385758
1 1 37 27,43 0,25 -156,962 1646385758
1 1 37 27,25 0,43 -156,938 1646385759
1 1 37 27,00 0,50 -156,950 1646385759
1 1 37 26,75 0,43 -157,035 1646385760
1 1 37 26,57 0,25 -156,858 1646385760
1 1 37 26,50 0,00 -156,938 1646385761
1 1 37 26,57 -0,25 -156,950 1646385761
1 1 37 26,75 -0,43 -156,987 1646385761
1 1 37 27,00 -0,50 -156,932 1646385762
1 1 37 27,25 -0,43 -156,987 1646385763
1 1 37 27,43 -0,25 -156,974 1646385763
1 1 38 26,08 6,99 -156,950 1646385764
1 1 38 26,58 6,99 -156,865 1646385764
1 1 38 26,51 7,24 -156,950 1646385765
1 1 38 26,33 7,42 -156,871 1646385765
1 1 38 26,08 7,49 -156,956 1646385765
1 1 38 25,83 7,42 -156,962 1646385766
1 1 38 25,65 7,24 -156,956 1646385766
1 1 38 25,58 6,99 -156,938 1646385766
1 1 38 25,65 6,74 -156,956 1646385767
1 1 38 25,83 6,56 -156,956 1646385767
1 1 38 26,08 6,49 -156,871 1646385767
1 1 38 26,33 6,56 -156,932 1646385768
1 1 38 26,51 6,74 -156,773 1646385768
1 1 39 23,38 13,50 -156,938 1646385769
1 1 39 23,88 13,50 -156,938 1646385770
1 1 39 23,82 13,75 -156,987 1646385770
1 1 39 23,63 13,93 -156,962 1646385770
1 1 39 23,38 14,00 -156,938 1646385771
1 1 39 23,13 13,93 -156,938 1646385771
1 1 39 22,95 13,75 -156,962 1646385772
1 1 39 22,88 13,50 -156,968 1646385772
1 1 39 22,95 13,25 -156,968 1646385773
1 1 39 23,13 13,07 -156,895 1646385773
1 1 39 23,38 13,00 -156,950 1646385774
1 1 39 23,63 13,07 -156,956 1646385775
1 1 39 23,82 13,25 -156,919 1646385775
1 1 40 19,09 19,09 -156,877 1646385776
1 1 40 19,59 19,09 -156,956 1646385776
1 1 40 19,52 19,34 -156,883 1646385777
1 1 40 19,34 19,52 -156,919 1646385777
1 1 40 19,09 19,59 -156,944 1646385778
1 1 40 18,84 19,52 -156,895 1646385778
1 1 40 18,66 19,34 -157,011 1646385778
1 1 40 18,59 19,09 -156,871 1646385779
1 1 40 18,66 18,84 -156,944 1646385780
1 1 40 18,84 18,66 -156,950 1646385780
1 1 40 19,09 18,59 -156,950 1646385781
1 1 40 19,34 18,66 -156,987 1646385781
1 1 40 19,52 18,84 -156,999 1646385781
1 1 41 13,50 23,38 -156,950 1646385782
1 1 41 14,00 23,38 -156,981 1646385783
1 1 41 13,93 23,63 -156,987 1646385783
1 1 41 13,75 23,82 -156,938 1646385784
1 1 41 13,50 23,88 -156,938 1646385784
1 1 41 13,25 23,82 -156,974 1646385785
1 1 41 13,07 23,63 -156,877 1646385785
1 1 41 13,00 23,38 -156,993 1646385786
1 1 41 13,07 23,13 -156,932 1646385786
1 1 41 13,25 22,95 -156,913 1646385787
1 1 41 13,50 22,88 -156,901 1646385787
1 1 41 13,75 22,95 -156,901 1646385788
1 1 41 13,93 23,13 -156,987 1646385788
1 1 42 6,99 26,08 -156,938 1646385789
1 1 42 7,49 26,08 -156,974 1646385789
1 1 42 7,42 26,33 -156,999 1646385790
1 1 42 7,24 26,51 -156,944 1646385790
1 1 42 6,99 26,58 -156,938 1646385790
1 1 42 6,74 26,51 -156,938 1646385791
1 1 42 6,56 26,33 -157,017 1646385791
1 1 42 6,49 26,08 -156,938 1646385791
1 1 42 6,56 25,83 -156,877 1646385792
1 1 42 6,74 25,65 -157,017 1646385792
1 1 42 6,99 25,58 -156,987 1646385793
1 1 42 7,24 25,65 -156,932 1646385794
1 1 42 7,42 25,83 -156,895 1646385794
1 1 43 0,00 27,00 -156,974 1646385795
1 1 43 0,50 27,00 -156,950 1646385795
1 1 43 0,43 27,25 -156,987 1646385796
1 1 43 0,25 27,43 -156,932 1646385796
1 1 43 0,00 27,50 -156,913 1646385797
1 1 43 -0,25 27,43 -156,926 1646385797
1 1 43 -0,43 27,25 -156,907 1646385798
1 1 43 -0,50 27,00 -156,962 1646385798
1 1 43 -0,43 26,75 -156,987 1646385799
1 1 43 -0,25 26,57 -156,944 1646385799
1 1 43 0,00 26,50 -156,974 1646385800
1 1 43 0,25 26,57 -156,901 1646385800
1 1 43 0,43 26,75 -156,987 1646385801
1 1 44 -6,99 26,08 -156,913 1646385801
1 1 44 -6,49 26,08 -156,907 1646385802
1 1 44 -6,56 26,33 -156,993 1646385803
1 1 44 -6,74 26,51 -156,907 1646385803
1 1 44 -6,99 26,58 -156,956 1646385804
1 1 44 -7,24 26,51 -156,889 1646385804
1 1 44 -7,42 26,33 -156,938 1646385804
1 1 44 -7,49 26,08 -156,834 1646385805
1 1 44 -7,42 25,83 -156,877 1646385806
1 1 44 -7,24 25,65 -156,938 1646385806
1 1 44 -6,99 25,58 -156,968 1646385807
1 1 44 -6,74 25,65 -156,938 1646385807
1 1 44 -6,56 25,83 -156,962 1646385807
1 1 45 -13,50 23,38 -156,932 1646385808
1 1 45 -13,00 23,38 -156,938 1646385809
1 1 45 -13,07 23,63 -156,956 1646385810
1 1 45 -13,25 23,82 -156,956 1646385810
1 1 45 -13,50 23,88 -156,987 1646385811
1 1 45 -13,75 23,82 -156,938 1646385811
1 1 45 -13,93 23,63 -157,023 1646385811
1 1 45 -14,00 23,38 -156,944 1646385812
1 1 45 -13,93 23,13 -156,999 1646385813
1 1 45 -13,75 22,95 -156,993 1646385813
1 1 45 -13,50 22,88 -156,999 1646385813
1 1 45 -13,25 22,95 -156,919 1646385814
1 1 45 -13,07 23,13 -156,913 1646385814
1 1 46 -19,09 19,09 -156,938 1646385815
1 1 46 -18,59 19,09 -156,944 1646385815
1 1 46 -18,66 19,34 -156,987 1646385816
1 1 46 -18,84 19,52 -156,950 1646385816
1 1 46 -19,09 19,59 -156,950 1646385817
1 1 46 -19,34 19,52 -156,932 1646385818
1 1 46 -19,52 19,34 -156,944 1646385818
1 1 46 -19,59 19,09 -157,005 1646385819
1 1 46 -19,52 18,84 -156,926 1646385819
1 1 46 -19,34 18,66 -156,993 1646385819
1 1 46 -19,09 18,59 -156,993 1646385820
1 1 46 -18,84 18,66 -156,987 1646385821
1 1 46 -18,66 18,84 -156,993 1646385821
1 1 47 -23,38 13,50 -156,968 1646385822
1 1 47 -22,88 13,50 -156,999 1646385822
1 1 47 -22,95 13,75 -156,993 1646385822
1 1 47 -23,13 13,93 -156,944 1646385823
1 1 47 -23,38 14,00 -156,913 1646385824
1 1 47 -23,63 13,93 -156,926 1646385824
1 1 47 -23,82 13,75 -156,987 1646385825
1 1 47 -23,88 13,50 -156,938 1646385825
1 1 47 -23,82 13,25 -156,895 1646385826
1 1 47 -23,63 13,07 -157,060 1646385826
1 1 47 -23,38 13,00 -156,950 1646385827
1 1 47 -23,13 13,07 -156,956 1646385827
1 1 47 -22,95 13,25 -156,956 1646385827
1 1 48 -26,08 6,99 -157,139 1646385828
1 1 48 -25,58 6,99 -156,865 1646385829
1 1 48 -25,65 7,24 -156,950 1646385830
1 1 48 -25,83 7,42 -156,932 1646385830
1 1 48 -26,08 7,49 -157,133 1646385830
1 1 48 -26,33 7,42 -156,718 1646385831
1 1 48 -26,51 7,24 -156,956 1646385831
1 1 48 -26,58 6,99 -156,956 1646385832
1 1 48 -26,51 6,74 -156,956 1646385832
1 1 48 -26,33 6,56 -156,919 1646385833
1 1 48 -26,08 6,49 -156,944 1646385833
1 1 48 -25,83 6,56 -156,938 1646385834
1 1 48 -25,65 6,74 -156,926 1646385834
1 1 49 -27,00 0,00 -156,974 1646385835
1 1 49 -26,50 0,00 -156,932 1646385835
1 1 49 -26,57 0,25 -156,993 1646385836
1 1 49 -26,75 0,43 -156,913 1646385836
1 1 49 -27,00 0,50 -156,883 1646385837
1 1 49 -27,25 0,43 -156,981 1646385838
1 1 49 -27,43 0,25 -156,981 1646385838
1 1 49 -27,50 0,00 -156,974 1646385838
1 1 49 -27,43 -0,25 -156,981 1646385839
1 1 49 -27,25 -0,43 -156,895 1646385839
1 1 49 -27,00 -0,50 -156,968 1646385840
1 1 49 -26,75 -0,43 -156,987 1646385840
1 1 49 -26,57 -0,25 -156,962 1646385841
1 1 50 -26,08 -6,99 -156,993 1646385842
1 1 50 -25,58 -6,99 -156,987 1646385842
1 1 50 -25,65 -6,74 -157,054 1646385843
1 1 50 -25,83 -6,56 -156,822 1646385843
1 1 50 -26,08 -6,49 -156,974 1646385844
1 1 50 -26,33 -6,56 -157,029 1646385844
1 1 50 -26,51 -6,74 -156,871 1646385845
1 1 50 -26,58 -6,99 -156,944 1646385845
1 1 50 -26,51 -7,24 -156,999 1646385846
1 1 50 -26,33 -7,42 -156,993 1646385846
1 1 50 -26,08 -7,49 -156,907 1646385846
1 1 50 -25,83 -7,42 -156,840 1646385847
1 1 50 -25,65 -7,24 -157,078 1646385848
1 1 51 -23,38 -13,50 -156,968 1646385848
1 1 51 -22,88 -13,50 -156,895 1646385849
1 1 51 -22,95 -13,25 -156,938 1646385849
1 1 51 -23,13 -13,07 -157,017 1646385850
1 1 51 -23,38 -13,00 -156,987 1646385850
1 1 51 -23,63 -13,07 -156,999 1646385850
1 1 51 -23,82 -13,25 -156,938 1646385851
1 1 51 -23,88 -13,50 -156,981 1646385851
1 1 51 -23,82 -13,75 -157,042 1646385852
1 1 51 -23,63 -13,93 -156,968 1646385852
1 1 51 -23,38 -14,00 -156,932 1646385852
1 1 51 -23,13 -13,93 -156,950 1646385853
1 1 51 -22,95 -13,75 -156,938 1646385853
1 1 52 -19,09 -19,09 -156,944 1646385854
1 1 52 -18,59 -19,09 -156,974 1646385855
1 1 52 -18,66 -18,84 -156,987 1646385856
1 1 52 -18,84 -18,66 -157,011 1646385856
1 1 52 -19,09 -18,59 -156,919 1646385856
1 1 52 -19,34 -18,66 -156,944 1646385857
1 1 52 -19,52 -18,84 -156,919 1646385857
1 1 52 -19,59 -19,09 -156,950 1646385858
1 1 52 -19,52 -19,34 -156,956 1646385858
1 1 52 -19,34 -19,52 -156,993 1646385859
1 1 52 -19,09 -19,59 -156,883 1646385859
1 1 52 -18,84 -19,52 -156,944 1646385860
1 1 52 -18,66 -19,34 -156,932 1646385860
1 1 53 -13,50 -23,38 -156,907 1646385861
1 1 53 -13,00 -23,38 -156,871 1646385861
1 1 53 -13,07 -23,13 -156,987 1646385861
1 1 53 -13,25 -22,95 -156,950 1646385862
1 1 53 -13,50 -22,88 -156,987 1646385862
1 1 53 -13,75 -22,95 -156,950 1646385863
1 1 53 -13,93 -23,13 -157,029 1646385863
1 1 53 -14,00 -23,38 -157,035 1646385863
1 1 53 -13,93 -23,63 -156,950 1646385864
1 1 53 -13,75 -23,82 -156,981 1646385864
1 1 53 -13,50 -23,88 -156,962 1646385864
1 1 53 -13,25 -23,82 -156,956 1646385865
1 1 53 -13,07 -23,63 -156,938 1646385865
1 1 54 -6,99 -26,08 -156,981 1646385866
1 1 54 -6,49 -26,08 -156,962 1646385867
1 1 54 -6,56 -25,83 -156,938 1646385867
1 1 54 -6,74 -25,65 -156,950 1646385867
1 1 54 -6,99 -25,58 -156,907 1646385868
1 1 54 -7,24 -25,65 -156,913 1646385869
1 1 54 -7,42 -25,83 -156,950 1646385869
1 1 54 -7,49 -26,08 -156,950 1646385869
1 1 54 -7,42 -26,33 -156,974 1646385870
1 1 54 -7,24 -26,51 -156,956 1646385870
1 1 54 -6,99 -26,58 -156,938 1646385871
1 1 54 -6,74 -26,51 -156,974 1646385872
1 1 54 -6,56 -26,33 -156,950 1646385872
1 1 55 -0,00 -27,00 -156,993 1646385873
1 1 55 0,50 -27,00 -156,950 1646385873
1 1 55 0,43 -26,75 -156,944 1646385873
1 1 55 0,25 -26,57 -156,962 1646385874
1 1 55 -0,00 -26,50 -156,901 1646385874
1 1 55 -0,25 -26,57 -156,950 1646385874
1 1 55 -0,43 -26,75 -156,981 1646385875
1 1 55 -0,50 -27,00 -156,999 1646385875
1 1 55 -0,43 -27,25 -156,950 1646385876
1 1 55 -0,25 -27,43 -156,956 1646385876
1 1 55 -0,00 -27,50 -156,932 1646385876
1 1 55 0,25 -27,43 -156,932 1646385877
1 1 55 0,43 -27,25 -156,944 1646385877
1 1 56 6,99 -26,08 -156,913 1646385878
1 1 56 7,49 -26,08 -156,858 1646385879
1 1 56 7,42 -25,83 -156,956 1646385879
1 1 56 7,24 -25,65 -156,987 1646385880
1 1 56 6,99 -25,58 -156,932 1646385880
1 1 56 6,74 -25,65 -156,907 1646385881
1 1 56 6,56 -25,83 -156,938 1646385881
1 1 56 6,49 -26,08 -156,889 1646385882
1 1 56 6,56 -26,33 -156,944 1646385882
1 1 56 6,74 -26,51 -156,938 1646385883
1 1 56 6,99 -26,58 -157,005 1646385883
1 1 56 7,24 -26,51 -156,962 1646385884
1 1 56 7,42 -26,33 -156,968 1646385884
1 1 57 13,50 -23,38 -156,944 1646385885
1 1 57 14,00 -23,38 -156,987 1646385885
1 1 57 13,93 -23,13 -156,950 1646385886
1 1 57 13,75 -22,95 -156,999 1646385886
1 1 57 13,50 -22,88 -156,950 1646385886
1 1 57 13,25 -22,95 -157,005 1646385887
1 1 57 13,07 -23,13 -157,005 1646385887
1 1 57 13,00 -23,38 -156,950 1646385887
1 1 57 13,07 -23,63 -156,974 1646385888
1 1 57 13,25 -23,82 -156,938 1646385888
1 1 57 13,50 -23,88 -157,005 1646385889
1 1 57 13,75 -23,82 -156,938 1646385889
1 1 57 13,93 -23,63 -156,987 1646385889
1 1 58 19,09 -19,09 -156,932 1646385890
1 1 58 19,59 -19,09 -156,938 1646385891
1 1 58 19,52 -18,84 -156,883 1646385891
1 1 58 19,34 -18,66 -156,913 1646385892
1 1 58 19,09 -18,59 -156,950 1646385892
1 1 58 18,84 -18,66 -157,035 1646385893
1 1 58 18,66 -18,84 -156,883 1646385893
1 1 58 18,59 -19,09 -156,974 1646385894
1 1 58 18,66 -19,34 -156,993 1646385894
1 1 58 18,84 -19,52 -156,932 1646385894
1 1 58 19,09 -19,59 -156,944 1646385895
1 1 58 19,34 -19,52 -156,871 1646385896
1 1 58 19,52 -19,34 -156,889 1646385896
1 1 59 23,38 -13,50 -156,901 1646385897
1 1 59 23,88 -13,50 -156,999 1646385897
1 1 59 23,82 -13,25 -156,913 1646385898
1 1 59 23,63 -13,07 -156,987 1646385898
1 1 59 23,38 -13,00 -156,926 1646385899
1 1 59 23,13 -13,07 -156,944 1646385899
1 1 59 22,95 -13,25 -156,944 1646385900
1 1 59 22,88 -13,50 -156,993 1646385900
1 1 59 22,95 -13,75 -156,987 1646385901
1 1 59 23,13 -13,93 -156,974 1646385901
1 1 59 23,38 -14,00 -156,913 1646385902
1 1 59 23,63 -13,93 -156,962 1646385902
1 1 59 23,82 -13,75 -156,901 1646385902
1 1 60 26,08 -6,99 -156,974 1646385903
1 1 60 26,58 -6,99 -156,956 1646385904
1 1 60 26,51 -6,74 -156,950 1646385904
1 1 60 26,33 -6,56 -156,999 1646385905
1 1 60 26,08 -6,49 -156,956 1646385905
1 1 60 25,83 -6,56 -157,005 1646385905
1 1 60 25,65 -6,74 -156,950 1646385906
1 1 60 25,58 -6,99 -156,950 1646385907
1 1 60 25,65 -7,24 -156,938 1646385907
1 1 60 25,83 -7,42 -156,944 1646385907
1 1 60 26,08 -7,49 -156,962 1646385908
1 1 60 26,33 -7,42 -156,987 1646385909
1 1 60 26,51 -7,24 -156,950 1646385909
