1 1 1 4,24 4,24 -156,974 1646383042
1 1 1 4,74 4,24 -156,987 1646383042
1 1 1 4,68 4,49 -157,060 1646383042
1 1 1 4,49 4,68 -156,999 1646383043
1 1 1 4,24 4,74 -156,907 1646383044
1 1 1 3,99 4,68 -156,932 1646383044
1 1 1 3,81 4,49 -156,883 1646383045
1 1 1 3,74 4,24 -156,981 1646383045
1 1 1 3,81 3,99 -156,981 1646383045
1 1 1 3,99 3,81 -156,962 1646383045
1 1 1 4,24 3,74 -156,938 1646383046
1 1 1 4,49 3,81 -156,974 1646383046
1 1 1 4,68 3,99 -156,950 1646383046
1 1 2 3,36 12,56 -156,828 1646383047
1 1 2 3,86 12,56 -156,974 1646383048
1 1 2 3,80 12,81 -157,023 1646383048
1 1 2 3,61 12,99 -156,913 1646383048
1 1 2 3,36 13,06 -156,871 1646383048
1 1 2 3,11 12,99 -156,895 1646383049
1 1 2 2,93 12,81 -156,950 1646383049
1 1 2 2,86 12,56 -156,938 1646383049
1 1 2 2,93 12,31 -156,883 1646383049
1 1 2 3,11 12,12 -156,974 1646383050
1 1 2 3,36 12,06 -156,962 1646383050
1 1 2 3,61 12,12 -157,029 1646383050
1 1 2 3,80 12,31 -156,907 1646383050
1 1 3 9,19 9,19 -156,993 1646383051
1 1 3 9,69 9,19 -156,938 1646383051
1 1 3 9,63 9,44 -156,877 1646383052
1 1 3 9,44 9,63 -156,926 1646383052
1 1 3 9,19 9,69 -156,987 1646383052
1 1 3 8,94 9,63 -156,987 1646383052
1 1 3 8,76 9,44 -156,944 1646383053
1 1 3 8,69 9,19 -156,926 1646383053
1 1 3 8,76 8,94 -156,950 1646383053
1 1 3 8,94 8,76 -156,987 1646383053
1 1 3 9,19 8,69 -156,999 1646383054
1 1 3 9,44 8,76 -156,938 1646383054
1 1 3 9,63 8,94 -156,950 1646383054
1 1 4 12,56 3,36 -156,926 1646383055
1 1 4 13,06 3,36 -156,938 1646383055
1 1 4 12,99 3,61 -156,987 1646383056
1 1 4 12,81 3,80 -156,926 1646383056
1 1 4 12,56 3,86 -156,944 1646383056
1 1 4 12,31 3,80 -156,932 1646383057
1 1 4 12,12 3,61 -156,944 1646383057
1 1 4 12,06 3,36 -156,974 1646383058
1 1 4 12,12 3,11 -156,938 1646383059
1 1 4 12,31 2,93 -156,913 1646383059
1 1 4 12,56 2,86 -156,956 1646383059
1 1 4 12,81 2,93 -156,907 1646383059
1 1 4 12,99 3,11 -156,950 1646383060
1 1 5 19,32 5,18 -157,023 1646383061
1 1 5 19,82 5,18 -156,962 1646383061
1 1 5 19,75 5,43 -156,968 1646383061
1 1 5 19,57 5,61 -156,932 1646383061
1 1 5 19,32 5,68 -156,883 1646383062
1 1 5 19,07 5,61 -156,944 1646383062
1 1 5 18,89 5,43 -156,901 1646383062
1 1 5 18,82 5,18 -156,938 1646383062
1 1 5 18,89 4,93 -156,938 1646383063
1 1 5 19,07 4,74 -156,974 1646383063
1 1 5 19,32 4,68 -156,926 1646383063
1 1 5 19,57 4,74 -156,938 1646383063
1 1 5 19,75 4,93 -156,993 1646383064
1 1 6 17,32 10,00 -156,999 1646383064
1 1 6 17,82 10,00 -156,883 1646383065
1 1 6 17,75 10,25 -156,944 1646383065
1 1 6 17,57 10,43 -156,938 1646383065
1 1 6 17,32 10,50 -156,938 1646383066
1 1 6 17,07 10,43 -156,950 1646383066
1 1 6 16,89 10,25 -156,950 1646383066
1 1 6 16,82 10,00 -156,962 1646383066
1 1 6 16,89 9,75 -156,913 1646383066
1 1 6 17,07 9,57 -156,907 1646383067
1 1 6 17,32 9,50 -156,999 1646383067
1 1 6 17,57 9,57 -156,999 1646383067
1 1 6 17,75 9,75 -156,938 1646383067
1 1 7 14,14 14,14 -156,932 1646383068
1 1 7 14,64 14,14 -156,944 1646383069
1 1 7 14,58 14,39 -156,968 1646383069
1 1 7 14,39 14,58 -156,907 1646383070
1 1 7 14,14 14,64 -156,968 1646383070
1 1 7 13,89 14,58 -156,987 1646383070
1 1 7 13,71 14,39 -156,944 1646383071
1 1 7 13,64 14,14 -156,981 1646383071
1 1 7 13,71 13,89 -156,944 1646383071
1 1 7 13,89 13,71 -156,938 1646383072
1 1 7 14,14 13,64 -156,913 1646383073
1 1 7 14,39 13,71 -156,907 1646383073
1 1 7 14,58 13,89 -156,962 1646383073
1 1 8 10,00 17,32 -156,944 1646383074
1 1 8 10,50 17,32 -156,950 1646383075
1 1 8 10,43 17,57 -156,938 1646383075
1 1 8 10,25 17,75 -156,865 1646383076
1 1 8 10,00 17,82 -156,999 1646383076
1 1 8 9,75 17,75 -156,907 1646383077
1 1 8 9,57 17,57 -156,926 1646383077
1 1 8 9,50 17,32 -156,950 1646383078
1 1 8 9,57 17,07 -156,919 1646383078
1 1 8 9,75 16,89 -156,981 1646383079
1 1 8 10,00 16,82 -156,950 1646383079
1 1 8 10,25 16,89 -156,956 1646383080
1 1 8 10,43 17,07 -156,932 1646383080
1 1 9 5,18 19,32 -156,950 1646383081
1 1 9 5,68 19,32 -156,926 1646383082
1 1 9 5,61 19,57 -156,907 1646383082
1 1 9 5,43 19,75 -156,938 1646383082
1 1 9 5,18 19,82 -156,944 1646383083
1 1 9 4,93 19,75 -156,901 1646383084
1 1 9 4,74 19,57 -156,907 1646383084
1 1 9 4,68 19,32 -156,950 1646383084
1 1 9 4,74 19,07 -156,938 1646383085
1 1 9 4,93 18,89 -156,987 1646383085
1 1 9 5,18 18,82 -156,950 1646383086
1 1 9 5,43 18,89 -156,968 1646383087
1 1 9 5,61 19,07 -156,987 1646383087
1 1 10 -5,18 19,32 -156,974 1646383088
1 1 10 -4,68 19,32 -156,938 1646383089
1 1 10 -4,74 19,57 -156,956 1646383089
1 1 10 -4,93 19,75 -156,913 1646383089
1 1 10 -5,18 19,82 -156,950 1646383090
1 1 10 -5,43 19,75 -156,987 1646383090
1 1 10 -5,61 19,57 -156,950 1646383091
1 1 10 -5,68 19,32 -156,987 1646383091
1 1 10 -5,61 19,07 -157,029 1646383092
1 1 10 -5,43 18,89 -156,962 1646383092
1 1 10 -5,18 18,82 -156,950 1646383093
1 1 10 -4,93 18,89 -157,023 1646383094
1 1 10 -4,74 19,07 -156,950 1646383094
1 1 11 -10,00 17,32 -156,950 1646383095
1 1 11 -9,50 17,32 -157,005 1646383095
1 1 11 -9,57 17,57 -156,993 1646383095
1 1 11 -9,75 17,75 -156,907 1646383096
1 1 11 -10,00 17,82 -156,926 1646383097
1 1 11 -10,25 17,75 -156,987 1646383097
1 1 11 -10,43 17,57 -156,987 1646383097
1 1 11 -10,50 17,32 -156,944 1646383098
1 1 11 -10,43 17,07 -156,932 1646383098
1 1 11 -10,25 16,89 -157,011 1646383099
1 1 11 -10,00 16,82 -156,938 1646383099
1 1 11 -9,75 16,89 -156,981 1646383100
1 1 11 -9,57 17,07 -156,987 1646383100
1 1 12 -14,14 14,14 -157,029 1646383101
1 1 12 -13,64 14,14 -156,968 1646383102
1 1 12 -13,71 14,39 -156,932 1646383102
1 1 12 -13,89 14,58 -156,974 1646383102
1 1 12 -14,14 14,64 -157,011 1646383103
1 1 12 -14,39 14,58 -156,987 1646383104
1 1 12 -14,58 14,39 -156,852 1646383104
1 1 12 -14,64 14,14 -156,932 1646383105
1 1 12 -14,58 13,89 -156,968 1646383105
1 1 12 -14,39 13,71 -156,993 1646383105
1 1 12 -14,14 13,64 -156,968 1646383106
1 1 12 -13,89 13,71 -156,944 1646383107
1 1 12 -13,71 13,89 -156,938 1646383107
1 1 13 -17,32 10,00 -156,944 1646383108
1 1 13 -16,82 10,00 -157,023 1646383108
1 1 13 -16,89 10,25 -156,956 1646383109
1 1 13 -17,07 10,43 -157,035 1646383109
1 1 13 -17,32 10,50 -157,011 1646383110
1 1 13 -17,57 10,43 -156,950 1646383110
1 1 13 -17,75 10,25 -156,974 1646383110
1 1 13 -17,82 10,00 -156,987 1646383111
1 1 13 -17,75 9,75 -156,981 1646383112
1 1 13 -17,57 9,57 -156,987 1646383112
1 1 13 -17,32 9,50 -157,005 1646383112
1 1 13 -17,07 9,57 -156,987 1646383113
1 1 13 -16,89 9,75 -156,962 1646383113
1 1 14 -19,32 5,18 -157,023 1646383114
1 1 14 -18,82 5,18 -157,005 1646383115
1 1 14 -18,89 5,43 -156,981 1646383115
1 1 14 -19,07 5,61 -156,938 1646383116
1 1 14 -19,32 5,68 -156,999 1646383116
1 1 14 -19,57 5,61 -156,840 1646383117
1 1 14 -19,75 5,43 -156,907 1646383117
1 1 14 -19,82 5,18 -156,938 1646383118
1 1 14 -19,75 4,93 -156,907 1646383118
1 1 14 -19,57 4,74 -156,950 1646383119
1 1 14 -19,32 4,68 -156,938 1646383119
1 1 14 -19,07 4,74 -156,968 1646383120
1 1 14 -18,89 4,93 -156,999 1646383120
1 1 15 -12,56 3,36 -156,950 1646383121
1 1 15 -12,06 3,36 -156,981 1646383121
1 1 15 -12,12 3,61 -156,981 1646383122
1 1 15 -12,31 3,80 -156,944 1646383122
1 1 15 -12,56 3,86 -156,950 1646383122
1 1 15 -12,81 3,80 -156,938 1646383123
1 1 15 -12,99 3,61 -156,871 1646383123
1 1 15 -13,06 3,36 -156,981 1646383124
1 1 15 -12,99 3,11 -156,950 1646383125
1 1 15 -12,81 2,93 -156,987 1646383125
1 1 15 -12,56 2,86 -156,993 1646383125
1 1 15 -12,31 2,93 -156,944 1646383126
1 1 15 -12,12 3,11 -156,999 1646383126
1 1 16 -9,19 9,19 -156,993 1646383127
1 1 16 -8,69 9,19 -156,944 1646383128
1 1 16 -8,76 9,44 -157,121 1646383128
1 1 16 -8,94 9,63 -156,938 1646383129
1 1 16 -9,19 9,69 -156,907 1646383129
1 1 16 -9,44 9,63 -156,987 1646383130
1 1 16 -9,63 9,44 -156,956 1646383130
1 1 16 -9,69 9,19 -156,974 1646383131
1 1 16 -9,63 8,94 -157,011 1646383131
1 1 16 -9,44 8,76 -156,944 1646383131
1 1 16 -9,19 8,69 -156,974 1646383132
1 1 16 -8,94 8,76 -156,999 1646383133
1 1 16 -8,76 8,94 -156,871 1646383133
1 1 17 -3,36 12,56 -156,950 1646383134
1 1 17 -2,86 12,56 -156,962 1646383134
1 1 17 -2,93 12,81 -156,956 1646383135
1 1 17 -3,11 12,99 -156,950 1646383135
1 1 17 -3,36 13,06 -156,950 1646383136
1 1 17 -3,61 12,99 -156,968 1646383137
1 1 17 -3,80 12,81 -156,932 1646383137
1 1 17 -3,86 12,56 -156,987 1646383137
1 1 17 -3,80 12,31 -156,944 1646383138
1 1 17 -3,61 12,12 -156,987 1646383138
1 1 17 -3,36 12,06 -156,987 1646383139
1 1 17 -3,11 12,12 -156,950 1646383140
1 1 17 -2,93 12,31 -157,017 1646383140
1 1 18 -4,24 4,24 -157,005 1646383141
1 1 18 -3,74 4,24 -156,962 1646383141
1 1 18 -3,81 4,49 -156,938 1646383141
1 1 18 -3,99 4,68 -156,987 1646383142
1 1 18 -4,24 4,74 -156,938 1646383142
1 1 18 -4,49 4,68 -157,011 1646383142
1 1 18 -4,68 4,49 -156,956 1646383142
1 1 18 -4,74 4,24 -156,913 1646383143
1 1 18 -4,68 3,99 -156,987 1646383143
1 1 18 -4,49 3,81 -156,865 1646383143
1 1 18 -4,24 3,74 -156,950 1646383143
1 1 18 -3,99 3,81 -156,981 1646383144
1 1 18 -3,81 3,99 -156,974 1646383144
1 1 19 -4,24 -4,24 -157,017 1646383145
1 1 19 -3,74 -4,24 -157,023 1646383145
1 1 19 -3,81 -3,99 -157,005 1646383145
1 1 19 -3,99 -3,81 -156,968 1646383146
1 1 19 -4,24 -3,74 -156,944 1646383146
1 1 19 -4,49 -3,81 -156,981 1646383146
1 1 19 -4,68 -3,99 -156,950 1646383146
1 1 19 -4,74 -4,24 -156,999 1646383147
1 1 19 -4,68 -4,49 -156,999 1646383147
1 1 19 -4,49 -4,68 -156,938 1646383147
1 1 19 -4,24 -4,74 -156,962 1646383147
1 1 19 -3,99 -4,68 -156,932 1646383147
1 1 19 -3,81 -4,49 -156,981 1646383148
1 1 20 -3,36 -12,56 -156,981 1646383149
1 1 20 -2,86 -12,56 -156,950 1646383149
1 1 20 -2,93 -12,31 -156,944 1646383149
1 1 20 -3,11 -12,12 -156,938 1646383150
1 1 20 -3,36 -12,06 -157,017 1646383150
1 1 20 -3,61 -12,12 -156,883 1646383150
1 1 20 -3,80 -12,31 -156,968 1646383150
1 1 20 -3,86 -12,56 -156,987 1646383150
1 1 20 -3,80 -12,81 -156,950 1646383151
1 1 20 -3,61 -12,99 -156,962 1646383151
1 1 20 -3,36 -13,06 -156,913 1646383151
1 1 20 -3,11 -12,99 -156,993 1646383151
1 1 20 -2,93 -12,81 -156,987 1646383152
1 1 21 -9,19 -9,19 -157,023 1646383152
1 1 21 -8,69 -9,19 -156,993 1646383153
1 1 21 -8,76 -8,94 -156,993 1646383153
1 1 21 -8,94 -8,76 -156,962 1646383154
1 1 21 -9,19 -8,69 -156,950 1646383154
1 1 21 -9,44 -8,76 -156,950 1646383154
1 1 21 -9,63 -8,94 -156,913 1646383154
1 1 21 -9,69 -9,19 -156,926 1646383155
1 1 21 -9,63 -9,44 -156,913 1646383155
1 1 21 -9,44 -9,63 -156,968 1646383155
1 1 21 -9,19 -9,69 -156,993 1646383155
1 1 21 -8,94 -9,63 -156,895 1646383155
1 1 21 -8,76 -9,44 -157,005 1646383156
1 1 22 -12,56 -3,36 -156,956 1646383157
1 1 22 -12,06 -3,36 -157,029 1646383157
1 1 22 -12,12 -3,11 -157,054 1646383157
1 1 22 -12,31 -2,93 -157,011 1646383157
1 1 22 -12,56 -2,86 -156,981 1646383158
1 1 22 -12,81 -2,93 -156,938 1646383158
1 1 22 -12,99 -3,11 -156,999 1646383158
1 1 22 -13,06 -3,36 -156,913 1646383159
1 1 22 -12,99 -3,61 -156,938 1646383159
1 1 22 -12,81 -3,80 -157,005 1646383159
1 1 22 -12,56 -3,86 -156,901 1646383159
1 1 22 -12,31 -3,80 -156,968 1646383160
1 1 22 -12,12 -3,61 -156,987 1646383160
1 1 23 -19,32 -5,18 -156,913 1646383161
1 1 23 -18,82 -5,18 -156,938 1646383161
1 1 23 -18,89 -4,93 -156,907 1646383161
1 1 23 -19,07 -4,74 -156,987 1646383162
1 1 23 -19,32 -4,68 -156,962 1646383162
1 1 23 -19,57 -4,74 -156,993 1646383162
1 1 23 -19,75 -4,93 -156,968 1646383162
1 1 23 -19,82 -5,18 -156,913 1646383163
1 1 23 -19,75 -5,43 -156,938 1646383163
1 1 23 -19,57 -5,61 -156,834 1646383163
1 1 23 -19,32 -5,68 -156,938 1646383163
1 1 23 -19,07 -5,61 -156,944 1646383164
1 1 23 -18,89 -5,43 -156,962 1646383164
1 1 24 -17,32 -10,00 -156,981 1646383165
1 1 24 -16,82 -10,00 -156,999 1646383165
1 1 24 -16,89 -9,75 -156,999 1646383165
1 1 24 -17,07 -9,57 -156,962 1646383166
1 1 24 -17,32 -9,50 -156,944 1646383166
1 1 24 -17,57 -9,57 -156,926 1646383166
1 1 24 -17,75 -9,75 -156,938 1646383166
1 1 24 -17,82 -10,00 -156,993 1646383166
1 1 24 -17,75 -10,25 -156,901 1646383167
1 1 24 -17,57 -10,43 -157,048 1646383167
1 1 24 -17,32 -10,50 -157,121 1646383167
1 1 24 -17,07 -10,43 -156,938 1646383167
1 1 24 -16,89 -10,25 -156,974 1646383168
1 1 25 -14,14 -14,14 -156,950 1646383168
1 1 25 -13,64 -14,14 -156,901 1646383169
1 1 25 -13,71 -13,89 -156,913 1646383169
1 1 25 -13,89 -13,71 -156,956 1646383169
1 1 25 -14,14 -13,64 -156,956 1646383170
1 1 25 -14,39 -13,71 -156,871 1646383170
1 1 25 -14,58 -13,89 -156,962 1646383170
1 1 25 -14,64 -14,14 -156,877 1646383170
1 1 25 -14,58 -14,39 -156,956 1646383170
1 1 25 -14,39 -14,58 -156,926 1646383171
1 1 25 -14,14 -14,64 -156,999 1646383171
1 1 25 -13,89 -14,58 -156,968 1646383171
1 1 25 -13,71 -14,39 -156,950 1646383171
1 1 26 -10,00 -17,32 -156,999 1646383172
1 1 26 -9,50 -17,32 -157,011 1646383173
1 1 26 -9,57 -17,07 -157,011 1646383173
1 1 26 -9,75 -16,89 -156,950 1646383173
1 1 26 -10,00 -16,82 -156,956 1646383173
1 1 26 -10,25 -16,89 -156,981 1646383173
1 1 26 -10,43 -17,07 -156,993 1646383174
1 1 26 -10,50 -17,32 -156,913 1646383174
1 1 26 -10,43 -17,57 -156,944 1646383174
1 1 26 -10,25 -17,75 -156,987 1646383174
1 1 26 -10,00 -17,82 -156,932 1646383175
1 1 26 -9,75 -17,75 -156,999 1646383175
1 1 26 -9,57 -17,57 -156,944 1646383175
1 1 27 -5,18 -19,32 -156,938 1646383176
1 1 27 -4,68 -19,32 -156,962 1646383176
1 1 27 -4,74 -19,07 -156,932 1646383176
1 1 27 -4,93 -18,89 -156,956 1646383177
1 1 27 -5,18 -18,82 -156,913 1646383177
1 1 27 -5,43 -18,89 -156,987 1646383177
1 1 27 -5,61 -19,07 -156,938 1646383178
1 1 27 -5,68 -19,32 -156,944 1646383178
1 1 27 -5,61 -19,57 -156,938 1646383178
1 1 27 -5,43 -19,75 -156,999 1646383178
1 1 27 -5,18 -19,82 -156,938 1646383179
1 1 27 -4,93 -19,75 -156,999 1646383179
1 1 27 -4,74 -19,57 -156,962 1646383179
1 1 28 5,18 -19,32 -156,858 1646383180
1 1 28 5,68 -19,32 -156,913 1646383181
1 1 28 5,61 -19,07 -156,944 1646383181
1 1 28 5,43 -18,89 -156,968 1646383181
1 1 28 5,18 -18,82 -156,913 1646383181
1 1 28 4,93 -18,89 -156,950 1646383181
1 1 28 4,74 -19,07 -156,901 1646383182
1 1 28 4,68 -19,32 -156,938 1646383182
1 1 28 4,74 -19,57 -156,950 1646383182
1 1 28 4,93 -19,75 -156,950 1646383182
1 1 28 5,18 -19,82 -156,938 1646383183
1 1 28 5,43 -19,75 -156,950 1646383183
1 1 28 5,61 -19,57 -156,919 1646383183
1 1 29 10,00 -17,32 -156,956 1646383184
1 1 29 10,50 -17,32 -156,987 1646383184
1 1 29 10,43 -17,07 -157,017 1646383185
1 1 29 10,25 -16,89 -156,913 1646383185
1 1 29 10,00 -16,82 -156,938 1646383185
1 1 29 9,75 -16,89 -156,993 1646383185
1 1 29 9,57 -17,07 -156,877 1646383186
1 1 29 9,50 -17,32 -157,011 1646383186
1 1 29 9,57 -17,57 -156,950 1646383186
1 1 29 9,75 -17,75 -156,950 1646383186
1 1 29 10,00 -17,82 -156,987 1646383187
1 1 29 10,25 -17,75 -156,926 1646383187
1 1 29 10,43 -17,57 -157,005 1646383187
1 1 30 14,14 -14,14 -156,895 1646383188
1 1 30 14,64 -14,14 -156,950 1646383188
1 1 30 14,58 -13,89 -156,968 1646383189
1 1 30 14,39 -13,71 -156,987 1646383189
1 1 30 14,14 -13,64 -156,987 1646383189
1 1 30 13,89 -13,71 -156,944 1646383189
1 1 30 13,71 -13,89 -156,913 1646383189
1 1 30 13,64 -14,14 -156,938 1646383190
1 1 30 13,71 -14,39 -156,926 1646383190
1 1 30 13,89 -14,58 -156,950 1646383190
1 1 30 14,14 -14,64 -157,005 1646383190
1 1 30 14,39 -14,58 -156,932 1646383191
1 1 30 14,58 -14,39 -156,907 1646383191
1 1 31 17,32 -10,00 -156,950 1646383192
1 1 31 17,82 -10,00 -156,950 1646383192
1 1 31 17,75 -9,75 -157,011 1646383192
1 1 31 17,57 -9,57 -156,871 1646383193
1 1 31 17,32 -9,50 -156,938 1646383193
1 1 31 17,07 -9,57 -156,962 1646383193
1 1 31 16,89 -9,75 -156,938 1646383193
1 1 31 16,82 -10,00 -156,950 1646383194
1 1 31 16,89 -10,25 -156,962 1646383194
1 1 31 17,07 -10,43 -156,901 1646383194
1 1 31 17,32 -10,50 -156,877 1646383194
1 1 31 17,57 -10,43 -156,993 1646383194
1 1 31 17,75 -10,25 -157,005 1646383195
1 1 32 19,32 -5,18 -156,919 1646383196
1 1 32 19,82 -5,18 -156,907 1646383196
1 1 32 19,75 -4,93 -156,919 1646383196
1 1 32 19,57 -4,74 -156,956 1646383196
1 1 32 19,32 -4,68 -157,042 1646383197
1 1 32 19,07 -4,74 -156,919 1646383197
1 1 32 18,89 -4,93 -156,950 1646383197
1 1 32 18,82 -5,18 -156,968 1646383197
1 1 32 18,89 -5,43 -156,950 1646383198
1 1 32 19,07 -5,61 -156,968 1646383198
1 1 32 19,32 -5,68 -156,944 1646383198
1 1 32 19,57 -5,61 -157,029 1646383199
1 1 32 19,75 -5,43 -156,993 1646383199
1 1 33 12,56 -3,36 -156,987 1646383200
1 1 33 13,06 -3,36 -156,950 1646383200
1 1 33 12,99 -3,11 -157,011 1646383200
1 1 33 12,81 -2,93 -156,883 1646383201
1 1 33 12,56 -2,86 -156,968 1646383201
1 1 33 12,31 -2,93 -156,926 1646383201
1 1 33 12,12 -3,11 -156,932 1646383201
1 1 33 12,06 -3,36 -156,944 1646383202
1 1 33 12,12 -3,61 -156,932 1646383202
1 1 33 12,31 -3,80 -156,987 1646383202
1 1 33 12,56 -3,86 -156,950 1646383202
1 1 33 12,81 -3,80 -156,907 1646383202
1 1 33 12,99 -3,61 -156,932 1646383203
1 1 34 9,19 -9,19 -156,944 1646383204
1 1 34 9,69 -9,19 -156,944 1646383204
1 1 34 9,63 -8,94 -156,938 1646383204
1 1 34 9,44 -8,76 -156,932 1646383204
1 1 34 9,19 -8,69 -157,011 1646383205
1 1 34 8,94 -8,76 -156,987 1646383205
1 1 34 8,76 -8,94 -156,944 1646383205
1 1 34 8,69 -9,19 -156,962 1646383205
1 1 34 8,76 -9,44 -156,938 1646383206
1 1 34 8,94 -9,63 -156,938 1646383206
1 1 34 9,19 -9,69 -156,987 1646383206
1 1 34 9,44 -9,63 -156,938 1646383206
1 1 34 9,63 -9,44 -156,938 1646383207
1 1 35 3,36 -12,56 -157,084 1646383208
1 1 35 3,86 -12,56 -156,901 1646383208
1 1 35 3,80 -12,31 -157,023 1646383208
1 1 35 3,61 -12,12 -156,950 1646383209
1 1 35 3,36 -12,06 -157,072 1646383209
1 1 35 3,11 -12,12 -156,919 1646383209
1 1 35 2,93 -12,31 -156,901 1646383209
1 1 35 2,86 -12,56 -156,962 1646383209
1 1 35 2,93 -12,81 -156,901 1646383210
1 1 35 3,11 -12,99 -156,987 1646383210
1 1 35 3,36 -13,06 -156,993 1646383210
1 1 35 3,61 -12,99 -156,938 1646383210
1 1 35 3,80 -12,81 -156,895 1646383211
1 1 36 4,24 -4,24 -156,974 1646383212
1 1 36 4,74 -4,24 -157,035 1646383212
1 1 36 4,68 -3,99 -157,035 1646383212
1 1 36 4,49 -3,81 -156,987 1646383212
1 1 36 4,24 -3,74 -156,956 1646383213
1 1 36 3,99 -3,81 -156,987 1646383213
1 1 36 3,81 -3,99 -156,944 1646383213
1 1 36 3,74 -4,24 -156,932 1646383213
1 1 36 3,81 -4,49 -156,938 1646383214
1 1 36 3,99 -4,68 -156,919 1646383214
1 1 36 4,24 -4,74 -156,974 1646383214
1 1 36 4,49 -4,68 -156,926 1646383215
1 1 36 4,68 -4,49 -156,981 1646383215
1 1 37 27,00 0,00 -156,950 1646383216
1 1 37 27,50 0,00 -156,889 1646383217
1 1 37 27,43 0,25 -156,968 1646383217
1 1 37 27,25 0,43 -156,950 1646383217
1 1 37 27,00 0,50 -156,950 1646383218
1 1 37 26,75 0,43 -157,035 1646383218
1 1 37 26,57 0,25 -156,883 1646383218
1 1 37 26,50 0,00 -156,932 1646383218
1 1 37 26,57 -0,25 -156,950 1646383218
1 1 37 26,75 -0,43 -156,993 1646383219
1 1 37 27,00 -0,50 -156,944 1646383219
1 1 37 27,25 -0,43 -156,987 1646383219
1 1 37 27,43 -0,25 -156,962 1646383219
1 1 38 26,08 6,99 -156,968 1646383220
1 1 38 26,58 6,99 -156,877 1646383221
1 1 38 26,51 7,24 -156,962 1646383221
1 1 38 26,33 7,42 -156,889 1646383221
1 1 38 26,08 7,49 -156,962 1646383222
1 1 38 25,83 7,42 -156,974 1646383222
1 1 38 25,65 7,24 -156,968 1646383222
1 1 38 25,58 6,99 -156,944 1646383222
1 1 38 25,65 6,74 -156,962 1646383222
1 1 38 25,83 6,56 -156,956 1646383223
1 1 38 26,08 6,49 -156,871 1646383223
1 1 38 26,33 6,56 -156,938 1646383223
1 1 38 26,51 6,74 -156,779 1646383223
1 1 39 23,38 13,50 -156,938 1646383224
1 1 39 23,88 13,50 -156,938 1646383225
1 1 39 23,82 13,75 -156,981 1646383225
1 1 39 23,63 13,93 -156,962 1646383225
1 1 39 23,38 14,00 -156,944 1646383225
1 1 39 23,13 13,93 -156,944 1646383226
1 1 39 22,95 13,75 -156,974 1646383226
1 1 39 22,88 13,50 -156,962 1646383226
1 1 39 22,95 13,25 -156,962 1646383226
1 1 39 23,13 13,07 -156,907 1646383227
1 1 39 23,38 13,00 -156,956 1646383227
1 1 39 23,63 13,07 -156,968 1646383227
1 1 39 23,82 13,25 -156,932 1646383227
1 1 40 19,09 19,09 -156,889 1646383228
1 1 40 19,59 19,09 -156,962 1646383229
1 1 40 19,52 19,34 -156,907 1646383229
1 1 40 19,34 19,52 -156,932 1646383229
1 1 40 19,09 19,59 -156,944 1646383230
1 1 40 18,84 19,52 -156,907 1646383230
1 1 40 18,66 19,34 -157,011 1646383230
1 1 40 18,59 19,09 -156,871 1646383230
1 1 40 18,66 18,84 -156,938 1646383230
1 1 40 18,84 18,66 -156,950 1646383231
1 1 40 19,09 18,59 -156,956 1646383231
1 1 40 19,34 18,66 -156,987 1646383231
1 1 40 19,52 18,84 -157,005 1646383231
1 1 41 13,50 23,38 -156,950 1646383232
1 1 41 14,00 23,38 -156,987 1646383233
1 1 41 13,93 23,63 -156,993 1646383233
1 1 41 13,75 23,82 -156,950 1646383233
1 1 41 13,50 23,88 -156,932 1646383233
1 1 41 13,25 23,82 -156,981 1646383234
1 1 41 13,07 23,63 -156,883 1646383234
1 1 41 13,00 23,38 -156,993 1646383234
1 1 41 13,07 23,13 -156,907 1646383234
1 1 41 13,25 22,95 -156,919 1646383235
1 1 41 13,50 22,88 -156,907 1646383235
1 1 41 13,75 22,95 -156,907 1646383235
1 1 41 13,93 23,13 -156,993 1646383235
1 1 42 6,99 26,08 -156,938 1646383236
1 1 42 7,49 26,08 -156,987 1646383237
1 1 42 7,42 26,33 -157,011 1646383237
1 1 42 7,24 26,51 -156,944 1646383237
1 1 42 6,99 26,58 -156,938 1646383237
1 1 42 6,74 26,51 -156,950 1646383238
1 1 42 6,56 26,33 -157,023 1646383238
1 1 42 6,49 26,08 -156,944 1646383238
1 1 42 6,56 25,83 -156,889 1646383238
1 1 42 6,74 25,65 -157,029 1646383238
1 1 42 6,99 25,58 -156,987 1646383239
1 1 42 7,24 25,65 -156,938 1646383239
1 1 42 7,42 25,83 -156,901 1646383239
1 1 43 0,00 27,00 -156,987 1646383240
1 1 43 0,50 27,00 -156,950 1646383241
1 1 43 0,43 27,25 -156,999 1646383241
1 1 43 0,25 27,43 -156,938 1646383241
1 1 43 0,00 27,50 -156,913 1646383241
1 1 43 -0,25 27,43 -156,932 1646383241
1 1 43 -0,43 27,25 -156,926 1646383242
1 1 43 -0,50 27,00 -156,950 1646383242
1 1 43 -0,43 26,75 -156,987 1646383242
1 1 43 -0,25 26,57 -156,950 1646383242
1 1 43 0,00 26,50 -156,987 1646383243
1 1 43 0,25 26,57 -156,907 1646383243
1 1 43 0,43 26,75 -156,968 1646383243
1 1 44 -6,99 26,08 -156,926 1646383244
1 1 44 -6,49 26,08 -156,919 1646383244
1 1 44 -6,56 26,33 -157,011 1646383245
1 1 44 -6,74 26,51 -156,913 1646383245
1 1 44 -6,99 26,58 -156,962 1646383245
1 1 44 -7,24 26,51 -156,895 1646383245
1 1 44 -7,42 26,33 -156,944 1646383246
1 1 44 -7,49 26,08 -156,834 1646383246
1 1 44 -7,42 25,83 -156,883 1646383246
1 1 44 -7,24 25,65 -156,938 1646383246
1 1 44 -6,99 25,58 -156,968 1646383247
1 1 44 -6,74 25,65 -156,938 1646383247
1 1 44 -6,56 25,83 -156,968 1646383247
1 1 45 -13,50 23,38 -156,938 1646383248
1 1 45 -13,00 23,38 -156,950 1646383248
1 1 45 -13,07 23,63 -156,968 1646383249
1 1 45 -13,25 23,82 -156,968 1646383249
1 1 45 -13,50 23,88 -156,993 1646383249
1 1 45 -13,75 23,82 -156,944 1646383249
1 1 45 -13,93 23,63 -157,029 1646383250
1 1 45 -14,00 23,38 -156,938 1646383250
1 1 45 -13,93 23,13 -156,987 1646383250
1 1 45 -13,75 22,95 -157,005 1646383250
1 1 45 -13,50 22,88 -157,011 1646383251
1 1 45 -13,25 22,95 -156,938 1646383251
1 1 45 -13,07 23,13 -156,932 1646383251
1 1 46 -19,09 19,09 -156,944 1646383252
1 1 46 -18,59 19,09 -156,950 1646383252
1 1 46 -18,66 19,34 -156,993 1646383253
1 1 46 -18,84 19,52 -156,956 1646383253
1 1 46 -19,09 19,59 -156,962 1646383253
1 1 46 -19,34 19,52 -156,938 1646383253
1 1 46 -19,52 19,34 -156,950 1646383253
1 1 46 -19,59 19,09 -156,993 1646383254
1 1 46 -19,52 18,84 -156,913 1646383254
1 1 46 -19,34 18,66 -156,999 1646383254
1 1 46 -19,09 18,59 -156,993 1646383254
1 1 46 -18,84 18,66 -156,993 1646383255
1 1 46 -18,66 18,84 -156,999 1646383255
1 1 47 -23,38 13,50 -156,974 1646383256
1 1 47 -22,88 13,50 -156,999 1646383256
1 1 47 -22,95 13,75 -156,993 1646383256
1 1 47 -23,13 13,93 -156,950 1646383256
1 1 47 -23,38 14,00 -156,926 1646383257
1 1 47 -23,63 13,93 -156,932 1646383257
1 1 47 -23,82 13,75 -156,987 1646383257
1 1 47 -23,88 13,50 -156,938 1646383257
1 1 47 -23,82 13,25 -156,883 1646383258
1 1 47 -23,63 13,07 -157,072 1646383258
1 1 47 -23,38 13,00 -156,956 1646383258
1 1 47 -23,13 13,07 -156,962 1646383258
1 1 47 -22,95 13,25 -156,962 1646383259
1 1 48 -26,08 6,99 -157,151 1646383259
1 1 48 -25,58 6,99 -156,871 1646383260
1 1 48 -25,65 7,24 -156,956 1646383260
1 1 48 -25,83 7,42 -156,938 1646383261
1 1 48 -26,08 7,49 -157,151 1646383261
1 1 48 -26,33 7,42 -156,724 1646383261
1 1 48 -26,51 7,24 -156,968 1646383261
1 1 48 -26,58 6,99 -156,968 1646383261
1 1 48 -26,51 6,74 -156,956 1646383262
1 1 48 -26,33 6,56 -156,919 1646383262
1 1 48 -26,08 6,49 -156,950 1646383262
1 1 48 -25,83 6,56 -156,944 1646383262
1 1 48 -25,65 6,74 -156,944 1646383263
1 1 49 -27,00 0,00 -156,981 1646383264
1 1 49 -26,50 0,00 -156,938 1646383264
1 1 49 -26,57 0,25 -156,993 1646383264
1 1 49 -26,75 0,43 -156,926 1646383264
1 1 49 -27,00 0,50 -156,895 1646383265
1 1 49 -27,25 0,43 -156,987 1646383265
1 1 49 -27,43 0,25 -156,987 1646383265
1 1 49 -27,50 0,00 -156,974 1646383265
1 1 49 -27,43 -0,25 -156,950 1646383266
1 1 49 -27,25 -0,43 -156,901 1646383266
1 1 49 -27,00 -0,50 -156,968 1646383266
1 1 49 -26,75 -0,43 -156,993 1646383267
1 1 49 -26,57 -0,25 -156,968 1646383267
1 1 50 -26,08 -6,99 -156,999 1646383268
1 1 50 -25,58 -6,99 -156,987 1646383268
1 1 50 -25,65 -6,74 -157,066 1646383268
1 1 50 -25,83 -6,56 -156,834 1646383269
1 1 50 -26,08 -6,49 -156,974 1646383269
1 1 50 -26,33 -6,56 -157,035 1646383269
1 1 50 -26,51 -6,74 -156,871 1646383269
1 1 50 -26,58 -6,99 -156,944 1646383269
1 1 50 -26,51 -7,24 -156,999 1646383270
1 1 50 -26,33 -7,42 -156,999 1646383270
1 1 50 -26,08 -7,49 -156,913 1646383270
1 1 50 -25,83 -7,42 -156,852 1646383270
1 1 50 -25,65 -7,24 -157,078 1646383271
1 1 51 -23,38 -13,50 -156,962 1646383271
1 1 51 -22,88 -13,50 -156,901 1646383272
1 1 51 -22,95 -13,25 -156,950 1646383272
1 1 51 -23,13 -13,07 -157,023 1646383272
1 1 51 -23,38 -13,00 -156,993 1646383273
1 1 51 -23,63 -13,07 -157,011 1646383273
1 1 51 -23,82 -13,25 -156,938 1646383273
1 1 51 -23,88 -13,50 -156,981 1646383273
1 1 51 -23,82 -13,75 -157,035 1646383274
1 1 51 -23,63 -13,93 -156,968 1646383274
1 1 51 -23,38 -14,00 -156,938 1646383274
1 1 51 -23,13 -13,93 -156,950 1646383274
1 1 51 -22,95 -13,75 -156,944 1646383274
1 1 52 -19,09 -19,09 -156,950 1646383275
1 1 52 -18,59 -19,09 -156,981 1646383276
1 1 52 -18,66 -18,84 -157,017 1646383276
1 1 52 -18,84 -18,66 -157,017 1646383276
1 1 52 -19,09 -18,59 -156,932 1646383276
1 1 52 -19,34 -18,66 -156,938 1646383277
1 1 52 -19,52 -18,84 -156,926 1646383277
1 1 52 -19,59 -19,09 -156,938 1646383277
1 1 52 -19,52 -19,34 -156,950 1646383277
1 1 52 -19,34 -19,52 -157,005 1646383278
1 1 52 -19,09 -19,59 -156,895 1646383278
1 1 52 -18,84 -19,52 -156,956 1646383278
1 1 52 -18,66 -19,34 -156,938 1646383278
1 1 53 -13,50 -23,38 -156,913 1646383279
1 1 53 -13,00 -23,38 -156,871 1646383280
1 1 53 -13,07 -23,13 -156,993 1646383280
1 1 53 -13,25 -22,95 -156,950 1646383280
1 1 53 -13,50 -22,88 -156,993 1646383280
1 1 53 -13,75 -22,95 -156,956 1646383280
1 1 53 -13,93 -23,13 -157,035 1646383281
1 1 53 -14,00 -23,38 -157,042 1646383281
1 1 53 -13,93 -23,63 -156,944 1646383281
1 1 53 -13,75 -23,82 -156,981 1646383281
1 1 53 -13,50 -23,88 -156,968 1646383282
1 1 53 -13,25 -23,82 -156,962 1646383282
1 1 53 -13,07 -23,63 -156,950 1646383282
1 1 54 -6,99 -26,08 -156,987 1646383283
1 1 54 -6,49 -26,08 -156,968 1646383283
1 1 54 -6,56 -25,83 -156,950 1646383284
1 1 54 -6,74 -25,65 -156,950 1646383284
1 1 54 -6,99 -25,58 -156,907 1646383284
1 1 54 -7,24 -25,65 -156,919 1646383284
1 1 54 -7,42 -25,83 -156,956 1646383285
1 1 54 -7,49 -26,08 -156,944 1646383285
1 1 54 -7,42 -26,33 -156,968 1646383285
1 1 54 -7,24 -26,51 -156,962 1646383285
1 1 54 -6,99 -26,58 -156,938 1646383285
1 1 54 -6,74 -26,51 -156,987 1646383286
1 1 54 -6,56 -26,33 -156,950 1646383286
1 1 55 -0,00 -27,00 -156,999 1646383287
1 1 55 0,50 -27,00 -156,950 1646383287
1 1 55 0,43 -26,75 -156,944 1646383287
1 1 55 0,25 -26,57 -156,968 1646383288
1 1 55 -0,00 -26,50 -156,907 1646383288
1 1 55 -0,25 -26,57 -156,956 1646383288
1 1 55 -0,43 -26,75 -156,987 1646383288
1 1 55 -0,50 -27,00 -157,017 1646383289
1 1 55 -0,43 -27,25 -156,956 1646383289
1 1 55 -0,25 -27,43 -156,962 1646383289
1 1 55 -0,00 -27,50 -156,938 1646383289
1 1 55 0,25 -27,43 -156,938 1646383290
1 1 55 0,43 -27,25 -156,950 1646383290
1 1 56 6,99 -26,08 -156,919 1646383291
1 1 56 7,49 -26,08 -156,865 1646383291
1 1 56 7,42 -25,83 -156,974 1646383291
1 1 56 7,24 -25,65 -156,993 1646383291
1 1 56 6,99 -25,58 -156,932 1646383292
1 1 56 6,74 -25,65 -156,907 1646383292
1 1 56 6,56 -25,83 -156,944 1646383292
1 1 56 6,49 -26,08 -156,883 1646383292
1 1 56 6,56 -26,33 -156,950 1646383293
1 1 56 6,74 -26,51 -156,938 1646383293
1 1 56 6,99 -26,58 -157,011 1646383293
1 1 56 7,24 -26,51 -156,968 1646383293
1 1 56 7,42 -26,33 -156,981 1646383294
1 1 57 13,50 -23,38 -156,950 1646383294
1 1 57 14,00 -23,38 -156,981 1646383295
1 1 57 13,93 -23,13 -156,981 1646383295
1 1 57 13,75 -22,95 -156,999 1646383295
1 1 57 13,50 -22,88 -156,956 1646383296
1 1 57 13,25 -22,95 -157,011 1646383296
1 1 57 13,07 -23,13 -157,011 1646383296
1 1 57 13,00 -23,38 -156,950 1646383296
1 1 57 13,07 -23,63 -156,981 1646383296
1 1 57 13,25 -23,82 -156,938 1646383297
1 1 57 13,50 -23,88 -157,011 1646383297
1 1 57 13,75 -23,82 -156,944 1646383297
1 1 57 13,93 -23,63 -156,987 1646383297
1 1 58 19,09 -19,09 -156,938 1646383298
1 1 58 19,59 -19,09 -156,938 1646383299
1 1 58 19,52 -18,84 -156,901 1646383299
1 1 58 19,34 -18,66 -156,913 1646383299
1 1 58 19,09 -18,59 -156,950 1646383300
1 1 58 18,84 -18,66 -157,042 1646383300
1 1 58 18,66 -18,84 -156,895 1646383300
1 1 58 18,59 -19,09 -156,968 1646383300
1 1 58 18,66 -19,34 -156,993 1646383301
1 1 58 18,84 -19,52 -156,938 1646383301
1 1 58 19,09 -19,59 -156,950 1646383301
1 1 58 19,34 -19,52 -156,871 1646383301
1 1 58 19,52 -19,34 -156,907 1646383301
1 1 59 23,38 -13,50 -156,901 1646383302
1 1 59 23,88 -13,50 -157,005 1646383303
1 1 59 23,82 -13,25 -156,938 1646383303
1 1 59 23,63 -13,07 -156,993 1646383303
1 1 59 23,38 -13,00 -156,938 1646383303
1 1 59 23,13 -13,07 -156,944 1646383304
1 1 59 22,95 -13,25 -156,950 1646383304
1 1 59 22,88 -13,50 -156,987 1646383304
1 1 59 22,95 -13,75 -156,981 1646383304
1 1 59 23,13 -13,93 -156,981 1646383305
1 1 59 23,38 -14,00 -156,913 1646383305
1 1 59 23,63 -13,93 -156,968 1646383305
1 1 59 23,82 -13,75 -156,907 1646383305
1 1 60 26,08 -6,99 -156,981 1646383306
1 1 60 26,58 -6,99 -156,968 1646383307
1 1 60 26,51 -6,74 -156,950 1646383307
1 1 60 26,33 -6,56 -157,005 1646383307
1 1 60 26,08 -6,49 -156,956 1646383307
1 1 60 25,83 -6,56 -157,011 1646383308
1 1 60 25,65 -6,74 -156,950 1646383308
1 1 60 25,58 -6,99 -156,950 1646383308
1 1 60 25,65 -7,24 -156,919 1646383308
1 1 60 25,83 -7,42 -156,950 1646383309
1 1 60 26,08 -7,49 -156,968 1646383309
1 1 60 26,33 -7,42 -156,987 1646383309
1 1 60 26,51 -7,24 -156,956 1646383309
