1 1 1 4,24 4,24 -156,999 1646382380
1 1 1 4,74 4,24 -156,956 1646382380
1 1 1 4,68 4,49 -156,926 1646382380
1 1 1 4,49 4,68 -157,054 1646382381
1 1 1 4,24 4,74 -156,962 1646382382
1 1 1 3,99 4,68 -156,993 1646382382
1 1 1 3,81 4,49 -156,950 1646382383
1 1 1 3,74 4,24 -156,962 1646382383
1 1 1 3,81 3,99 -156,993 1646382384
1 1 1 3,99 3,81 -156,919 1646382385
1 1 1 4,24 3,74 -156,974 1646382385
1 1 1 4,49 3,81 -156,889 1646382385
1 1 1 4,68 3,99 -156,987 1646382385
1 1 2 3,36 12,56 -156,974 1646382386
1 1 2 3,86 12,56 -156,919 1646382387
1 1 2 3,80 12,81 -156,987 1646382387
1 1 2 3,61 12,99 -157,029 1646382387
1 1 2 3,36 13,06 -156,962 1646382387
1 1 2 3,11 12,99 -156,987 1646382388
1 1 2 2,93 12,81 -156,956 1646382388
1 1 2 2,86 12,56 -156,993 1646382388
1 1 2 2,93 12,31 -156,987 1646382389
1 1 2 3,11 12,12 -156,901 1646382389
1 1 2 3,36 12,06 -156,944 1646382389
1 1 2 3,61 12,12 -156,962 1646382389
1 1 2 3,80 12,31 -156,999 1646382390
1 1 3 9,19 9,19 -156,944 1646382390
1 1 3 9,69 9,19 -157,035 1646382391
1 1 3 9,63 9,44 -156,987 1646382391
1 1 3 9,44 9,63 -156,968 1646382391
1 1 3 9,19 9,69 -156,999 1646382392
1 1 3 8,94 9,63 -156,889 1646382392
1 1 3 8,76 9,44 -156,993 1646382392
1 1 3 8,69 9,19 -156,956 1646382392
1 1 3 8,76 8,94 -156,944 1646382393
1 1 3 8,94 8,76 -156,974 1646382393
1 1 3 9,19 8,69 -156,956 1646382393
1 1 3 9,44 8,76 -156,938 1646382393
1 1 3 9,63 8,94 -156,974 1646382394
1 1 4 12,56 3,36 -156,968 1646382394
1 1 4 13,06 3,36 -156,987 1646382395
1 1 4 12,99 3,61 -156,987 1646382395
1 1 4 12,81 3,80 -156,968 1646382395
1 1 4 12,56 3,86 -156,962 1646382396
1 1 4 12,31 3,80 -156,968 1646382396
1 1 4 12,12 3,61 -156,981 1646382396
1 1 4 12,06 3,36 -156,901 1646382396
1 1 4 12,12 3,11 -156,962 1646382397
1 1 4 12,31 2,93 -156,974 1646382397
1 1 4 12,56 2,86 -156,956 1646382397
1 1 4 12,81 2,93 -156,993 1646382397
1 1 4 12,99 3,11 -156,987 1646382397
1 1 5 19,32 5,18 -156,938 1646382398
1 1 5 19,82 5,18 -156,944 1646382399
1 1 5 19,75 5,43 -156,938 1646382399
1 1 5 19,57 5,61 -157,017 1646382399
1 1 5 19,32 5,68 -156,993 1646382399
1 1 5 19,07 5,61 -156,913 1646382400
1 1 5 18,89 5,43 -156,956 1646382400
1 1 5 18,82 5,18 -156,889 1646382400
1 1 5 18,89 4,93 -156,956 1646382400
1 1 5 19,07 4,74 -156,913 1646382401
1 1 5 19,32 4,68 -156,987 1646382401
1 1 5 19,57 4,74 -156,944 1646382401
1 1 5 19,75 4,93 -156,944 1646382401
1 1 6 17,32 10,00 -156,993 1646382402
1 1 6 17,82 10,00 -157,011 1646382403
1 1 6 17,75 10,25 -157,005 1646382403
1 1 6 17,57 10,43 -156,938 1646382403
1 1 6 17,32 10,50 -156,913 1646382403
1 1 6 17,07 10,43 -157,017 1646382403
1 1 6 16,89 10,25 -156,956 1646382404
1 1 6 16,82 10,00 -156,981 1646382404
1 1 6 16,89 9,75 -156,932 1646382404
1 1 6 17,07 9,57 -157,017 1646382405
1 1 6 17,32 9,50 -156,901 1646382405
1 1 6 17,57 9,57 -156,987 1646382405
1 1 6 17,75 9,75 -156,932 1646382405
1 1 7 14,14 14,14 -156,950 1646382406
1 1 7 14,64 14,14 -157,029 1646382406
1 1 7 14,58 14,39 -156,938 1646382407
1 1 7 14,39 14,58 -156,999 1646382407
1 1 7 14,14 14,64 -156,950 1646382407
1 1 7 13,89 14,58 -156,974 1646382407
1 1 7 13,71 14,39 -156,968 1646382408
1 1 7 13,64 14,14 -156,993 1646382408
1 1 7 13,71 13,89 -156,999 1646382408
1 1 7 13,89 13,71 -156,950 1646382409
1 1 7 14,14 13,64 -156,950 1646382409
1 1 7 14,39 13,71 -157,035 1646382409
1 1 7 14,58 13,89 -156,944 1646382409
1 1 8 10,00 17,32 -156,981 1646382410
1 1 8 10,50 17,32 -157,017 1646382411
1 1 8 10,43 17,57 -156,981 1646382411
1 1 8 10,25 17,75 -156,987 1646382411
1 1 8 10,00 17,82 -157,035 1646382411
1 1 8 9,75 17,75 -156,889 1646382411
1 1 8 9,57 17,57 -156,981 1646382412
1 1 8 9,50 17,32 -156,944 1646382412
1 1 8 9,57 17,07 -157,011 1646382412
1 1 8 9,75 16,89 -156,938 1646382412
1 1 8 10,00 16,82 -156,987 1646382413
1 1 8 10,25 16,89 -156,932 1646382413
1 1 8 10,43 17,07 -156,987 1646382413
1 1 9 5,18 19,32 -156,913 1646382414
1 1 9 5,68 19,32 -156,944 1646382414
1 1 9 5,61 19,57 -156,987 1646382415
1 1 9 5,43 19,75 -156,993 1646382415
1 1 9 5,18 19,82 -156,877 1646382415
1 1 9 4,93 19,75 -156,950 1646382415
1 1 9 4,74 19,57 -157,017 1646382416
1 1 9 4,68 19,32 -156,999 1646382416
1 1 9 4,74 19,07 -156,987 1646382416
1 1 9 4,93 18,89 -157,005 1646382416
1 1 9 5,18 18,82 -156,993 1646382416
1 1 9 5,43 18,89 -156,993 1646382417
1 1 9 5,61 19,07 -156,974 1646382417
1 1 10 -5,18 19,32 -156,944 1646382418
1 1 10 -4,68 19,32 -156,987 1646382418
1 1 10 -4,74 19,57 -157,005 1646382419
1 1 10 -4,93 19,75 -157,035 1646382419
1 1 10 -5,18 19,82 -157,072 1646382419
1 1 10 -5,43 19,75 -156,987 1646382419
1 1 10 -5,61 19,57 -156,938 1646382420
1 1 10 -5,68 19,32 -156,987 1646382420
1 1 10 -5,61 19,07 -156,987 1646382420
1 1 10 -5,43 18,89 -156,944 1646382420
1 1 10 -5,18 18,82 -156,895 1646382421
1 1 10 -4,93 18,89 -156,987 1646382421
1 1 10 -4,74 19,07 -156,962 1646382421
1 1 11 -10,00 17,32 -156,999 1646382422
1 1 11 -9,50 17,32 -156,981 1646382422
1 1 11 -9,57 17,57 -156,987 1646382423
1 1 11 -9,75 17,75 -156,987 1646382423
1 1 11 -10,00 17,82 -156,987 1646382423
1 1 11 -10,25 17,75 -156,993 1646382423
1 1 11 -10,43 17,57 -156,974 1646382424
1 1 11 -10,50 17,32 -156,962 1646382424
1 1 11 -10,43 17,07 -156,999 1646382424
1 1 11 -10,25 16,89 -156,999 1646382424
1 1 11 -10,00 16,82 -156,938 1646382425
1 1 11 -9,75 16,89 -156,987 1646382425
1 1 11 -9,57 17,07 -156,956 1646382425
1 1 12 -14,14 14,14 -156,907 1646382426
1 1 12 -13,64 14,14 -156,938 1646382426
1 1 12 -13,71 14,39 -157,048 1646382427
1 1 12 -13,89 14,58 -156,987 1646382427
1 1 12 -14,14 14,64 -156,944 1646382427
1 1 12 -14,39 14,58 -156,919 1646382427
1 1 12 -14,58 14,39 -156,956 1646382428
1 1 12 -14,64 14,14 -157,005 1646382428
1 1 12 -14,58 13,89 -156,944 1646382428
1 1 12 -14,39 13,71 -156,950 1646382428
1 1 12 -14,14 13,64 -156,981 1646382428
1 1 12 -13,89 13,71 -157,042 1646382429
1 1 12 -13,71 13,89 -157,017 1646382429
1 1 13 -17,32 10,00 -157,054 1646382430
1 1 13 -16,82 10,00 -156,956 1646382430
1 1 13 -16,89 10,25 -156,993 1646382430
1 1 13 -17,07 10,43 -156,950 1646382431
1 1 13 -17,32 10,50 -157,005 1646382431
1 1 13 -17,57 10,43 -156,987 1646382431
1 1 13 -17,75 10,25 -156,981 1646382431
1 1 13 -17,82 10,00 -156,932 1646382431
1 1 13 -17,75 9,75 -156,950 1646382432
1 1 13 -17,57 9,57 -156,987 1646382432
1 1 13 -17,32 9,50 -156,950 1646382432
1 1 13 -17,07 9,57 -157,035 1646382432
1 1 13 -16,89 9,75 -156,999 1646382433
1 1 14 -19,32 5,18 -157,035 1646382433
1 1 14 -18,82 5,18 -156,999 1646382434
1 1 14 -18,89 5,43 -156,907 1646382434
1 1 14 -19,07 5,61 -156,968 1646382434
1 1 14 -19,32 5,68 -156,987 1646382435
1 1 14 -19,57 5,61 -157,023 1646382435
1 1 14 -19,75 5,43 -157,017 1646382435
1 1 14 -19,82 5,18 -157,029 1646382435
1 1 14 -19,75 4,93 -156,987 1646382436
1 1 14 -19,57 4,74 -156,913 1646382436
1 1 14 -19,32 4,68 -156,962 1646382436
1 1 14 -19,07 4,74 -156,999 1646382436
1 1 14 -18,89 4,93 -156,993 1646382436
1 1 15 -12,56 3,36 -156,968 1646382437
1 1 15 -12,06 3,36 -156,919 1646382438
1 1 15 -12,12 3,61 -156,999 1646382438
1 1 15 -12,31 3,80 -156,968 1646382438
1 1 15 -12,56 3,86 -157,011 1646382438
1 1 15 -12,81 3,80 -157,023 1646382439
1 1 15 -12,99 3,61 -156,968 1646382439
1 1 15 -13,06 3,36 -156,962 1646382439
1 1 15 -12,99 3,11 -156,932 1646382439
1 1 15 -12,81 2,93 -157,017 1646382440
1 1 15 -12,56 2,86 -156,944 1646382440
1 1 15 -12,31 2,93 -156,968 1646382440
1 1 15 -12,12 3,11 -156,993 1646382440
1 1 16 -9,19 9,19 -156,987 1646382441
1 1 16 -8,69 9,19 -156,993 1646382442
1 1 16 -8,76 9,44 -156,889 1646382442
1 1 16 -8,94 9,63 -157,042 1646382442
1 1 16 -9,19 9,69 -156,999 1646382442
1 1 16 -9,44 9,63 -156,950 1646382442
1 1 16 -9,63 9,44 -156,987 1646382443
1 1 16 -9,69 9,19 -156,987 1646382443
1 1 16 -9,63 8,94 -156,938 1646382443
1 1 16 -9,44 8,76 -156,919 1646382443
1 1 16 -9,19 8,69 -156,974 1646382444
1 1 16 -8,94 8,76 -156,950 1646382444
1 1 16 -8,76 8,94 -157,011 1646382444
1 1 17 -3,36 12,56 -157,042 1646382445
1 1 17 -2,86 12,56 -157,005 1646382445
1 1 17 -2,93 12,81 -157,023 1646382446
1 1 17 -3,11 12,99 -156,987 1646382446
1 1 17 -3,36 13,06 -156,987 1646382446
1 1 17 -3,61 12,99 -156,932 1646382447
1 1 17 -3,80 12,81 -157,011 1646382447
1 1 17 -3,86 12,56 -156,987 1646382447
1 1 17 -3,80 12,31 -157,005 1646382447
1 1 17 -3,61 12,12 -156,932 1646382447
1 1 17 -3,36 12,06 -156,962 1646382448
1 1 17 -3,11 12,12 -156,999 1646382448
1 1 17 -2,93 12,31 -156,981 1646382448
1 1 18 -4,24 4,24 -156,932 1646382449
1 1 18 -3,74 4,24 -156,962 1646382450
1 1 18 -3,81 4,49 -156,968 1646382450
1 1 18 -3,99 4,68 -156,919 1646382450
1 1 18 -4,24 4,74 -156,950 1646382450
1 1 18 -4,49 4,68 -156,913 1646382450
1 1 18 -4,68 4,49 -157,023 1646382451
1 1 18 -4,74 4,24 -156,987 1646382451
1 1 18 -4,68 3,99 -156,901 1646382451
1 1 18 -4,49 3,81 -157,066 1646382451
1 1 18 -4,24 3,74 -156,968 1646382452
1 1 18 -3,99 3,81 -156,993 1646382452
1 1 18 -3,81 3,99 -156,950 1646382452
1 1 19 -4,24 -4,24 -156,987 1646382453
1 1 19 -3,74 -4,24 -156,950 1646382454
1 1 19 -3,81 -3,99 -156,974 1646382454
1 1 19 -3,99 -3,81 -156,962 1646382454
1 1 19 -4,24 -3,74 -157,017 1646382454
1 1 19 -4,49 -3,81 -156,944 1646382454
1 1 19 -4,68 -3,99 -157,005 1646382455
1 1 19 -4,74 -4,24 -156,968 1646382455
1 1 19 -4,68 -4,49 -156,993 1646382455
1 1 19 -4,49 -4,68 -156,950 1646382455
1 1 19 -4,24 -4,74 -156,968 1646382456
1 1 19 -3,99 -4,68 -156,944 1646382456
1 1 19 -3,81 -4,49 -156,956 1646382456
1 1 20 -3,36 -12,56 -156,993 1646382457
1 1 20 -2,86 -12,56 -156,950 1646382458
1 1 20 -2,93 -12,31 -156,944 1646382458
1 1 20 -3,11 -12,12 -156,981 1646382458
1 1 20 -3,36 -12,06 -156,944 1646382458
1 1 20 -3,61 -12,12 -156,907 1646382459
1 1 20 -3,80 -12,31 -156,907 1646382459
1 1 20 -3,86 -12,56 -156,950 1646382459
1 1 20 -3,80 -12,81 -157,029 1646382459
1 1 20 -3,61 -12,99 -157,005 1646382460
1 1 20 -3,36 -13,06 -156,993 1646382460
1 1 20 -3,11 -12,99 -156,999 1646382460
1 1 20 -2,93 -12,81 -156,871 1646382460
1 1 21 -9,19 -9,19 -156,938 1646382461
1 1 21 -8,69 -9,19 -156,950 1646382462
1 1 21 -8,76 -8,94 -156,993 1646382462
1 1 21 -8,94 -8,76 -157,005 1646382462
1 1 21 -9,19 -8,69 -156,968 1646382462
1 1 21 -9,44 -8,76 -157,029 1646382462
1 1 21 -9,63 -8,94 -156,828 1646382463
1 1 21 -9,69 -9,19 -156,926 1646382463
1 1 21 -9,63 -9,44 -156,938 1646382463
1 1 21 -9,44 -9,63 -156,944 1646382463
1 1 21 -9,19 -9,69 -156,956 1646382464
1 1 21 -8,94 -9,63 -156,987 1646382464
1 1 21 -8,76 -9,44 -156,981 1646382464
1 1 22 -12,56 -3,36 -156,987 1646382465
1 1 22 -12,06 -3,36 -156,987 1646382466
1 1 22 -12,12 -3,11 -156,974 1646382466
1 1 22 -12,31 -2,93 -156,974 1646382466
1 1 22 -12,56 -2,86 -156,913 1646382466
1 1 22 -12,81 -2,93 -156,962 1646382467
1 1 22 -12,99 -3,11 -156,987 1646382467
1 1 22 -13,06 -3,36 -156,956 1646382467
1 1 22 -12,99 -3,61 -157,035 1646382467
1 1 22 -12,81 -3,80 -156,944 1646382467
1 1 22 -12,56 -3,86 -156,987 1646382468
1 1 22 -12,31 -3,80 -156,913 1646382468
1 1 22 -12,12 -3,61 -156,999 1646382468
1 1 23 -19,32 -5,18 -156,987 1646382469
1 1 23 -18,82 -5,18 -157,029 1646382470
1 1 23 -18,89 -4,93 -157,029 1646382470
1 1 23 -19,07 -4,74 -156,956 1646382470
1 1 23 -19,32 -4,68 -156,944 1646382470
1 1 23 -19,57 -4,74 -156,913 1646382470
1 1 23 -19,75 -4,93 -157,011 1646382471
1 1 23 -19,82 -5,18 -156,981 1646382471
1 1 23 -19,75 -5,43 -156,981 1646382471
1 1 23 -19,57 -5,61 -157,035 1646382471
1 1 23 -19,32 -5,68 -156,944 1646382472
1 1 23 -19,07 -5,61 -156,981 1646382472
1 1 23 -18,89 -5,43 -156,987 1646382472
1 1 24 -17,32 -10,00 -156,987 1646382473
1 1 24 -16,82 -10,00 -157,035 1646382473
1 1 24 -16,89 -9,75 -157,054 1646382474
1 1 24 -17,07 -9,57 -156,981 1646382474
1 1 24 -17,32 -9,50 -156,871 1646382474
1 1 24 -17,57 -9,57 -157,011 1646382474
1 1 24 -17,75 -9,75 -156,968 1646382475
1 1 24 -17,82 -10,00 -156,956 1646382475
1 1 24 -17,75 -10,25 -156,950 1646382475
1 1 24 -17,57 -10,43 -156,907 1646382475
1 1 24 -17,32 -10,50 -156,987 1646382476
1 1 24 -17,07 -10,43 -156,987 1646382476
1 1 24 -16,89 -10,25 -156,981 1646382476
1 1 25 -14,14 -14,14 -156,962 1646382477
1 1 25 -13,64 -14,14 -156,968 1646382477
1 1 25 -13,71 -13,89 -156,950 1646382478
1 1 25 -13,89 -13,71 -156,956 1646382478
1 1 25 -14,14 -13,64 -156,987 1646382478
1 1 25 -14,39 -13,71 -156,987 1646382478
1 1 25 -14,58 -13,89 -156,932 1646382478
1 1 25 -14,64 -14,14 -156,913 1646382479
1 1 25 -14,58 -14,39 -157,011 1646382479
1 1 25 -14,39 -14,58 -156,950 1646382479
1 1 25 -14,14 -14,64 -156,974 1646382479
1 1 25 -13,89 -14,58 -157,011 1646382480
1 1 25 -13,71 -14,39 -156,938 1646382480
1 1 26 -10,00 -17,32 -156,901 1646382481
1 1 26 -9,50 -17,32 -156,950 1646382481
1 1 26 -9,57 -17,07 -156,981 1646382481
1 1 26 -9,75 -16,89 -157,066 1646382481
1 1 26 -10,00 -16,82 -156,993 1646382482
1 1 26 -10,25 -16,89 -156,944 1646382482
1 1 26 -10,43 -17,07 -157,096 1646382482
1 1 26 -10,50 -17,32 -156,987 1646382482
1 1 26 -10,43 -17,57 -157,035 1646382483
1 1 26 -10,25 -17,75 -156,938 1646382483
1 1 26 -10,00 -17,82 -156,871 1646382483
1 1 26 -9,75 -17,75 -156,999 1646382483
1 1 26 -9,57 -17,57 -156,987 1646382484
1 1 27 -5,18 -19,32 -156,944 1646382484
1 1 27 -4,68 -19,32 -156,877 1646382485
1 1 27 -4,74 -19,07 -156,944 1646382485
1 1 27 -4,93 -18,89 -156,913 1646382486
1 1 27 -5,18 -18,82 -157,005 1646382486
1 1 27 -5,43 -18,89 -156,987 1646382486
1 1 27 -5,61 -19,07 -156,938 1646382486
1 1 27 -5,68 -19,32 -156,987 1646382487
1 1 27 -5,61 -19,57 -156,956 1646382487
1 1 27 -5,43 -19,75 -156,938 1646382487
1 1 27 -5,18 -19,82 -156,950 1646382487
1 1 27 -4,93 -19,75 -156,950 1646382488
1 1 27 -4,74 -19,57 -156,907 1646382488
1 1 28 5,18 -19,32 -156,968 1646382489
1 1 28 5,68 -19,32 -156,968 1646382490
1 1 28 5,61 -19,07 -156,987 1646382490
1 1 28 5,43 -18,89 -156,895 1646382490
1 1 28 5,18 -18,82 -157,035 1646382490
1 1 28 4,93 -18,89 -156,993 1646382491
1 1 28 4,74 -19,07 -156,968 1646382491
1 1 28 4,68 -19,32 -157,017 1646382491
1 1 28 4,74 -19,57 -156,950 1646382491
1 1 28 4,93 -19,75 -157,029 1646382492
1 1 28 5,18 -19,82 -157,023 1646382492
1 1 28 5,43 -19,75 -156,944 1646382492
1 1 28 5,61 -19,57 -156,993 1646382492
1 1 29 10,00 -17,32 -156,987 1646382493
1 1 29 10,50 -17,32 -157,029 1646382494
1 1 29 10,43 -17,07 -156,993 1646382494
1 1 29 10,25 -16,89 -156,956 1646382494
1 1 29 10,00 -16,82 -156,993 1646382494
1 1 29 9,75 -16,89 -156,999 1646382494
1 1 29 9,57 -17,07 -156,932 1646382495
1 1 29 9,50 -17,32 -156,968 1646382495
1 1 29 9,57 -17,57 -156,895 1646382495
1 1 29 9,75 -17,75 -157,029 1646382496
1 1 29 10,00 -17,82 -156,950 1646382496
1 1 29 10,25 -17,75 -157,035 1646382496
1 1 29 10,43 -17,57 -156,987 1646382496
1 1 30 14,14 -14,14 -156,913 1646382497
1 1 30 14,64 -14,14 -156,956 1646382497
1 1 30 14,58 -13,89 -156,913 1646382498
1 1 30 14,39 -13,71 -156,962 1646382498
1 1 30 14,14 -13,64 -157,011 1646382498
1 1 30 13,89 -13,71 -156,938 1646382498
1 1 30 13,71 -13,89 -156,938 1646382499
1 1 30 13,64 -14,14 -156,944 1646382499
1 1 30 13,71 -14,39 -156,999 1646382499
1 1 30 13,89 -14,58 -156,956 1646382499
1 1 30 14,14 -14,64 -156,938 1646382500
1 1 30 14,39 -14,58 -157,060 1646382500
1 1 30 14,58 -14,39 -156,981 1646382500
1 1 31 17,32 -10,00 -156,913 1646382501
1 1 31 17,82 -10,00 -156,993 1646382501
1 1 31 17,75 -9,75 -156,993 1646382502
1 1 31 17,57 -9,57 -156,974 1646382502
1 1 31 17,32 -9,50 -156,974 1646382502
1 1 31 17,07 -9,57 -156,962 1646382502
1 1 31 16,89 -9,75 -156,974 1646382502
1 1 31 16,82 -10,00 -156,987 1646382503
1 1 31 16,89 -10,25 -156,974 1646382503
1 1 31 17,07 -10,43 -156,993 1646382503
1 1 31 17,32 -10,50 -156,968 1646382503
1 1 31 17,57 -10,43 -157,023 1646382504
1 1 31 17,75 -10,25 -156,913 1646382504
1 1 32 19,32 -5,18 -156,974 1646382505
1 1 32 19,82 -5,18 -156,962 1646382505
1 1 32 19,75 -4,93 -156,944 1646382505
1 1 32 19,57 -4,74 -156,907 1646382506
1 1 32 19,32 -4,68 -157,029 1646382506
1 1 32 19,07 -4,74 -156,919 1646382506
1 1 32 18,89 -4,93 -156,913 1646382506
1 1 32 18,82 -5,18 -156,956 1646382507
1 1 32 18,89 -5,43 -156,919 1646382507
1 1 32 19,07 -5,61 -156,950 1646382507
1 1 32 19,32 -5,68 -156,907 1646382507
1 1 32 19,57 -5,61 -156,962 1646382507
1 1 32 19,75 -5,43 -156,987 1646382508
1 1 33 12,56 -3,36 -157,035 1646382509
1 1 33 13,06 -3,36 -157,029 1646382509
1 1 33 12,99 -3,11 -157,011 1646382510
1 1 33 12,81 -2,93 -156,993 1646382510
1 1 33 12,56 -2,86 -156,956 1646382510
1 1 33 12,31 -2,93 -156,883 1646382510
1 1 33 12,12 -3,11 -156,950 1646382511
1 1 33 12,06 -3,36 -156,944 1646382511
1 1 33 12,12 -3,61 -156,938 1646382511
1 1 33 12,31 -3,80 -156,938 1646382511
1 1 33 12,56 -3,86 -156,981 1646382512
1 1 33 12,81 -3,80 -156,907 1646382512
1 1 33 12,99 -3,61 -157,035 1646382512
1 1 34 9,19 -9,19 -156,987 1646382513
1 1 34 9,69 -9,19 -156,968 1646382513
1 1 34 9,63 -8,94 -156,981 1646382514
1 1 34 9,44 -8,76 -156,987 1646382514
1 1 34 9,19 -8,69 -156,950 1646382514
1 1 34 8,94 -8,76 -156,974 1646382514
1 1 34 8,76 -8,94 -156,968 1646382515
1 1 34 8,69 -9,19 -157,011 1646382515
1 1 34 8,76 -9,44 -156,987 1646382515
1 1 34 8,94 -9,63 -156,944 1646382515
1 1 34 9,19 -9,69 -157,011 1646382515
1 1 34 9,44 -9,63 -156,999 1646382516
1 1 34 9,63 -9,44 -156,962 1646382516
1 1 35 3,36 -12,56 -156,956 1646382517
1 1 35 3,86 -12,56 -156,968 1646382517
1 1 35 3,80 -12,31 -156,938 1646382517
1 1 35 3,61 -12,12 -156,981 1646382518
1 1 35 3,36 -12,06 -156,987 1646382518
1 1 35 3,11 -12,12 -156,962 1646382518
1 1 35 2,93 -12,31 -156,907 1646382518
1 1 35 2,86 -12,56 -156,907 1646382519
1 1 35 2,93 -12,81 -156,950 1646382519
1 1 35 3,11 -12,99 -156,919 1646382519
1 1 35 3,36 -13,06 -156,999 1646382519
1 1 35 3,61 -12,99 -156,950 1646382520
1 1 35 3,80 -12,81 -156,950 1646382520
1 1 36 4,24 -4,24 -156,944 1646382521
1 1 36 4,74 -4,24 -156,932 1646382521
1 1 36 4,68 -3,99 -156,932 1646382521
1 1 36 4,49 -3,81 -156,999 1646382522
1 1 36 4,24 -3,74 -156,938 1646382522
1 1 36 3,99 -3,81 -157,017 1646382522
1 1 36 3,81 -3,99 -157,048 1646382522
1 1 36 3,74 -4,24 -156,962 1646382523
1 1 36 3,81 -4,49 -156,968 1646382523
1 1 36 3,99 -4,68 -156,901 1646382523
1 1 36 4,24 -4,74 -156,938 1646382523
1 1 36 4,49 -4,68 -156,962 1646382523
1 1 36 4,68 -4,49 -156,999 1646382524
1 1 37 27,00 0,00 -156,950 1646382525
1 1 37 27,50 0,00 -156,981 1646382526
1 1 37 27,43 0,25 -156,944 1646382526
1 1 37 27,25 0,43 -156,962 1646382526
1 1 37 27,00 0,50 -156,913 1646382527
1 1 37 26,75 0,43 -156,981 1646382527
1 1 37 26,57 0,25 -157,005 1646382527
1 1 37 26,50 0,00 -156,987 1646382527
1 1 37 26,57 -0,25 -156,938 1646382527
1 1 37 26,75 -0,43 -156,907 1646382528
1 1 37 27,00 -0,50 -156,895 1646382528
1 1 37 27,25 -0,43 -157,005 1646382528
1 1 37 27,43 -0,25 -156,950 1646382528
1 1 38 26,08 6,99 -156,944 1646382529
1 1 38 26,58 6,99 -157,078 1646382530
1 1 38 26,51 7,24 -156,944 1646382530
1 1 38 26,33 7,42 -157,060 1646382530
1 1 38 26,08 7,49 -157,011 1646382530
1 1 38 25,83 7,42 -156,944 1646382531
1 1 38 25,65 7,24 -156,956 1646382531
1 1 38 25,58 6,99 -156,987 1646382531
1 1 38 25,65 6,74 -156,932 1646382532
1 1 38 25,83 6,56 -156,956 1646382532
1 1 38 26,08 6,49 -156,981 1646382532
1 1 38 26,33 6,56 -156,871 1646382532
1 1 38 26,51 6,74 -157,023 1646382533
1 1 39 23,38 13,50 -156,858 1646382533
1 1 39 23,88 13,50 -156,968 1646382534
1 1 39 23,82 13,75 -156,987 1646382534
1 1 39 23,63 13,93 -156,938 1646382534
1 1 39 23,38 14,00 -156,913 1646382535
1 1 39 23,13 13,93 -157,017 1646382535
1 1 39 22,95 13,75 -156,962 1646382535
1 1 39 22,88 13,50 -156,944 1646382535
1 1 39 22,95 13,25 -156,938 1646382536
1 1 39 23,13 13,07 -156,932 1646382536
1 1 39 23,38 13,00 -157,011 1646382536
1 1 39 23,63 13,07 -156,907 1646382536
1 1 39 23,82 13,25 -156,968 1646382536
1 1 40 19,09 19,09 -156,974 1646382537
1 1 40 19,59 19,09 -156,993 1646382538
1 1 40 19,52 19,34 -156,962 1646382538
1 1 40 19,34 19,52 -157,011 1646382538
1 1 40 19,09 19,59 -156,938 1646382538
1 1 40 18,84 19,52 -156,950 1646382539
1 1 40 18,66 19,34 -156,962 1646382539
1 1 40 18,59 19,09 -156,993 1646382539
1 1 40 18,66 18,84 -156,944 1646382539
1 1 40 18,84 18,66 -156,962 1646382540
1 1 40 19,09 18,59 -156,981 1646382540
1 1 40 19,34 18,66 -156,962 1646382540
1 1 40 19,52 18,84 -156,950 1646382540
1 1 41 13,50 23,38 -156,974 1646382541
1 1 41 14,00 23,38 -156,907 1646382542
1 1 41 13,93 23,63 -156,962 1646382542
1 1 41 13,75 23,82 -156,883 1646382542
1 1 41 13,50 23,88 -156,987 1646382542
1 1 41 13,25 23,82 -156,999 1646382543
1 1 41 13,07 23,63 -156,999 1646382543
1 1 41 13,00 23,38 -156,907 1646382543
1 1 41 13,07 23,13 -156,950 1646382543
1 1 41 13,25 22,95 -156,987 1646382543
1 1 41 13,50 22,88 -156,907 1646382544
1 1 41 13,75 22,95 -157,005 1646382544
1 1 41 13,93 23,13 -156,981 1646382544
1 1 42 6,99 26,08 -157,029 1646382545
1 1 42 7,49 26,08 -157,029 1646382546
1 1 42 7,42 26,33 -157,048 1646382546
1 1 42 7,24 26,51 -156,956 1646382546
1 1 42 6,99 26,58 -157,011 1646382546
1 1 42 6,74 26,51 -157,029 1646382546
1 1 42 6,56 26,33 -156,987 1646382547
1 1 42 6,49 26,08 -156,993 1646382547
1 1 42 6,56 25,83 -157,029 1646382547
1 1 42 6,74 25,65 -156,987 1646382547
1 1 42 6,99 25,58 -156,944 1646382548
1 1 42 7,24 25,65 -156,968 1646382548
1 1 42 7,42 25,83 -156,901 1646382548
1 1 43 0,00 27,00 -156,950 1646382549
1 1 43 0,50 27,00 -156,956 1646382550
1 1 43 0,43 27,25 -156,981 1646382550
1 1 43 0,25 27,43 -156,932 1646382550
1 1 43 0,00 27,50 -157,011 1646382550
1 1 43 -0,25 27,43 -156,999 1646382551
1 1 43 -0,43 27,25 -156,950 1646382551
1 1 43 -0,50 27,00 -157,005 1646382551
1 1 43 -0,43 26,75 -156,981 1646382551
1 1 43 -0,25 26,57 -156,987 1646382552
1 1 43 0,00 26,50 -156,999 1646382552
1 1 43 0,25 26,57 -157,035 1646382552
1 1 43 0,43 26,75 -156,938 1646382552
1 1 44 -6,99 26,08 -156,956 1646382553
1 1 44 -6,49 26,08 -156,987 1646382554
1 1 44 -6,56 26,33 -157,035 1646382554
1 1 44 -6,74 26,51 -156,993 1646382554
1 1 44 -6,99 26,58 -156,993 1646382555
1 1 44 -7,24 26,51 -157,035 1646382555
1 1 44 -7,42 26,33 -157,017 1646382555
1 1 44 -7,49 26,08 -157,023 1646382555
1 1 44 -7,42 25,83 -157,035 1646382556
1 1 44 -7,24 25,65 -156,962 1646382556
1 1 44 -6,99 25,58 -157,011 1646382556
1 1 44 -6,74 25,65 -156,987 1646382556
1 1 44 -6,56 25,83 -156,932 1646382557
1 1 45 -13,50 23,38 -156,968 1646382558
1 1 45 -13,00 23,38 -156,993 1646382558
1 1 45 -13,07 23,63 -157,029 1646382558
1 1 45 -13,25 23,82 -157,011 1646382559
1 1 45 -13,50 23,88 -156,950 1646382559
1 1 45 -13,75 23,82 -157,042 1646382559
1 1 45 -13,93 23,63 -156,950 1646382559
1 1 45 -14,00 23,38 -157,011 1646382559
1 1 45 -13,93 23,13 -156,999 1646382560
1 1 45 -13,75 22,95 -156,974 1646382560
1 1 45 -13,50 22,88 -157,011 1646382560
1 1 45 -13,25 22,95 -157,066 1646382560
1 1 45 -13,07 23,13 -156,901 1646382561
1 1 46 -19,09 19,09 -156,950 1646382561
1 1 46 -18,59 19,09 -156,999 1646382562
1 1 46 -18,66 19,34 -156,962 1646382562
1 1 46 -18,84 19,52 -156,974 1646382562
1 1 46 -19,09 19,59 -156,938 1646382563
1 1 46 -19,34 19,52 -156,987 1646382563
1 1 46 -19,52 19,34 -156,987 1646382563
1 1 46 -19,59 19,09 -156,919 1646382563
1 1 46 -19,52 18,84 -156,913 1646382564
1 1 46 -19,34 18,66 -156,999 1646382564
1 1 46 -19,09 18,59 -156,999 1646382564
1 1 46 -18,84 18,66 -156,938 1646382564
1 1 46 -18,66 18,84 -157,005 1646382564
1 1 47 -23,38 13,50 -157,011 1646382565
1 1 47 -22,88 13,50 -157,042 1646382566
1 1 47 -22,95 13,75 -156,956 1646382566
1 1 47 -23,13 13,93 -156,993 1646382566
1 1 47 -23,38 14,00 -157,035 1646382566
1 1 47 -23,63 13,93 -156,962 1646382567
1 1 47 -23,82 13,75 -156,932 1646382567
1 1 47 -23,88 13,50 -156,883 1646382567
1 1 47 -23,82 13,25 -156,950 1646382567
1 1 47 -23,63 13,07 -156,993 1646382568
1 1 47 -23,38 13,00 -156,956 1646382568
1 1 47 -23,13 13,07 -156,950 1646382568
1 1 47 -22,95 13,25 -157,072 1646382568
1 1 48 -26,08 6,99 -157,011 1646382569
1 1 48 -25,58 6,99 -156,987 1646382570
1 1 48 -25,65 7,24 -156,852 1646382570
1 1 48 -25,83 7,42 -156,944 1646382570
1 1 48 -26,08 7,49 -157,017 1646382570
1 1 48 -26,33 7,42 -156,913 1646382571
1 1 48 -26,51 7,24 -156,816 1646382571
1 1 48 -26,58 6,99 -156,926 1646382571
1 1 48 -26,51 6,74 -156,932 1646382571
1 1 48 -26,33 6,56 -156,932 1646382571
1 1 48 -26,08 6,49 -157,066 1646382572
1 1 48 -25,83 6,56 -157,011 1646382572
1 1 48 -25,65 6,74 -156,926 1646382572
1 1 49 -27,00 0,00 -156,968 1646382573
1 1 49 -26,50 0,00 -156,999 1646382574
1 1 49 -26,57 0,25 -156,993 1646382574
1 1 49 -26,75 0,43 -157,011 1646382574
1 1 49 -27,00 0,50 -156,950 1646382574
1 1 49 -27,25 0,43 -157,042 1646382574
1 1 49 -27,43 0,25 -156,907 1646382575
1 1 49 -27,50 0,00 -156,913 1646382575
1 1 49 -27,43 -0,25 -156,919 1646382575
1 1 49 -27,25 -0,43 -156,987 1646382575
1 1 49 -27,00 -0,50 -156,944 1646382576
1 1 49 -26,75 -0,43 -156,956 1646382576
1 1 49 -26,57 -0,25 -156,944 1646382576
1 1 50 -26,08 -6,99 -156,956 1646382577
1 1 50 -25,58 -6,99 -156,944 1646382577
1 1 50 -25,65 -6,74 -157,011 1646382578
1 1 50 -25,83 -6,56 -156,962 1646382578
1 1 50 -26,08 -6,49 -157,017 1646382578
1 1 50 -26,33 -6,56 -156,932 1646382578
1 1 50 -26,51 -6,74 -156,993 1646382579
1 1 50 -26,58 -6,99 -156,932 1646382579
1 1 50 -26,51 -7,24 -156,950 1646382579
1 1 50 -26,33 -7,42 -156,974 1646382579
1 1 50 -26,08 -7,49 -156,938 1646382580
1 1 50 -25,83 -7,42 -156,968 1646382580
1 1 50 -25,65 -7,24 -157,115 1646382580
1 1 51 -23,38 -13,50 -156,987 1646382581
1 1 51 -22,88 -13,50 -157,048 1646382581
1 1 51 -22,95 -13,25 -156,987 1646382582
1 1 51 -23,13 -13,07 -156,974 1646382582
1 1 51 -23,38 -13,00 -156,932 1646382582
1 1 51 -23,63 -13,07 -156,962 1646382582
1 1 51 -23,82 -13,25 -156,962 1646382582
1 1 51 -23,88 -13,50 -156,907 1646382583
1 1 51 -23,82 -13,75 -156,993 1646382583
1 1 51 -23,63 -13,93 -156,938 1646382583
1 1 51 -23,38 -14,00 -157,005 1646382583
1 1 51 -23,13 -13,93 -156,993 1646382584
1 1 51 -22,95 -13,75 -156,968 1646382584
1 1 52 -19,09 -19,09 -156,962 1646382585
1 1 52 -18,59 -19,09 -156,950 1646382585
1 1 52 -18,66 -18,84 -157,011 1646382585
1 1 52 -18,84 -18,66 -156,987 1646382586
1 1 52 -19,09 -18,59 -156,932 1646382586
1 1 52 -19,34 -18,66 -156,968 1646382586
1 1 52 -19,52 -18,84 -156,987 1646382586
1 1 52 -19,59 -19,09 -156,950 1646382587
1 1 52 -19,52 -19,34 -156,974 1646382587
1 1 52 -19,34 -19,52 -156,938 1646382587
1 1 52 -19,09 -19,59 -157,017 1646382587
1 1 52 -18,84 -19,52 -156,858 1646382587
1 1 52 -18,66 -19,34 -156,962 1646382588
1 1 53 -13,50 -23,38 -156,968 1646382588
1 1 53 -13,00 -23,38 -157,011 1646382589
1 1 53 -13,07 -23,13 -156,987 1646382589
1 1 53 -13,25 -22,95 -156,987 1646382589
1 1 53 -13,50 -22,88 -156,944 1646382590
1 1 53 -13,75 -22,95 -156,956 1646382590
1 1 53 -13,93 -23,13 -156,956 1646382590
1 1 53 -14,00 -23,38 -156,950 1646382590
1 1 53 -13,93 -23,63 -156,999 1646382591
1 1 53 -13,75 -23,82 -156,938 1646382591
1 1 53 -13,50 -23,88 -156,999 1646382591
1 1 53 -13,25 -23,82 -157,011 1646382591
1 1 53 -13,07 -23,63 -156,987 1646382592
1 1 54 -6,99 -26,08 -156,981 1646382592
1 1 54 -6,49 -26,08 -156,987 1646382593
1 1 54 -6,56 -25,83 -156,987 1646382593
1 1 54 -6,74 -25,65 -156,987 1646382593
1 1 54 -6,99 -25,58 -157,017 1646382593
1 1 54 -7,24 -25,65 -156,950 1646382594
1 1 54 -7,42 -25,83 -156,932 1646382594
1 1 54 -7,49 -26,08 -156,987 1646382594
1 1 54 -7,42 -26,33 -156,950 1646382594
1 1 54 -7,24 -26,51 -156,993 1646382595
1 1 54 -6,99 -26,58 -156,993 1646382595
1 1 54 -6,74 -26,51 -156,950 1646382595
1 1 54 -6,56 -26,33 -156,999 1646382595
1 1 55 -0,00 -27,00 -157,005 1646382596
1 1 55 0,50 -27,00 -156,944 1646382597
1 1 55 0,43 -26,75 -156,993 1646382597
1 1 55 0,25 -26,57 -156,950 1646382597
1 1 55 -0,00 -26,50 -156,974 1646382597
1 1 55 -0,25 -26,57 -156,987 1646382598
1 1 55 -0,43 -26,75 -156,950 1646382598
1 1 55 -0,50 -27,00 -156,877 1646382598
1 1 55 -0,43 -27,25 -156,926 1646382598
1 1 55 -0,25 -27,43 -156,999 1646382598
1 1 55 -0,00 -27,50 -157,042 1646382599
1 1 55 0,25 -27,43 -156,999 1646382599
1 1 55 0,43 -27,25 -157,042 1646382599
1 1 56 6,99 -26,08 -156,987 1646382600
1 1 56 7,49 -26,08 -157,023 1646382600
1 1 56 7,42 -25,83 -156,956 1646382601
1 1 56 7,24 -25,65 -157,011 1646382601
1 1 56 6,99 -25,58 -156,981 1646382601
1 1 56 6,74 -25,65 -156,944 1646382601
1 1 56 6,56 -25,83 -156,987 1646382602
1 1 56 6,49 -26,08 -156,993 1646382602
1 1 56 6,56 -26,33 -156,993 1646382602
1 1 56 6,74 -26,51 -156,999 1646382602
1 1 56 6,99 -26,58 -157,029 1646382603
1 1 56 7,24 -26,51 -157,042 1646382603
1 1 56 7,42 -26,33 -157,017 1646382603
1 1 57 13,50 -23,38 -157,035 1646382604
1 1 57 14,00 -23,38 -156,950 1646382604
1 1 57 13,93 -23,13 -156,993 1646382605
1 1 57 13,75 -22,95 -156,993 1646382605
1 1 57 13,50 -22,88 -157,029 1646382605
1 1 57 13,25 -22,95 -156,938 1646382605
1 1 57 13,07 -23,13 -157,054 1646382605
1 1 57 13,00 -23,38 -156,993 1646382606
1 1 57 13,07 -23,63 -157,011 1646382606
1 1 57 13,25 -23,82 -156,901 1646382606
1 1 57 13,50 -23,88 -156,987 1646382606
1 1 57 13,75 -23,82 -156,968 1646382607
1 1 57 13,93 -23,63 -156,987 1646382607
1 1 58 19,09 -19,09 -157,011 1646382608
1 1 58 19,59 -19,09 -156,987 1646382608
1 1 58 19,52 -18,84 -156,999 1646382608
1 1 58 19,34 -18,66 -156,938 1646382609
1 1 58 19,09 -18,59 -156,993 1646382609
1 1 58 18,84 -18,66 -157,005 1646382609
1 1 58 18,66 -18,84 -156,999 1646382609
1 1 58 18,59 -19,09 -156,926 1646382609
1 1 58 18,66 -19,34 -156,913 1646382610
1 1 58 18,84 -19,52 -156,956 1646382610
1 1 58 19,09 -19,59 -156,962 1646382610
1 1 58 19,34 -19,52 -157,005 1646382610
1 1 58 19,52 -19,34 -157,029 1646382611
1 1 59 23,38 -13,50 -156,993 1646382611
1 1 59 23,88 -13,50 -156,962 1646382612
1 1 59 23,82 -13,25 -156,938 1646382612
1 1 59 23,63 -13,07 -156,950 1646382612
1 1 59 23,38 -13,00 -156,938 1646382613
1 1 59 23,13 -13,07 -156,877 1646382613
1 1 59 22,95 -13,25 -156,999 1646382613
1 1 59 22,88 -13,50 -156,944 1646382613
1 1 59 22,95 -13,75 -156,938 1646382614
1 1 59 23,13 -13,93 -156,999 1646382614
1 1 59 23,38 -14,00 -156,950 1646382614
1 1 59 23,63 -13,93 -156,932 1646382614
1 1 59 23,82 -13,75 -156,956 1646382614
1 1 60 26,08 -6,99 -156,950 1646382615
1 1 60 26,58 -6,99 -156,993 1646382616
1 1 60 26,51 -6,74 -156,993 1646382616
1 1 60 26,33 -6,56 -156,981 1646382616
1 1 60 26,08 -6,49 -157,017 1646382617
1 1 60 25,83 -6,56 -156,883 1646382617
1 1 60 25,65 -6,74 -157,017 1646382617
1 1 60 25,58 -6,99 -156,962 1646382617
1 1 60 25,65 -7,24 -156,950 1646382618
1 1 60 25,83 -7,42 -156,993 1646382618
1 1 60 26,08 -7,49 -157,029 1646382618
1 1 60 26,33 -7,42 -156,938 1646382618
1 1 60 26,51 -7,24 -156,968 1646382618
