1 1 1 4,24 4,24 -156,968 1646384184
1 1 1 4,74 4,24 -156,987 1646384184
1 1 1 4,68 4,49 -157,060 1646384185
1 1 1 4,49 4,68 -156,993 1646384185
1 1 1 4,24 4,74 -156,907 1646384185
1 1 1 3,99 4,68 -156,926 1646384185
1 1 1 3,81 4,49 -156,871 1646384186
1 1 1 3,74 4,24 -156,962 1646384186
1 1 1 3,81 3,99 -156,950 1646384186
1 1 1 3,99 3,81 -156,950 1646384186
1 1 1 4,24 3,74 -156,932 1646384186
1 1 1 4,49 3,81 -156,968 1646384187
1 1 1 4,68 3,99 -156,950 1646384187
1 1 2 3,36 12,56 -156,828 1646384188
1 1 2 3,86 12,56 -156,968 1646384188
1 1 2 3,80 12,81 -157,011 1646384189
1 1 2 3,61 12,99 -156,907 1646384189
1 1 2 3,36 13,06 -156,865 1646384190
1 1 2 3,11 12,99 -156,895 1646384191
1 1 2 2,93 12,81 -156,956 1646384191
1 1 2 2,86 12,56 -156,944 1646384191
1 1 2 2,93 12,31 -156,901 1646384192
1 1 2 3,11 12,12 -156,968 1646384192
1 1 2 3,36 12,06 -156,968 1646384193
1 1 2 3,61 12,12 -157,011 1646384194
1 1 2 3,80 12,31 -156,901 1646384194
1 1 3 9,19 9,19 -156,987 1646384195
1 1 3 9,69 9,19 -156,938 1646384195
1 1 3 9,63 9,44 -156,871 1646384196
1 1 3 9,44 9,63 -156,913 1646384197
1 1 3 9,19 9,69 -156,993 1646384197
1 1 3 8,94 9,63 -156,968 1646384197
1 1 3 8,76 9,44 -156,950 1646384197
1 1 3 8,69 9,19 -156,907 1646384198
1 1 3 8,76 8,94 -156,944 1646384198
1 1 3 8,94 8,76 -156,987 1646384198
1 1 3 9,19 8,69 -156,987 1646384198
1 1 3 9,44 8,76 -156,932 1646384199
1 1 3 9,63 8,94 -156,944 1646384199
1 1 4 12,56 3,36 -156,919 1646384200
1 1 4 13,06 3,36 -156,938 1646384200
1 1 4 12,99 3,61 -156,981 1646384200
1 1 4 12,81 3,80 -156,919 1646384201
1 1 4 12,56 3,86 -156,938 1646384201
1 1 4 12,31 3,80 -156,926 1646384201
1 1 4 12,12 3,61 -156,938 1646384201
1 1 4 12,06 3,36 -156,956 1646384201
1 1 4 12,12 3,11 -156,913 1646384202
1 1 4 12,31 2,93 -156,901 1646384202
1 1 4 12,56 2,86 -156,956 1646384202
1 1 4 12,81 2,93 -156,907 1646384202
1 1 4 12,99 3,11 -156,950 1646384203
1 1 5 19,32 5,18 -157,011 1646384203
1 1 5 19,82 5,18 -156,956 1646384204
1 1 5 19,75 5,43 -156,962 1646384204
1 1 5 19,57 5,61 -156,926 1646384204
1 1 5 19,32 5,68 -156,883 1646384205
1 1 5 19,07 5,61 -156,944 1646384205
1 1 5 18,89 5,43 -156,895 1646384205
1 1 5 18,82 5,18 -156,919 1646384205
1 1 5 18,89 4,93 -156,877 1646384206
1 1 5 19,07 4,74 -156,968 1646384206
1 1 5 19,32 4,68 -156,919 1646384206
1 1 5 19,57 4,74 -156,938 1646384206
1 1 5 19,75 4,93 -156,974 1646384207
1 1 6 17,32 10,00 -156,993 1646384208
1 1 6 17,82 10,00 -156,871 1646384208
1 1 6 17,75 10,25 -156,919 1646384209
1 1 6 17,57 10,43 -156,932 1646384209
1 1 6 17,32 10,50 -156,932 1646384210
1 1 6 17,07 10,43 -156,950 1646384210
1 1 6 16,89 10,25 -156,944 1646384211
1 1 6 16,82 10,00 -156,968 1646384211
1 1 6 16,89 9,75 -156,932 1646384212
1 1 6 17,07 9,57 -156,895 1646384212
1 1 6 17,32 9,50 -156,993 1646384213
1 1 6 17,57 9,57 -156,993 1646384213
1 1 6 17,75 9,75 -156,932 1646384214
1 1 7 14,14 14,14 -156,919 1646384215
1 1 7 14,64 14,14 -156,944 1646384215
1 1 7 14,58 14,39 -156,987 1646384215
1 1 7 14,39 14,58 -156,907 1646384216
1 1 7 14,14 14,64 -156,956 1646384216
1 1 7 13,89 14,58 -156,987 1646384216
1 1 7 13,71 14,39 -156,950 1646384217
1 1 7 13,64 14,14 -156,987 1646384217
1 1 7 13,71 13,89 -156,938 1646384217
1 1 7 13,89 13,71 -156,938 1646384218
1 1 7 14,14 13,64 -156,889 1646384219
1 1 7 14,39 13,71 -156,907 1646384219
1 1 7 14,58 13,89 -156,956 1646384219
1 1 8 10,00 17,32 -156,938 1646384220
1 1 8 10,50 17,32 -156,938 1646384221
1 1 8 10,43 17,57 -156,938 1646384221
1 1 8 10,25 17,75 -156,865 1646384221
1 1 8 10,00 17,82 -156,999 1646384222
1 1 8 9,75 17,75 -156,907 1646384222
1 1 8 9,57 17,57 -156,913 1646384222
1 1 8 9,50 17,32 -156,919 1646384223
1 1 8 9,57 17,07 -156,913 1646384223
1 1 8 9,75 16,89 -156,962 1646384224
1 1 8 10,00 16,82 -156,950 1646384224
1 1 8 10,25 16,89 -156,956 1646384225
1 1 8 10,43 17,07 -156,926 1646384225
1 1 9 5,18 19,32 -156,938 1646384226
1 1 9 5,68 19,32 -156,919 1646384227
1 1 9 5,61 19,57 -156,901 1646384227
1 1 9 5,43 19,75 -156,938 1646384228
1 1 9 5,18 19,82 -156,938 1646384228
1 1 9 4,93 19,75 -156,889 1646384228
1 1 9 4,74 19,57 -156,907 1646384229
1 1 9 4,68 19,32 -156,950 1646384229
1 1 9 4,74 19,07 -156,932 1646384230
1 1 9 4,93 18,89 -156,981 1646384230
1 1 9 5,18 18,82 -156,944 1646384231
1 1 9 5,43 18,89 -156,962 1646384231
1 1 9 5,61 19,07 -156,981 1646384232
1 1 10 -5,18 19,32 -156,962 1646384233
1 1 10 -4,68 19,32 -156,932 1646384233
1 1 10 -4,74 19,57 -156,956 1646384234
1 1 10 -4,93 19,75 -156,919 1646384234
1 1 10 -5,18 19,82 -156,950 1646384235
1 1 10 -5,43 19,75 -156,987 1646384235
1 1 10 -5,61 19,57 -156,950 1646384236
1 1 10 -5,68 19,32 -156,974 1646384236
1 1 10 -5,61 19,07 -157,023 1646384237
1 1 10 -5,43 18,89 -156,956 1646384237
1 1 10 -5,18 18,82 -156,956 1646384238
1 1 10 -4,93 18,89 -157,023 1646384238
1 1 10 -4,74 19,07 -156,944 1646384238
1 1 11 -10,00 17,32 -156,950 1646384239
1 1 11 -9,50 17,32 -156,993 1646384240
1 1 11 -9,57 17,57 -156,987 1646384240
1 1 11 -9,75 17,75 -156,907 1646384241
1 1 11 -10,00 17,82 -156,907 1646384241
1 1 11 -10,25 17,75 -156,981 1646384242
1 1 11 -10,43 17,57 -156,987 1646384242
1 1 11 -10,50 17,32 -156,938 1646384242
1 1 11 -10,43 17,07 -156,926 1646384242
1 1 11 -10,25 16,89 -157,011 1646384243
1 1 11 -10,00 16,82 -156,932 1646384243
1 1 11 -9,75 16,89 -156,974 1646384243
1 1 11 -9,57 17,07 -156,962 1646384244
1 1 12 -14,14 14,14 -157,023 1646384244
1 1 12 -13,64 14,14 -156,968 1646384245
1 1 12 -13,71 14,39 -156,938 1646384245
1 1 12 -13,89 14,58 -156,968 1646384245
1 1 12 -14,14 14,64 -157,005 1646384246
1 1 12 -14,39 14,58 -156,981 1646384246
1 1 12 -14,58 14,39 -156,846 1646384246
1 1 12 -14,64 14,14 -156,907 1646384246
1 1 12 -14,58 13,89 -156,968 1646384246
1 1 12 -14,39 13,71 -156,987 1646384247
1 1 12 -14,14 13,64 -156,968 1646384247
1 1 12 -13,89 13,71 -156,944 1646384247
1 1 12 -13,71 13,89 -156,913 1646384247
1 1 13 -17,32 10,00 -156,938 1646384248
1 1 13 -16,82 10,00 -157,023 1646384249
1 1 13 -16,89 10,25 -156,968 1646384249
1 1 13 -17,07 10,43 -157,035 1646384249
1 1 13 -17,32 10,50 -156,999 1646384249
1 1 13 -17,57 10,43 -156,944 1646384250
1 1 13 -17,75 10,25 -156,974 1646384250
1 1 13 -17,82 10,00 -156,981 1646384250
1 1 13 -17,75 9,75 -156,956 1646384250
1 1 13 -17,57 9,57 -156,987 1646384250
1 1 13 -17,32 9,50 -156,999 1646384251
1 1 13 -17,07 9,57 -156,987 1646384251
1 1 13 -16,89 9,75 -156,962 1646384251
1 1 14 -19,32 5,18 -157,023 1646384252
1 1 14 -18,82 5,18 -156,999 1646384253
1 1 14 -18,89 5,43 -156,968 1646384253
1 1 14 -19,07 5,61 -156,932 1646384253
1 1 14 -19,32 5,68 -156,993 1646384253
1 1 14 -19,57 5,61 -156,834 1646384253
1 1 14 -19,75 5,43 -156,907 1646384254
1 1 14 -19,82 5,18 -156,926 1646384254
1 1 14 -19,75 4,93 -156,889 1646384254
1 1 14 -19,57 4,74 -156,944 1646384254
1 1 14 -19,32 4,68 -156,938 1646384255
1 1 14 -19,07 4,74 -156,962 1646384255
1 1 14 -18,89 4,93 -156,999 1646384255
1 1 15 -12,56 3,36 -156,950 1646384256
1 1 15 -12,06 3,36 -156,987 1646384257
1 1 15 -12,12 3,61 -156,974 1646384257
1 1 15 -12,31 3,80 -156,944 1646384257
1 1 15 -12,56 3,86 -156,950 1646384257
1 1 15 -12,81 3,80 -156,938 1646384258
1 1 15 -12,99 3,61 -156,865 1646384258
1 1 15 -13,06 3,36 -156,962 1646384258
1 1 15 -12,99 3,11 -156,944 1646384258
1 1 15 -12,81 2,93 -156,974 1646384259
1 1 15 -12,56 2,86 -156,993 1646384259
1 1 15 -12,31 2,93 -156,938 1646384259
1 1 15 -12,12 3,11 -156,999 1646384259
1 1 16 -9,19 9,19 -156,999 1646384260
1 1 16 -8,69 9,19 -156,944 1646384261
1 1 16 -8,76 9,44 -157,127 1646384261
1 1 16 -8,94 9,63 -156,938 1646384261
1 1 16 -9,19 9,69 -156,907 1646384261
1 1 16 -9,44 9,63 -156,981 1646384262
1 1 16 -9,63 9,44 -156,950 1646384262
1 1 16 -9,69 9,19 -156,956 1646384262
1 1 16 -9,63 8,94 -156,993 1646384262
1 1 16 -9,44 8,76 -156,944 1646384263
1 1 16 -9,19 8,69 -156,981 1646384263
1 1 16 -8,94 8,76 -156,999 1646384263
1 1 16 -8,76 8,94 -156,871 1646384263
1 1 17 -3,36 12,56 -156,950 1646384264
1 1 17 -2,86 12,56 -156,956 1646384264
1 1 17 -2,93 12,81 -156,981 1646384265
1 1 17 -3,11 12,99 -156,950 1646384265
1 1 17 -3,36 13,06 -156,950 1646384265
1 1 17 -3,61 12,99 -156,962 1646384265
1 1 17 -3,80 12,81 -156,926 1646384266
1 1 17 -3,86 12,56 -156,974 1646384266
1 1 17 -3,80 12,31 -156,926 1646384266
1 1 17 -3,61 12,12 -156,981 1646384266
1 1 17 -3,36 12,06 -156,987 1646384267
1 1 17 -3,11 12,12 -156,950 1646384267
1 1 17 -2,93 12,31 -157,023 1646384267
1 1 18 -4,24 4,24 -156,999 1646384268
1 1 18 -3,74 4,24 -156,962 1646384268
1 1 18 -3,81 4,49 -156,938 1646384269
1 1 18 -3,99 4,68 -156,987 1646384269
1 1 18 -4,24 4,74 -156,932 1646384269
1 1 18 -4,49 4,68 -157,005 1646384269
1 1 18 -4,68 4,49 -156,950 1646384270
1 1 18 -4,74 4,24 -156,907 1646384270
1 1 18 -4,68 3,99 -156,987 1646384270
1 1 18 -4,49 3,81 -156,871 1646384271
1 1 18 -4,24 3,74 -156,950 1646384271
1 1 18 -3,99 3,81 -156,968 1646384271
1 1 18 -3,81 3,99 -156,974 1646384271
1 1 19 -4,24 -4,24 -157,011 1646384272
1 1 19 -3,74 -4,24 -157,023 1646384273
1 1 19 -3,81 -3,99 -157,005 1646384273
1 1 19 -3,99 -3,81 -156,968 1646384273
1 1 19 -4,24 -3,74 -156,938 1646384274
1 1 19 -4,49 -3,81 -156,974 1646384274
1 1 19 -4,68 -3,99 -156,944 1646384274
1 1 19 -4,74 -4,24 -156,999 1646384274
1 1 19 -4,68 -4,49 -156,993 1646384274
1 1 19 -4,49 -4,68 -156,944 1646384275
1 1 19 -4,24 -4,74 -156,956 1646384275
1 1 19 -3,99 -4,68 -156,926 1646384275
1 1 19 -3,81 -4,49 -156,968 1646384275
1 1 20 -3,36 -12,56 -156,974 1646384276
1 1 20 -2,86 -12,56 -156,950 1646384277
1 1 20 -2,93 -12,31 -156,938 1646384277
1 1 20 -3,11 -12,12 -156,932 1646384277
1 1 20 -3,36 -12,06 -157,017 1646384277
1 1 20 -3,61 -12,12 -156,883 1646384278
1 1 20 -3,80 -12,31 -156,968 1646384278
1 1 20 -3,86 -12,56 -156,987 1646384278
1 1 20 -3,80 -12,81 -156,944 1646384279
1 1 20 -3,61 -12,99 -156,962 1646384279
1 1 20 -3,36 -13,06 -156,913 1646384279
1 1 20 -3,11 -12,99 -156,987 1646384279
1 1 20 -2,93 -12,81 -156,987 1646384280
1 1 21 -9,19 -9,19 -157,017 1646384280
1 1 21 -8,69 -9,19 -156,987 1646384281
1 1 21 -8,76 -8,94 -156,974 1646384281
1 1 21 -8,94 -8,76 -156,950 1646384281
1 1 21 -9,19 -8,69 -156,950 1646384282
1 1 21 -9,44 -8,76 -156,950 1646384282
1 1 21 -9,63 -8,94 -156,913 1646384282
1 1 21 -9,69 -9,19 -156,913 1646384282
1 1 21 -9,63 -9,44 -156,932 1646384283
1 1 21 -9,44 -9,63 -156,956 1646384283
1 1 21 -9,19 -9,69 -156,987 1646384283
1 1 21 -8,94 -9,63 -156,895 1646384283
1 1 21 -8,76 -9,44 -156,999 1646384284
1 1 22 -12,56 -3,36 -156,956 1646384284
1 1 22 -12,06 -3,36 -157,029 1646384285
1 1 22 -12,12 -3,11 -157,035 1646384286
1 1 22 -12,31 -2,93 -157,011 1646384286
1 1 22 -12,56 -2,86 -156,981 1646384287
1 1 22 -12,81 -2,93 -156,932 1646384287
1 1 22 -12,99 -3,11 -156,993 1646384287
1 1 22 -13,06 -3,36 -156,919 1646384288
1 1 22 -12,99 -3,61 -156,938 1646384288
1 1 22 -12,81 -3,80 -156,999 1646384289
1 1 22 -12,56 -3,86 -156,895 1646384289
1 1 22 -12,31 -3,80 -156,962 1646384290
1 1 22 -12,12 -3,61 -156,987 1646384290
1 1 23 -19,32 -5,18 -156,913 1646384291
1 1 23 -18,82 -5,18 -156,932 1646384291
1 1 23 -18,89 -4,93 -156,907 1646384292
1 1 23 -19,07 -4,74 -156,987 1646384292
1 1 23 -19,32 -4,68 -156,962 1646384292
1 1 23 -19,57 -4,74 -156,987 1646384293
1 1 23 -19,75 -4,93 -156,968 1646384293
1 1 23 -19,82 -5,18 -156,907 1646384293
1 1 23 -19,75 -5,43 -156,938 1646384294
1 1 23 -19,57 -5,61 -156,834 1646384294
1 1 23 -19,32 -5,68 -156,932 1646384295
1 1 23 -19,07 -5,61 -156,944 1646384295
1 1 23 -18,89 -5,43 -156,956 1646384295
1 1 24 -17,32 -10,00 -156,981 1646384296
1 1 24 -16,82 -10,00 -156,999 1646384297
1 1 24 -16,89 -9,75 -156,999 1646384297
1 1 24 -17,07 -9,57 -156,962 1646384298
1 1 24 -17,32 -9,50 -156,944 1646384298
1 1 24 -17,57 -9,57 -156,919 1646384299
1 1 24 -17,75 -9,75 -156,932 1646384299
1 1 24 -17,82 -10,00 -156,993 1646384300
1 1 24 -17,75 -10,25 -156,907 1646384300
1 1 24 -17,57 -10,43 -157,048 1646384301
1 1 24 -17,32 -10,50 -157,115 1646384301
1 1 24 -17,07 -10,43 -156,932 1646384302
1 1 24 -16,89 -10,25 -156,962 1646384302
1 1 25 -14,14 -14,14 -156,956 1646384303
1 1 25 -13,64 -14,14 -156,895 1646384303
1 1 25 -13,71 -13,89 -156,907 1646384304
1 1 25 -13,89 -13,71 -156,950 1646384304
1 1 25 -14,14 -13,64 -156,950 1646384304
1 1 25 -14,39 -13,71 -156,865 1646384305
1 1 25 -14,58 -13,89 -156,962 1646384305
1 1 25 -14,64 -14,14 -156,877 1646384305
1 1 25 -14,58 -14,39 -156,950 1646384306
1 1 25 -14,39 -14,58 -156,919 1646384306
1 1 25 -14,14 -14,64 -156,987 1646384306
1 1 25 -13,89 -14,58 -156,962 1646384307
1 1 25 -13,71 -14,39 -156,950 1646384307
1 1 26 -10,00 -17,32 -156,999 1646384308
1 1 26 -9,50 -17,32 -157,011 1646384309
1 1 26 -9,57 -17,07 -157,005 1646384309
1 1 26 -9,75 -16,89 -156,944 1646384310
1 1 26 -10,00 -16,82 -156,956 1646384310
1 1 26 -10,25 -16,89 -156,968 1646384311
1 1 26 -10,43 -17,07 -156,993 1646384311
1 1 26 -10,50 -17,32 -156,919 1646384312
1 1 26 -10,43 -17,57 -156,944 1646384312
1 1 26 -10,25 -17,75 -156,974 1646384313
1 1 26 -10,00 -17,82 -156,926 1646384313
1 1 26 -9,75 -17,75 -156,993 1646384314
1 1 26 -9,57 -17,57 -156,938 1646384314
1 1 27 -5,18 -19,32 -156,938 1646384315
1 1 27 -4,68 -19,32 -156,962 1646384315
1 1 27 -4,74 -19,07 -156,901 1646384316
1 1 27 -4,93 -18,89 -156,956 1646384317
1 1 27 -5,18 -18,82 -156,913 1646384317
1 1 27 -5,43 -18,89 -156,987 1646384318
1 1 27 -5,61 -19,07 -156,938 1646384318
1 1 27 -5,68 -19,32 -156,950 1646384318
1 1 27 -5,61 -19,57 -156,926 1646384319
1 1 27 -5,43 -19,75 -156,999 1646384319
1 1 27 -5,18 -19,82 -156,932 1646384320
1 1 27 -4,93 -19,75 -156,999 1646384320
1 1 27 -4,74 -19,57 -156,962 1646384321
1 1 28 5,18 -19,32 -156,852 1646384322
1 1 28 5,68 -19,32 -156,919 1646384322
1 1 28 5,61 -19,07 -156,938 1646384323
1 1 28 5,43 -18,89 -156,962 1646384323
1 1 28 5,18 -18,82 -156,907 1646384324
1 1 28 4,93 -18,89 -156,944 1646384324
1 1 28 4,74 -19,07 -156,889 1646384325
1 1 28 4,68 -19,32 -156,962 1646384325
1 1 28 4,74 -19,57 -156,950 1646384326
1 1 28 4,93 -19,75 -156,950 1646384326
1 1 28 5,18 -19,82 -156,938 1646384327
1 1 28 5,43 -19,75 -156,944 1646384327
1 1 28 5,61 -19,57 -156,913 1646384328
1 1 29 10,00 -17,32 -156,956 1646384328
1 1 29 10,50 -17,32 -156,987 1646384329
1 1 29 10,43 -17,07 -156,999 1646384330
1 1 29 10,25 -16,89 -156,913 1646384330
1 1 29 10,00 -16,82 -156,938 1646384330
1 1 29 9,75 -16,89 -156,993 1646384331
1 1 29 9,57 -17,07 -156,871 1646384331
1 1 29 9,50 -17,32 -157,011 1646384332
1 1 29 9,57 -17,57 -156,956 1646384332
1 1 29 9,75 -17,75 -156,950 1646384333
1 1 29 10,00 -17,82 -156,981 1646384333
1 1 29 10,25 -17,75 -156,926 1646384334
1 1 29 10,43 -17,57 -156,999 1646384334
1 1 30 14,14 -14,14 -156,889 1646384335
1 1 30 14,64 -14,14 -156,956 1646384335
1 1 30 14,58 -13,89 -156,950 1646384336
1 1 30 14,39 -13,71 -156,987 1646384336
1 1 30 14,14 -13,64 -156,987 1646384337
1 1 30 13,89 -13,71 -156,938 1646384337
1 1 30 13,71 -13,89 -156,913 1646384338
1 1 30 13,64 -14,14 -156,944 1646384338
1 1 30 13,71 -14,39 -156,944 1646384339
1 1 30 13,89 -14,58 -156,950 1646384339
1 1 30 14,14 -14,64 -156,999 1646384340
1 1 30 14,39 -14,58 -156,926 1646384340
1 1 30 14,58 -14,39 -156,907 1646384341
1 1 31 17,32 -10,00 -156,950 1646384341
1 1 31 17,82 -10,00 -156,956 1646384342
1 1 31 17,75 -9,75 -156,993 1646384342
1 1 31 17,57 -9,57 -156,871 1646384343
1 1 31 17,32 -9,50 -156,938 1646384343
1 1 31 17,07 -9,57 -156,956 1646384343
1 1 31 16,89 -9,75 -156,938 1646384344
1 1 31 16,82 -10,00 -156,956 1646384345
1 1 31 16,89 -10,25 -156,950 1646384345
1 1 31 17,07 -10,43 -156,901 1646384346
1 1 31 17,32 -10,50 -156,871 1646384346
1 1 31 17,57 -10,43 -156,987 1646384347
1 1 31 17,75 -10,25 -157,005 1646384347
1 1 32 19,32 -5,18 -156,913 1646384348
1 1 32 19,82 -5,18 -156,907 1646384349
1 1 32 19,75 -4,93 -156,913 1646384349
1 1 32 19,57 -4,74 -156,944 1646384349
1 1 32 19,32 -4,68 -157,042 1646384350
1 1 32 19,07 -4,74 -156,919 1646384351
1 1 32 18,89 -4,93 -156,944 1646384351
1 1 32 18,82 -5,18 -156,968 1646384351
1 1 32 18,89 -5,43 -156,956 1646384352
1 1 32 19,07 -5,61 -156,968 1646384352
1 1 32 19,32 -5,68 -156,938 1646384353
1 1 32 19,57 -5,61 -157,023 1646384353
1 1 32 19,75 -5,43 -156,987 1646384354
1 1 33 12,56 -3,36 -156,987 1646384354
1 1 33 13,06 -3,36 -156,950 1646384355
1 1 33 12,99 -3,11 -157,011 1646384355
1 1 33 12,81 -2,93 -156,877 1646384356
1 1 33 12,56 -2,86 -156,962 1646384356
1 1 33 12,31 -2,93 -156,913 1646384357
1 1 33 12,12 -3,11 -156,932 1646384357
1 1 33 12,06 -3,36 -156,950 1646384358
1 1 33 12,12 -3,61 -156,938 1646384359
1 1 33 12,31 -3,80 -156,987 1646384359
1 1 33 12,56 -3,86 -156,950 1646384359
1 1 33 12,81 -3,80 -156,907 1646384360
1 1 33 12,99 -3,61 -156,932 1646384360
1 1 34 9,19 -9,19 -156,944 1646384361
1 1 34 9,69 -9,19 -156,944 1646384362
1 1 34 9,63 -8,94 -156,932 1646384362
1 1 34 9,44 -8,76 -156,919 1646384363
1 1 34 9,19 -8,69 -156,999 1646384363
1 1 34 8,94 -8,76 -156,987 1646384364
1 1 34 8,76 -8,94 -156,950 1646384364
1 1 34 8,69 -9,19 -156,968 1646384365
1 1 34 8,76 -9,44 -156,944 1646384366
1 1 34 8,94 -9,63 -156,938 1646384366
1 1 34 9,19 -9,69 -156,987 1646384366
1 1 34 9,44 -9,63 -156,926 1646384367
1 1 34 9,63 -9,44 -156,944 1646384367
1 1 35 3,36 -12,56 -157,078 1646384368
1 1 35 3,86 -12,56 -156,901 1646384369
1 1 35 3,80 -12,31 -157,005 1646384369
1 1 35 3,61 -12,12 -156,950 1646384370
1 1 35 3,36 -12,06 -157,072 1646384370
1 1 35 3,11 -12,12 -156,926 1646384371
1 1 35 2,93 -12,31 -156,901 1646384371
1 1 35 2,86 -12,56 -156,981 1646384372
1 1 35 2,93 -12,81 -156,913 1646384372
1 1 35 3,11 -12,99 -156,981 1646384372
1 1 35 3,36 -13,06 -156,993 1646384373
1 1 35 3,61 -12,99 -156,938 1646384374
1 1 35 3,80 -12,81 -156,895 1646384374
1 1 36 4,24 -4,24 -156,968 1646384375
1 1 36 4,74 -4,24 -157,035 1646384375
1 1 36 4,68 -3,99 -157,023 1646384375
1 1 36 4,49 -3,81 -156,987 1646384376
1 1 36 4,24 -3,74 -156,956 1646384376
1 1 36 3,99 -3,81 -156,981 1646384377
1 1 36 3,81 -3,99 -156,938 1646384377
1 1 36 3,74 -4,24 -156,926 1646384377
1 1 36 3,81 -4,49 -156,944 1646384378
1 1 36 3,99 -4,68 -156,913 1646384378
1 1 36 4,24 -4,74 -156,974 1646384379
1 1 36 4,49 -4,68 -156,913 1646384379
1 1 36 4,68 -4,49 -156,974 1646384380
1 1 37 27,00 0,00 -156,950 1646384382
1 1 37 27,50 0,00 -156,895 1646384382
1 1 37 27,43 0,25 -156,981 1646384382
1 1 37 27,25 0,43 -156,944 1646384383
1 1 37 27,00 0,50 -156,950 1646384383
1 1 37 26,75 0,43 -157,035 1646384383
1 1 37 26,57 0,25 -156,865 1646384384
1 1 37 26,50 0,00 -156,926 1646384384
1 1 37 26,57 -0,25 -156,950 1646384384
1 1 37 26,75 -0,43 -156,987 1646384385
1 1 37 27,00 -0,50 -156,938 1646384385
1 1 37 27,25 -0,43 -156,987 1646384385
1 1 37 27,43 -0,25 -156,974 1646384386
1 1 38 26,08 6,99 -156,962 1646384387
1 1 38 26,58 6,99 -156,865 1646384387
1 1 38 26,51 7,24 -156,950 1646384387
1 1 38 26,33 7,42 -156,883 1646384388
1 1 38 26,08 7,49 -156,956 1646384389
1 1 38 25,83 7,42 -156,974 1646384389
1 1 38 25,65 7,24 -156,956 1646384390
1 1 38 25,58 6,99 -156,956 1646384390
1 1 38 25,65 6,74 -156,968 1646384391
1 1 38 25,83 6,56 -156,962 1646384391
1 1 38 26,08 6,49 -156,871 1646384392
1 1 38 26,33 6,56 -156,938 1646384392
1 1 38 26,51 6,74 -156,785 1646384392
1 1 39 23,38 13,50 -156,944 1646384393
1 1 39 23,88 13,50 -156,944 1646384394
1 1 39 23,82 13,75 -156,993 1646384394
1 1 39 23,63 13,93 -156,962 1646384395
1 1 39 23,38 14,00 -156,938 1646384395
1 1 39 23,13 13,93 -156,938 1646384396
1 1 39 22,95 13,75 -156,968 1646384396
1 1 39 22,88 13,50 -156,981 1646384397
1 1 39 22,95 13,25 -156,974 1646384397
1 1 39 23,13 13,07 -156,901 1646384398
1 1 39 23,38 13,00 -156,950 1646384398
1 1 39 23,63 13,07 -156,956 1646384399
1 1 39 23,82 13,25 -156,932 1646384399
1 1 40 19,09 19,09 -156,883 1646384400
1 1 40 19,59 19,09 -156,962 1646384400
1 1 40 19,52 19,34 -156,907 1646384400
1 1 40 19,34 19,52 -156,932 1646384401
1 1 40 19,09 19,59 -156,944 1646384402
1 1 40 18,84 19,52 -156,907 1646384402
1 1 40 18,66 19,34 -157,011 1646384403
1 1 40 18,59 19,09 -156,877 1646384403
1 1 40 18,66 18,84 -156,944 1646384404
1 1 40 18,84 18,66 -156,950 1646384404
1 1 40 19,09 18,59 -156,956 1646384404
1 1 40 19,34 18,66 -156,993 1646384405
1 1 40 19,52 18,84 -156,999 1646384405
1 1 41 13,50 23,38 -156,950 1646384406
1 1 41 14,00 23,38 -156,987 1646384407
1 1 41 13,93 23,63 -156,987 1646384407
1 1 41 13,75 23,82 -156,944 1646384408
1 1 41 13,50 23,88 -156,932 1646384408
1 1 41 13,25 23,82 -156,981 1646384409
1 1 41 13,07 23,63 -156,883 1646384409
1 1 41 13,00 23,38 -156,993 1646384410
1 1 41 13,07 23,13 -156,938 1646384410
1 1 41 13,25 22,95 -156,919 1646384410
1 1 41 13,50 22,88 -156,907 1646384411
1 1 41 13,75 22,95 -156,907 1646384412
1 1 41 13,93 23,13 -156,987 1646384412
1 1 42 6,99 26,08 -156,944 1646384413
1 1 42 7,49 26,08 -156,987 1646384413
1 1 42 7,42 26,33 -156,987 1646384414
1 1 42 7,24 26,51 -156,944 1646384414
1 1 42 6,99 26,58 -156,938 1646384415
1 1 42 6,74 26,51 -156,938 1646384416
1 1 42 6,56 26,33 -157,017 1646384416
1 1 42 6,49 26,08 -156,950 1646384416
1 1 42 6,56 25,83 -156,895 1646384417
1 1 42 6,74 25,65 -157,017 1646384417
1 1 42 6,99 25,58 -156,993 1646384418
1 1 42 7,24 25,65 -156,938 1646384419
1 1 42 7,42 25,83 -156,901 1646384419
1 1 43 0,00 27,00 -156,981 1646384420
1 1 43 0,50 27,00 -156,950 1646384420
1 1 43 0,43 27,25 -156,993 1646384420
1 1 43 0,25 27,43 -156,938 1646384421
1 1 43 0,00 27,50 -156,907 1646384421
1 1 43 -0,25 27,43 -156,932 1646384421
1 1 43 -0,43 27,25 -156,913 1646384422
1 1 43 -0,50 27,00 -156,950 1646384422
1 1 43 -0,43 26,75 -156,981 1646384423
1 1 43 -0,25 26,57 -156,950 1646384423
1 1 43 0,00 26,50 -156,981 1646384424
1 1 43 0,25 26,57 -156,907 1646384424
1 1 43 0,43 26,75 -156,981 1646384425
1 1 44 -6,99 26,08 -156,919 1646384426
1 1 44 -6,49 26,08 -156,919 1646384426
1 1 44 -6,56 26,33 -157,011 1646384426
1 1 44 -6,74 26,51 -156,907 1646384427
1 1 44 -6,99 26,58 -156,962 1646384427
1 1 44 -7,24 26,51 -156,883 1646384427
1 1 44 -7,42 26,33 -156,938 1646384428
1 1 44 -7,49 26,08 -156,828 1646384428
1 1 44 -7,42 25,83 -156,877 1646384428
1 1 44 -7,24 25,65 -156,932 1646384429
1 1 44 -6,99 25,58 -156,974 1646384429
1 1 44 -6,74 25,65 -156,944 1646384429
1 1 44 -6,56 25,83 -156,962 1646384430
1 1 45 -13,50 23,38 -156,938 1646384431
1 1 45 -13,00 23,38 -156,944 1646384432
1 1 45 -13,07 23,63 -156,956 1646384432
1 1 45 -13,25 23,82 -156,962 1646384433
1 1 45 -13,50 23,88 -156,993 1646384433
1 1 45 -13,75 23,82 -156,944 1646384434
1 1 45 -13,93 23,63 -157,029 1646384434
1 1 45 -14,00 23,38 -156,950 1646384435
1 1 45 -13,93 23,13 -156,999 1646384435
1 1 45 -13,75 22,95 -156,999 1646384436
1 1 45 -13,50 22,88 -157,005 1646384436
1 1 45 -13,25 22,95 -156,932 1646384437
1 1 45 -13,07 23,13 -156,907 1646384437
1 1 46 -19,09 19,09 -156,944 1646384438
1 1 46 -18,59 19,09 -156,950 1646384438
1 1 46 -18,66 19,34 -156,987 1646384439
1 1 46 -18,84 19,52 -156,956 1646384439
1 1 46 -19,09 19,59 -156,956 1646384440
1 1 46 -19,34 19,52 -156,932 1646384441
1 1 46 -19,52 19,34 -156,950 1646384441
1 1 46 -19,59 19,09 -157,005 1646384442
1 1 46 -19,52 18,84 -156,926 1646384442
1 1 46 -19,34 18,66 -156,999 1646384442
1 1 46 -19,09 18,59 -156,993 1646384443
1 1 46 -18,84 18,66 -156,993 1646384444
1 1 46 -18,66 18,84 -156,993 1646384444
1 1 47 -23,38 13,50 -156,974 1646384445
1 1 47 -22,88 13,50 -156,999 1646384446
1 1 47 -22,95 13,75 -156,987 1646384446
1 1 47 -23,13 13,93 -156,944 1646384447
1 1 47 -23,38 14,00 -156,926 1646384447
1 1 47 -23,63 13,93 -156,926 1646384448
1 1 47 -23,82 13,75 -156,993 1646384448
1 1 47 -23,88 13,50 -156,944 1646384449
1 1 47 -23,82 13,25 -156,901 1646384449
1 1 47 -23,63 13,07 -157,066 1646384450
1 1 47 -23,38 13,00 -156,950 1646384450
1 1 47 -23,13 13,07 -156,956 1646384451
1 1 47 -22,95 13,25 -156,956 1646384451
1 1 48 -26,08 6,99 -157,151 1646384452
1 1 48 -25,58 6,99 -156,871 1646384453
1 1 48 -25,65 7,24 -156,950 1646384453
1 1 48 -25,83 7,42 -156,932 1646384453
1 1 48 -26,08 7,49 -157,139 1646384454
1 1 48 -26,33 7,42 -156,718 1646384455
1 1 48 -26,51 7,24 -156,962 1646384455
1 1 48 -26,58 6,99 -156,962 1646384455
1 1 48 -26,51 6,74 -156,962 1646384456
1 1 48 -26,33 6,56 -156,932 1646384456
1 1 48 -26,08 6,49 -156,944 1646384457
1 1 48 -25,83 6,56 -156,938 1646384457
1 1 48 -25,65 6,74 -156,938 1646384458
1 1 49 -27,00 0,00 -156,981 1646384459
1 1 49 -26,50 0,00 -156,938 1646384459
1 1 49 -26,57 0,25 -156,987 1646384460
1 1 49 -26,75 0,43 -156,913 1646384460
1 1 49 -27,00 0,50 -156,895 1646384461
1 1 49 -27,25 0,43 -156,981 1646384461
1 1 49 -27,43 0,25 -156,981 1646384462
1 1 49 -27,50 0,00 -156,987 1646384462
1 1 49 -27,43 -0,25 -156,987 1646384463
1 1 49 -27,25 -0,43 -156,901 1646384463
1 1 49 -27,00 -0,50 -156,974 1646384464
1 1 49 -26,75 -0,43 -156,993 1646384464
1 1 49 -26,57 -0,25 -156,962 1646384464
1 1 50 -26,08 -6,99 -156,993 1646384465
1 1 50 -25,58 -6,99 -156,987 1646384466
1 1 50 -25,65 -6,74 -157,066 1646384466
1 1 50 -25,83 -6,56 -156,834 1646384467
1 1 50 -26,08 -6,49 -156,981 1646384467
1 1 50 -26,33 -6,56 -157,035 1646384468
1 1 50 -26,51 -6,74 -156,871 1646384468
1 1 50 -26,58 -6,99 -156,950 1646384469
1 1 50 -26,51 -7,24 -157,005 1646384469
1 1 50 -26,33 -7,42 -156,999 1646384470
1 1 50 -26,08 -7,49 -156,907 1646384470
1 1 50 -25,83 -7,42 -156,846 1646384471
1 1 50 -25,65 -7,24 -157,078 1646384471
1 1 51 -23,38 -13,50 -156,968 1646384472
1 1 51 -22,88 -13,50 -156,901 1646384473
1 1 51 -22,95 -13,25 -156,944 1646384473
1 1 51 -23,13 -13,07 -157,017 1646384474
1 1 51 -23,38 -13,00 -156,987 1646384474
1 1 51 -23,63 -13,07 -156,999 1646384475
1 1 51 -23,82 -13,25 -156,938 1646384475
1 1 51 -23,88 -13,50 -156,987 1646384476
1 1 51 -23,82 -13,75 -157,048 1646384476
1 1 51 -23,63 -13,93 -156,968 1646384476
1 1 51 -23,38 -14,00 -156,938 1646384477
1 1 51 -23,13 -13,93 -156,950 1646384477
1 1 51 -22,95 -13,75 -156,938 1646384478
1 1 52 -19,09 -19,09 -156,950 1646384479
1 1 52 -18,59 -19,09 -156,981 1646384479
1 1 52 -18,66 -18,84 -157,005 1646384479
1 1 52 -18,84 -18,66 -157,017 1646384480
1 1 52 -19,09 -18,59 -156,932 1646384480
1 1 52 -19,34 -18,66 -156,944 1646384480
1 1 52 -19,52 -18,84 -156,932 1646384481
1 1 52 -19,59 -19,09 -156,950 1646384482
1 1 52 -19,52 -19,34 -156,956 1646384482
1 1 52 -19,34 -19,52 -156,993 1646384482
1 1 52 -19,09 -19,59 -156,889 1646384483
1 1 52 -18,84 -19,52 -156,950 1646384484
1 1 52 -18,66 -19,34 -156,932 1646384484
1 1 53 -13,50 -23,38 -156,913 1646384485
1 1 53 -13,00 -23,38 -156,871 1646384485
1 1 53 -13,07 -23,13 -156,993 1646384485
1 1 53 -13,25 -22,95 -156,950 1646384486
1 1 53 -13,50 -22,88 -156,987 1646384487
1 1 53 -13,75 -22,95 -156,950 1646384487
1 1 53 -13,93 -23,13 -157,029 1646384487
1 1 53 -14,00 -23,38 -157,048 1646384488
1 1 53 -13,93 -23,63 -156,950 1646384489
1 1 53 -13,75 -23,82 -156,987 1646384489
1 1 53 -13,50 -23,88 -156,962 1646384490
1 1 53 -13,25 -23,82 -156,962 1646384490
1 1 53 -13,07 -23,63 -156,944 1646384490
1 1 54 -6,99 -26,08 -156,987 1646384491
1 1 54 -6,49 -26,08 -156,968 1646384492
1 1 54 -6,56 -25,83 -156,944 1646384492
1 1 54 -6,74 -25,65 -156,956 1646384493
1 1 54 -6,99 -25,58 -156,907 1646384493
1 1 54 -7,24 -25,65 -156,919 1646384494
1 1 54 -7,42 -25,83 -156,950 1646384494
1 1 54 -7,49 -26,08 -156,950 1646384495
1 1 54 -7,42 -26,33 -156,974 1646384495
1 1 54 -7,24 -26,51 -156,962 1646384495
1 1 54 -6,99 -26,58 -156,938 1646384496
1 1 54 -6,74 -26,51 -156,981 1646384497
1 1 54 -6,56 -26,33 -156,950 1646384497
1 1 55 -0,00 -27,00 -156,999 1646384498
1 1 55 0,50 -27,00 -156,950 1646384498
1 1 55 0,43 -26,75 -156,938 1646384499
1 1 55 0,25 -26,57 -156,962 1646384499
1 1 55 -0,00 -26,50 -156,907 1646384500
1 1 55 -0,25 -26,57 -156,950 1646384500
1 1 55 -0,43 -26,75 -156,981 1646384500
1 1 55 -0,50 -27,00 -157,011 1646384501
1 1 55 -0,43 -27,25 -156,962 1646384502
1 1 55 -0,25 -27,43 -156,956 1646384502
1 1 55 -0,00 -27,50 -156,938 1646384503
1 1 55 0,25 -27,43 -156,932 1646384503
1 1 55 0,43 -27,25 -156,950 1646384503
1 1 56 6,99 -26,08 -156,919 1646384504
1 1 56 7,49 -26,08 -156,865 1646384505
1 1 56 7,42 -25,83 -156,974 1646384505
1 1 56 7,24 -25,65 -156,993 1646384506
1 1 56 6,99 -25,58 -156,932 1646384506
1 1 56 6,74 -25,65 -156,907 1646384507
1 1 56 6,56 -25,83 -156,944 1646384507
1 1 56 6,49 -26,08 -156,901 1646384508
1 1 56 6,56 -26,33 -156,950 1646384508
1 1 56 6,74 -26,51 -156,938 1646384509
1 1 56 6,99 -26,58 -157,005 1646384509
1 1 56 7,24 -26,51 -156,962 1646384510
1 1 56 7,42 -26,33 -156,968 1646384510
1 1 57 13,50 -23,38 -156,944 1646384511
1 1 57 14,00 -23,38 -156,987 1646384511
1 1 57 13,93 -23,13 -156,974 1646384512
1 1 57 13,75 -22,95 -156,999 1646384512
1 1 57 13,50 -22,88 -156,950 1646384513
1 1 57 13,25 -22,95 -157,011 1646384513
1 1 57 13,07 -23,13 -157,011 1646384514
1 1 57 13,00 -23,38 -156,962 1646384514
1 1 57 13,07 -23,63 -156,987 1646384515
1 1 57 13,25 -23,82 -156,938 1646384515
1 1 57 13,50 -23,88 -156,993 1646384515
1 1 57 13,75 -23,82 -156,938 1646384516
1 1 57 13,93 -23,63 -156,987 1646384516
1 1 58 19,09 -19,09 -156,932 1646384517
1 1 58 19,59 -19,09 -156,938 1646384517
1 1 58 19,52 -18,84 -156,895 1646384518
1 1 58 19,34 -18,66 -156,919 1646384519
1 1 58 19,09 -18,59 -156,950 1646384519
1 1 58 18,84 -18,66 -157,042 1646384520
1 1 58 18,66 -18,84 -156,889 1646384520
1 1 58 18,59 -19,09 -156,981 1646384521
1 1 58 18,66 -19,34 -156,993 1646384521
1 1 58 18,84 -19,52 -156,938 1646384521
1 1 58 19,09 -19,59 -156,950 1646384522
1 1 58 19,34 -19,52 -156,871 1646384523
1 1 58 19,52 -19,34 -156,889 1646384523
1 1 59 23,38 -13,50 -156,901 1646384524
1 1 59 23,88 -13,50 -157,005 1646384524
1 1 59 23,82 -13,25 -156,938 1646384524
1 1 59 23,63 -13,07 -156,993 1646384525
1 1 59 23,38 -13,00 -156,926 1646384525
1 1 59 23,13 -13,07 -156,938 1646384525
1 1 59 22,95 -13,25 -156,950 1646384526
1 1 59 22,88 -13,50 -156,993 1646384527
1 1 59 22,95 -13,75 -156,987 1646384527
1 1 59 23,13 -13,93 -156,974 1646384528
1 1 59 23,38 -14,00 -156,913 1646384528
1 1 59 23,63 -13,93 -156,968 1646384529
1 1 59 23,82 -13,75 -156,901 1646384529
1 1 60 26,08 -6,99 -156,981 1646384530
1 1 60 26,58 -6,99 -156,962 1646384531
1 1 60 26,51 -6,74 -156,950 1646384531
1 1 60 26,33 -6,56 -157,005 1646384531
1 1 60 26,08 -6,49 -156,956 1646384532
1 1 60 25,83 -6,56 -157,011 1646384532
1 1 60 25,65 -6,74 -156,950 1646384533
1 1 60 25,58 -6,99 -156,956 1646384533
1 1 60 25,65 -7,24 -156,932 1646384534
1 1 60 25,83 -7,42 -156,950 1646384534
1 1 60 26,08 -7,49 -156,962 1646384535
1 1 60 26,33 -7,42 -156,987 1646384535
1 1 60 26,51 -7,24 -156,956 1646384536
