1 1 1 4,24 4,24 -156,968 1646385992
1 1 1 4,74 4,24 -156,987 1646385993
1 1 1 4,68 4,49 -157,054 1646385993
1 1 1 4,49 4,68 -156,993 1646385993
1 1 1 4,24 4,74 -156,907 1646385994
1 1 1 3,99 4,68 -156,926 1646385994
1 1 1 3,81 4,49 -156,871 1646385994
1 1 1 3,74 4,24 -156,962 1646385994
1 1 1 3,81 3,99 -156,950 1646385995
1 1 1 3,99 3,81 -156,950 1646385995
1 1 1 4,24 3,74 -156,932 1646385995
1 1 1 4,49 3,81 -156,962 1646385995
1 1 1 4,68 3,99 -156,950 1646385995
1 1 2 3,36 12,56 -156,816 1646385997
1 1 2 3,86 12,56 -156,962 1646385997
1 1 2 3,80 12,81 -157,005 1646385998
1 1 2 3,61 12,99 -156,907 1646385998
1 1 2 3,36 13,06 -156,865 1646385999
1 1 2 3,11 12,99 -156,895 1646385999
1 1 2 2,93 12,81 -156,956 1646386000
1 1 2 2,86 12,56 -156,938 1646386000
1 1 2 2,93 12,31 -156,901 1646386001
1 1 2 3,11 12,12 -156,968 1646386001
1 1 2 3,36 12,06 -156,962 1646386002
1 1 2 3,61 12,12 -157,005 1646386002
1 1 2 3,80 12,31 -156,901 1646386003
1 1 3 9,19 9,19 -156,981 1646386003
1 1 3 9,69 9,19 -156,938 1646386004
1 1 3 9,63 9,44 -156,871 1646386004
1 1 3 9,44 9,63 -156,907 1646386004
1 1 3 9,19 9,69 -156,987 1646386005
1 1 3 8,94 9,63 -156,968 1646386005
1 1 3 8,76 9,44 -156,938 1646386006
1 1 3 8,69 9,19 -156,907 1646386006
1 1 3 8,76 8,94 -156,944 1646386006
1 1 3 8,94 8,76 -156,981 1646386007
1 1 3 9,19 8,69 -156,987 1646386008
1 1 3 9,44 8,76 -156,932 1646386008
1 1 3 9,63 8,94 -156,944 1646386008
1 1 4 12,56 3,36 -156,913 1646386009
1 1 4 13,06 3,36 -156,938 1646386010
1 1 4 12,99 3,61 -156,981 1646386010
1 1 4 12,81 3,80 -156,907 1646386010
1 1 4 12,56 3,86 -156,938 1646386011
1 1 4 12,31 3,80 -156,913 1646386011
1 1 4 12,12 3,61 -156,938 1646386011
1 1 4 12,06 3,36 -156,956 1646386012
1 1 4 12,12 3,11 -156,907 1646386012
1 1 4 12,31 2,93 -156,895 1646386012
1 1 4 12,56 2,86 -156,950 1646386013
1 1 4 12,81 2,93 -156,907 1646386013
1 1 4 12,99 3,11 -156,950 1646386013
1 1 5 19,32 5,18 -157,017 1646386014
1 1 5 19,82 5,18 -156,956 1646386015
1 1 5 19,75 5,43 -156,956 1646386015
1 1 5 19,57 5,61 -156,919 1646386015
1 1 5 19,32 5,68 -156,883 1646386016
1 1 5 19,07 5,61 -156,938 1646386016
1 1 5 18,89 5,43 -156,895 1646386017
1 1 5 18,82 5,18 -156,938 1646386018
1 1 5 18,89 4,93 -156,895 1646386018
1 1 5 19,07 4,74 -156,968 1646386018
1 1 5 19,32 4,68 -156,913 1646386019
1 1 5 19,57 4,74 -156,932 1646386020
1 1 5 19,75 4,93 -156,981 1646386020
1 1 6 17,32 10,00 -156,993 1646386021
1 1 6 17,82 10,00 -156,871 1646386021
1 1 6 17,75 10,25 -156,932 1646386021
1 1 6 17,57 10,43 -156,932 1646386022
1 1 6 17,32 10,50 -156,926 1646386023
1 1 6 17,07 10,43 -156,950 1646386023
1 1 6 16,89 10,25 -156,944 1646386023
1 1 6 16,82 10,00 -156,962 1646386024
1 1 6 16,89 9,75 -156,932 1646386025
1 1 6 17,07 9,57 -156,883 1646386025
1 1 6 17,32 9,50 -156,993 1646386025
1 1 6 17,57 9,57 -156,993 1646386026
1 1 6 17,75 9,75 -156,926 1646386026
1 1 7 14,14 14,14 -156,926 1646386027
1 1 7 14,64 14,14 -156,938 1646386027
1 1 7 14,58 14,39 -156,987 1646386028
1 1 7 14,39 14,58 -156,907 1646386028
1 1 7 14,14 14,64 -156,950 1646386028
1 1 7 13,89 14,58 -156,981 1646386029
1 1 7 13,71 14,39 -156,944 1646386029
1 1 7 13,64 14,14 -156,981 1646386029
1 1 7 13,71 13,89 -156,938 1646386030
1 1 7 13,89 13,71 -156,932 1646386030
1 1 7 14,14 13,64 -156,883 1646386030
1 1 7 14,39 13,71 -156,901 1646386031
1 1 7 14,58 13,89 -156,956 1646386031
1 1 8 10,00 17,32 -156,938 1646386032
1 1 8 10,50 17,32 -156,938 1646386032
1 1 8 10,43 17,57 -156,938 1646386033
1 1 8 10,25 17,75 -156,852 1646386033
1 1 8 10,00 17,82 -156,993 1646386034
1 1 8 9,75 17,75 -156,907 1646386035
1 1 8 9,57 17,57 -156,913 1646386035
1 1 8 9,50 17,32 -156,944 1646386035
1 1 8 9,57 17,07 -156,913 1646386036
1 1 8 9,75 16,89 -156,956 1646386036
1 1 8 10,00 16,82 -156,950 1646386037
1 1 8 10,25 16,89 -156,950 1646386038
1 1 8 10,43 17,07 -156,926 1646386038
1 1 9 5,18 19,32 -156,938 1646386039
1 1 9 5,68 19,32 -156,913 1646386039
1 1 9 5,61 19,57 -156,913 1646386039
1 1 9 5,43 19,75 -156,938 1646386040
1 1 9 5,18 19,82 -156,938 1646386041
1 1 9 4,93 19,75 -156,889 1646386041
1 1 9 4,74 19,57 -156,901 1646386041
1 1 9 4,68 19,32 -156,950 1646386042
1 1 9 4,74 19,07 -156,938 1646386043
1 1 9 4,93 18,89 -156,981 1646386043
1 1 9 5,18 18,82 -156,944 1646386043
1 1 9 5,43 18,89 -156,962 1646386044
1 1 9 5,61 19,07 -156,987 1646386044
1 1 10 -5,18 19,32 -156,962 1646386045
1 1 10 -4,68 19,32 -156,926 1646386046
1 1 10 -4,74 19,57 -156,962 1646386046
1 1 10 -4,93 19,75 -156,913 1646386046
1 1 10 -5,18 19,82 -156,950 1646386047
1 1 10 -5,43 19,75 -156,968 1646386047
1 1 10 -5,61 19,57 -156,950 1646386048
1 1 10 -5,68 19,32 -156,981 1646386048
1 1 10 -5,61 19,07 -157,017 1646386049
1 1 10 -5,43 18,89 -156,956 1646386049
1 1 10 -5,18 18,82 -156,950 1646386050
1 1 10 -4,93 18,89 -157,017 1646386050
1 1 10 -4,74 19,07 -156,944 1646386051
1 1 11 -10,00 17,32 -156,944 1646386051
1 1 11 -9,50 17,32 -156,999 1646386052
1 1 11 -9,57 17,57 -156,987 1646386053
1 1 11 -9,75 17,75 -156,907 1646386053
1 1 11 -10,00 17,82 -156,907 1646386054
1 1 11 -10,25 17,75 -156,981 1646386054
1 1 11 -10,43 17,57 -156,987 1646386054
1 1 11 -10,50 17,32 -156,944 1646386055
1 1 11 -10,43 17,07 -156,919 1646386056
1 1 11 -10,25 16,89 -156,999 1646386056
1 1 11 -10,00 16,82 -156,926 1646386056
1 1 11 -9,75 16,89 -156,974 1646386057
1 1 11 -9,57 17,07 -156,974 1646386057
1 1 12 -14,14 14,14 -157,023 1646386058
1 1 12 -13,64 14,14 -156,962 1646386058
1 1 12 -13,71 14,39 -156,938 1646386059
1 1 12 -13,89 14,58 -156,950 1646386059
1 1 12 -14,14 14,64 -157,005 1646386059
1 1 12 -14,39 14,58 -156,987 1646386060
1 1 12 -14,58 14,39 -156,852 1646386061
1 1 12 -14,64 14,14 -156,919 1646386061
1 1 12 -14,58 13,89 -156,956 1646386062
1 1 12 -14,39 13,71 -156,987 1646386062
1 1 12 -14,14 13,64 -156,962 1646386063
1 1 12 -13,89 13,71 -156,938 1646386063
1 1 12 -13,71 13,89 -156,913 1646386063
1 1 13 -17,32 10,00 -156,938 1646386064
1 1 13 -16,82 10,00 -157,023 1646386065
1 1 13 -16,89 10,25 -156,956 1646386065
1 1 13 -17,07 10,43 -157,029 1646386066
1 1 13 -17,32 10,50 -156,999 1646386066
1 1 13 -17,57 10,43 -156,944 1646386067
1 1 13 -17,75 10,25 -156,962 1646386067
1 1 13 -17,82 10,00 -156,987 1646386068
1 1 13 -17,75 9,75 -156,968 1646386068
1 1 13 -17,57 9,57 -156,981 1646386069
1 1 13 -17,32 9,50 -156,993 1646386069
1 1 13 -17,07 9,57 -156,981 1646386070
1 1 13 -16,89 9,75 -156,962 1646386070
1 1 14 -19,32 5,18 -157,017 1646386071
1 1 14 -18,82 5,18 -156,999 1646386071
1 1 14 -18,89 5,43 -156,962 1646386071
1 1 14 -19,07 5,61 -156,926 1646386072
1 1 14 -19,32 5,68 -156,993 1646386073
1 1 14 -19,57 5,61 -156,834 1646386074
1 1 14 -19,75 5,43 -156,907 1646386074
1 1 14 -19,82 5,18 -156,932 1646386074
1 1 14 -19,75 4,93 -156,901 1646386075
1 1 14 -19,57 4,74 -156,944 1646386075
1 1 14 -19,32 4,68 -156,932 1646386076
1 1 14 -19,07 4,74 -156,956 1646386076
1 1 14 -18,89 4,93 -156,999 1646386077
1 1 15 -12,56 3,36 -156,950 1646386077
1 1 15 -12,06 3,36 -156,981 1646386078
1 1 15 -12,12 3,61 -156,956 1646386079
1 1 15 -12,31 3,80 -156,938 1646386079
1 1 15 -12,56 3,86 -156,944 1646386079
1 1 15 -12,81 3,80 -156,938 1646386080
1 1 15 -12,99 3,61 -156,858 1646386080
1 1 15 -13,06 3,36 -156,974 1646386081
1 1 15 -12,99 3,11 -156,950 1646386081
1 1 15 -12,81 2,93 -156,968 1646386082
1 1 15 -12,56 2,86 -156,993 1646386082
1 1 15 -12,31 2,93 -156,938 1646386083
1 1 15 -12,12 3,11 -156,993 1646386083
1 1 16 -9,19 9,19 -156,987 1646386084
1 1 16 -8,69 9,19 -156,938 1646386085
1 1 16 -8,76 9,44 -157,109 1646386085
1 1 16 -8,94 9,63 -156,932 1646386085
1 1 16 -9,19 9,69 -156,901 1646386086
1 1 16 -9,44 9,63 -156,968 1646386087
1 1 16 -9,63 9,44 -156,950 1646386087
1 1 16 -9,69 9,19 -156,962 1646386087
1 1 16 -9,63 8,94 -157,011 1646386088
1 1 16 -9,44 8,76 -156,938 1646386088
1 1 16 -9,19 8,69 -156,974 1646386089
1 1 16 -8,94 8,76 -156,993 1646386089
1 1 16 -8,76 8,94 -156,871 1646386090
1 1 17 -3,36 12,56 -156,950 1646386090
1 1 17 -2,86 12,56 -156,950 1646386091
1 1 17 -2,93 12,81 -156,956 1646386092
1 1 17 -3,11 12,99 -156,944 1646386092
1 1 17 -3,36 13,06 -156,950 1646386093
1 1 17 -3,61 12,99 -156,962 1646386093
1 1 17 -3,80 12,81 -156,919 1646386093
1 1 17 -3,86 12,56 -156,981 1646386094
1 1 17 -3,80 12,31 -156,938 1646386095
1 1 17 -3,61 12,12 -156,981 1646386095
1 1 17 -3,36 12,06 -156,981 1646386095
1 1 17 -3,11 12,12 -156,950 1646386096
1 1 17 -2,93 12,31 -157,017 1646386096
1 1 18 -4,24 4,24 -156,999 1646386097
1 1 18 -3,74 4,24 -156,956 1646386098
1 1 18 -3,81 4,49 -156,926 1646386098
1 1 18 -3,99 4,68 -156,981 1646386099
1 1 18 -4,24 4,74 -156,932 1646386099
1 1 18 -4,49 4,68 -157,005 1646386100
1 1 18 -4,68 4,49 -156,950 1646386100
1 1 18 -4,74 4,24 -156,919 1646386101
1 1 18 -4,68 3,99 -156,987 1646386101
1 1 18 -4,49 3,81 -156,865 1646386102
1 1 18 -4,24 3,74 -156,950 1646386102
1 1 18 -3,99 3,81 -156,968 1646386103
1 1 18 -3,81 3,99 -156,974 1646386103
1 1 19 -4,24 -4,24 -157,011 1646386104
1 1 19 -3,74 -4,24 -157,023 1646386104
1 1 19 -3,81 -3,99 -156,999 1646386105
1 1 19 -3,99 -3,81 -156,962 1646386105
1 1 19 -4,24 -3,74 -156,944 1646386105
1 1 19 -4,49 -3,81 -156,968 1646386106
1 1 19 -4,68 -3,99 -156,950 1646386106
1 1 19 -4,74 -4,24 -156,993 1646386106
1 1 19 -4,68 -4,49 -156,993 1646386107
1 1 19 -4,49 -4,68 -156,938 1646386107
1 1 19 -4,24 -4,74 -156,950 1646386107
1 1 19 -3,99 -4,68 -156,919 1646386108
1 1 19 -3,81 -4,49 -156,968 1646386108
1 1 20 -3,36 -12,56 -156,968 1646386109
1 1 20 -2,86 -12,56 -156,950 1646386110
1 1 20 -2,93 -12,31 -156,938 1646386110
1 1 20 -3,11 -12,12 -156,926 1646386110
1 1 20 -3,36 -12,06 -157,011 1646386111
1 1 20 -3,61 -12,12 -156,883 1646386111
1 1 20 -3,80 -12,31 -156,962 1646386112
1 1 20 -3,86 -12,56 -156,987 1646386112
1 1 20 -3,80 -12,81 -156,956 1646386113
1 1 20 -3,61 -12,99 -156,956 1646386113
1 1 20 -3,36 -13,06 -156,913 1646386114
1 1 20 -3,11 -12,99 -156,987 1646386115
1 1 20 -2,93 -12,81 -156,981 1646386115
1 1 21 -9,19 -9,19 -157,017 1646386116
1 1 21 -8,69 -9,19 -156,987 1646386116
1 1 21 -8,76 -8,94 -156,968 1646386117
1 1 21 -8,94 -8,76 -156,956 1646386117
1 1 21 -9,19 -8,69 -156,944 1646386118
1 1 21 -9,44 -8,76 -156,944 1646386118
1 1 21 -9,63 -8,94 -156,907 1646386119
1 1 21 -9,69 -9,19 -156,938 1646386119
1 1 21 -9,63 -9,44 -156,938 1646386120
1 1 21 -9,44 -9,63 -156,962 1646386120
1 1 21 -9,19 -9,69 -156,987 1646386121
1 1 21 -8,94 -9,63 -156,889 1646386121
1 1 21 -8,76 -9,44 -156,999 1646386121
1 1 22 -12,56 -3,36 -156,950 1646386122
1 1 22 -12,06 -3,36 -157,023 1646386123
1 1 22 -12,12 -3,11 -157,035 1646386124
1 1 22 -12,31 -2,93 -157,005 1646386124
1 1 22 -12,56 -2,86 -156,968 1646386124
1 1 22 -12,81 -2,93 -156,919 1646386125
1 1 22 -12,99 -3,11 -156,993 1646386125
1 1 22 -13,06 -3,36 -156,919 1646386126
1 1 22 -12,99 -3,61 -156,938 1646386126
1 1 22 -12,81 -3,80 -156,999 1646386127
1 1 22 -12,56 -3,86 -156,889 1646386127
1 1 22 -12,31 -3,80 -156,962 1646386128
1 1 22 -12,12 -3,61 -156,981 1646386128
1 1 23 -19,32 -5,18 -156,907 1646386129
1 1 23 -18,82 -5,18 -156,932 1646386130
1 1 23 -18,89 -4,93 -156,901 1646386130
1 1 23 -19,07 -4,74 -156,981 1646386131
1 1 23 -19,32 -4,68 -156,962 1646386131
1 1 23 -19,57 -4,74 -156,987 1646386132
1 1 23 -19,75 -4,93 -156,962 1646386132
1 1 23 -19,82 -5,18 -156,938 1646386133
1 1 23 -19,75 -5,43 -156,944 1646386133
1 1 23 -19,57 -5,61 -156,834 1646386134
1 1 23 -19,32 -5,68 -156,926 1646386134
1 1 23 -19,07 -5,61 -156,938 1646386135
1 1 23 -18,89 -5,43 -156,956 1646386135
1 1 24 -17,32 -10,00 -156,981 1646386136
1 1 24 -16,82 -10,00 -156,999 1646386137
1 1 24 -16,89 -9,75 -156,999 1646386137
1 1 24 -17,07 -9,57 -156,956 1646386138
1 1 24 -17,32 -9,50 -156,938 1646386138
1 1 24 -17,57 -9,57 -156,913 1646386139
1 1 24 -17,75 -9,75 -156,913 1646386139
1 1 24 -17,82 -10,00 -156,987 1646386140
1 1 24 -17,75 -10,25 -156,901 1646386140
1 1 24 -17,57 -10,43 -157,042 1646386140
1 1 24 -17,32 -10,50 -157,109 1646386141
1 1 24 -17,07 -10,43 -156,926 1646386142
1 1 24 -16,89 -10,25 -156,956 1646386142
1 1 25 -14,14 -14,14 -156,950 1646386143
1 1 25 -13,64 -14,14 -156,889 1646386143
1 1 25 -13,71 -13,89 -156,901 1646386144
1 1 25 -13,89 -13,71 -156,950 1646386144
1 1 25 -14,14 -13,64 -156,950 1646386145
1 1 25 -14,39 -13,71 -156,865 1646386145
1 1 25 -14,58 -13,89 -156,956 1646386146
1 1 25 -14,64 -14,14 -156,877 1646386146
1 1 25 -14,58 -14,39 -156,956 1646386147
1 1 25 -14,39 -14,58 -156,913 1646386147
1 1 25 -14,14 -14,64 -156,987 1646386148
1 1 25 -13,89 -14,58 -156,962 1646386148
1 1 25 -13,71 -14,39 -156,950 1646386149
1 1 26 -10,00 -17,32 -156,993 1646386149
1 1 26 -9,50 -17,32 -157,005 1646386150
1 1 26 -9,57 -17,07 -157,005 1646386151
1 1 26 -9,75 -16,89 -156,944 1646386151
1 1 26 -10,00 -16,82 -156,956 1646386152
1 1 26 -10,25 -16,89 -156,968 1646386152
1 1 26 -10,43 -17,07 -156,987 1646386152
1 1 26 -10,50 -17,32 -156,913 1646386153
1 1 26 -10,43 -17,57 -156,944 1646386153
1 1 26 -10,25 -17,75 -156,968 1646386154
1 1 26 -10,00 -17,82 -156,926 1646386154
1 1 26 -9,75 -17,75 -156,993 1646386155
1 1 26 -9,57 -17,57 -156,938 1646386155
1 1 27 -5,18 -19,32 -156,938 1646386156
1 1 27 -4,68 -19,32 -156,956 1646386156
1 1 27 -4,74 -19,07 -156,895 1646386157
1 1 27 -4,93 -18,89 -156,956 1646386157
1 1 27 -5,18 -18,82 -156,907 1646386158
1 1 27 -5,43 -18,89 -156,987 1646386159
1 1 27 -5,61 -19,07 -156,938 1646386159
1 1 27 -5,68 -19,32 -156,944 1646386160
1 1 27 -5,61 -19,57 -156,926 1646386160
1 1 27 -5,43 -19,75 -156,993 1646386160
1 1 27 -5,18 -19,82 -156,932 1646386161
1 1 27 -4,93 -19,75 -156,993 1646386161
1 1 27 -4,74 -19,57 -156,962 1646386162
1 1 28 5,18 -19,32 -156,852 1646386163
1 1 28 5,68 -19,32 -156,907 1646386163
1 1 28 5,61 -19,07 -156,944 1646386163
1 1 28 5,43 -18,89 -156,956 1646386164
1 1 28 5,18 -18,82 -156,907 1646386165
1 1 28 4,93 -18,89 -156,944 1646386166
1 1 28 4,74 -19,07 -156,889 1646386166
1 1 28 4,68 -19,32 -156,956 1646386166
1 1 28 4,74 -19,57 -156,950 1646386167
1 1 28 4,93 -19,75 -156,950 1646386167
1 1 28 5,18 -19,82 -156,938 1646386168
1 1 28 5,43 -19,75 -156,944 1646386168
1 1 28 5,61 -19,57 -156,913 1646386169
1 1 29 10,00 -17,32 -156,950 1646386170
1 1 29 10,50 -17,32 -156,987 1646386170
1 1 29 10,43 -17,07 -157,005 1646386170
1 1 29 10,25 -16,89 -156,907 1646386171
1 1 29 10,00 -16,82 -156,938 1646386171
1 1 29 9,75 -16,89 -156,987 1646386172
1 1 29 9,57 -17,07 -156,871 1646386172
1 1 29 9,50 -17,32 -156,993 1646386172
1 1 29 9,57 -17,57 -156,944 1646386172
1 1 29 9,75 -17,75 -156,950 1646386172
1 1 29 10,00 -17,82 -156,974 1646386173
1 1 29 10,25 -17,75 -156,919 1646386173
1 1 29 10,43 -17,57 -157,005 1646386173
1 1 30 14,14 -14,14 -156,889 1646386174
1 1 30 14,64 -14,14 -156,950 1646386174
1 1 30 14,58 -13,89 -156,956 1646386175
1 1 30 14,39 -13,71 -156,987 1646386175
1 1 30 14,14 -13,64 -156,987 1646386175
1 1 30 13,89 -13,71 -156,938 1646386175
1 1 30 13,71 -13,89 -156,907 1646386176
1 1 30 13,64 -14,14 -156,938 1646386176
1 1 30 13,71 -14,39 -156,919 1646386176
1 1 30 13,89 -14,58 -156,950 1646386176
1 1 30 14,14 -14,64 -156,999 1646386176
1 1 30 14,39 -14,58 -156,919 1646386177
1 1 30 14,58 -14,39 -156,901 1646386177
1 1 31 17,32 -10,00 -156,950 1646386178
1 1 31 17,82 -10,00 -156,950 1646386178
1 1 31 17,75 -9,75 -156,999 1646386178
1 1 31 17,57 -9,57 -156,871 1646386179
1 1 31 17,32 -9,50 -156,938 1646386179
1 1 31 17,07 -9,57 -156,956 1646386179
1 1 31 16,89 -9,75 -156,932 1646386179
1 1 31 16,82 -10,00 -156,944 1646386179
1 1 31 16,89 -10,25 -156,956 1646386180
1 1 31 17,07 -10,43 -156,895 1646386180
1 1 31 17,32 -10,50 -156,871 1646386180
1 1 31 17,57 -10,43 -156,987 1646386180
1 1 31 17,75 -10,25 -157,005 1646386181
1 1 32 19,32 -5,18 -156,919 1646386181
1 1 32 19,82 -5,18 -156,901 1646386182
1 1 32 19,75 -4,93 -156,919 1646386182
1 1 32 19,57 -4,74 -156,944 1646386182
1 1 32 19,32 -4,68 -157,035 1646386183
1 1 32 19,07 -4,74 -156,913 1646386183
1 1 32 18,89 -4,93 -156,938 1646386183
1 1 32 18,82 -5,18 -156,950 1646386183
1 1 32 18,89 -5,43 -156,944 1646386184
1 1 32 19,07 -5,61 -156,962 1646386184
1 1 32 19,32 -5,68 -156,938 1646386184
1 1 32 19,57 -5,61 -157,023 1646386184
1 1 32 19,75 -5,43 -156,987 1646386184
1 1 33 12,56 -3,36 -156,981 1646386185
1 1 33 13,06 -3,36 -156,950 1646386186
1 1 33 12,99 -3,11 -157,011 1646386186
1 1 33 12,81 -2,93 -156,877 1646386187
1 1 33 12,56 -2,86 -156,956 1646386187
1 1 33 12,31 -2,93 -156,913 1646386187
1 1 33 12,12 -3,11 -156,926 1646386187
1 1 33 12,06 -3,36 -156,938 1646386187
1 1 33 12,12 -3,61 -156,926 1646386188
1 1 33 12,31 -3,80 -156,987 1646386188
1 1 33 12,56 -3,86 -156,950 1646386188
1 1 33 12,81 -3,80 -156,901 1646386188
1 1 33 12,99 -3,61 -156,919 1646386189
1 1 34 9,19 -9,19 -156,944 1646386189
1 1 34 9,69 -9,19 -156,938 1646386190
1 1 34 9,63 -8,94 -156,938 1646386190
1 1 34 9,44 -8,76 -156,919 1646386190
1 1 34 9,19 -8,69 -156,999 1646386191
1 1 34 8,94 -8,76 -156,981 1646386191
1 1 34 8,76 -8,94 -156,944 1646386191
1 1 34 8,69 -9,19 -156,944 1646386191
1 1 34 8,76 -9,44 -156,932 1646386192
1 1 34 8,94 -9,63 -156,932 1646386192
1 1 34 9,19 -9,69 -156,981 1646386192
1 1 34 9,44 -9,63 -156,932 1646386192
1 1 34 9,63 -9,44 -156,944 1646386192
1 1 35 3,36 -12,56 -157,078 1646386193
1 1 35 3,86 -12,56 -156,895 1646386194
1 1 35 3,80 -12,31 -157,017 1646386194
1 1 35 3,61 -12,12 -156,950 1646386194
1 1 35 3,36 -12,06 -157,066 1646386194
1 1 35 3,11 -12,12 -156,919 1646386195
1 1 35 2,93 -12,31 -156,889 1646386195
1 1 35 2,86 -12,56 -156,962 1646386195
1 1 35 2,93 -12,81 -156,901 1646386195
1 1 35 3,11 -12,99 -156,987 1646386196
1 1 35 3,36 -13,06 -156,987 1646386196
1 1 35 3,61 -12,99 -156,932 1646386196
1 1 35 3,80 -12,81 -156,883 1646386196
1 1 36 4,24 -4,24 -156,962 1646386197
1 1 36 4,74 -4,24 -157,023 1646386198
1 1 36 4,68 -3,99 -157,035 1646386198
1 1 36 4,49 -3,81 -156,987 1646386198
1 1 36 4,24 -3,74 -156,956 1646386198
1 1 36 3,99 -3,81 -156,987 1646386199
1 1 36 3,81 -3,99 -156,938 1646386199
1 1 36 3,74 -4,24 -156,919 1646386199
1 1 36 3,81 -4,49 -156,938 1646386200
1 1 36 3,99 -4,68 -156,913 1646386200
1 1 36 4,24 -4,74 -156,968 1646386201
1 1 36 4,49 -4,68 -156,907 1646386202
1 1 36 4,68 -4,49 -156,981 1646386202
1 1 37 27,00 0,00 -156,944 1646386204
1 1 37 27,50 0,00 -156,883 1646386204
1 1 37 27,43 0,25 -156,962 1646386205
1 1 37 27,25 0,43 -156,938 1646386205
1 1 37 27,00 0,50 -156,950 1646386206
1 1 37 26,75 0,43 -157,035 1646386207
1 1 37 26,57 0,25 -156,858 1646386207
1 1 37 26,50 0,00 -156,938 1646386207
1 1 37 26,57 -0,25 -156,950 1646386208
1 1 37 26,75 -0,43 -156,987 1646386208
1 1 37 27,00 -0,50 -156,932 1646386209
1 1 37 27,25 -0,43 -156,987 1646386209
1 1 37 27,43 -0,25 -156,962 1646386210
1 1 38 26,08 6,99 -156,956 1646386211
1 1 38 26,58 6,99 -156,865 1646386211
1 1 38 26,51 7,24 -156,950 1646386212
1 1 38 26,33 7,42 -156,871 1646386212
1 1 38 26,08 7,49 -156,956 1646386213
1 1 38 25,83 7,42 -156,968 1646386213
1 1 38 25,65 7,24 -156,950 1646386214
1 1 38 25,58 6,99 -156,956 1646386214
1 1 38 25,65 6,74 -156,956 1646386214
1 1 38 25,83 6,56 -156,956 1646386215
1 1 38 26,08 6,49 -156,871 1646386216
1 1 38 26,33 6,56 -156,938 1646386216
1 1 38 26,51 6,74 -156,779 1646386217
1 1 39 23,38 13,50 -156,944 1646386217
1 1 39 23,88 13,50 -156,938 1646386218
1 1 39 23,82 13,75 -156,987 1646386218
1 1 39 23,63 13,93 -156,956 1646386219
1 1 39 23,38 14,00 -156,938 1646386219
1 1 39 23,13 13,93 -156,938 1646386220
1 1 39 22,95 13,75 -156,968 1646386220
1 1 39 22,88 13,50 -156,968 1646386221
1 1 39 22,95 13,25 -156,968 1646386221
1 1 39 23,13 13,07 -156,895 1646386222
1 1 39 23,38 13,00 -156,950 1646386222
1 1 39 23,63 13,07 -156,956 1646386223
1 1 39 23,82 13,25 -156,919 1646386223
1 1 40 19,09 19,09 -156,877 1646386224
1 1 40 19,59 19,09 -156,956 1646386225
1 1 40 19,52 19,34 -156,883 1646386225
1 1 40 19,34 19,52 -156,926 1646386225
1 1 40 19,09 19,59 -156,944 1646386226
1 1 40 18,84 19,52 -156,901 1646386227
1 1 40 18,66 19,34 -157,011 1646386227
1 1 40 18,59 19,09 -156,877 1646386227
1 1 40 18,66 18,84 -156,944 1646386228
1 1 40 18,84 18,66 -156,950 1646386228
1 1 40 19,09 18,59 -156,950 1646386229
1 1 40 19,34 18,66 -156,987 1646386230
1 1 40 19,52 18,84 -156,999 1646386230
1 1 41 13,50 23,38 -156,944 1646386231
1 1 41 14,00 23,38 -156,981 1646386231
1 1 41 13,93 23,63 -156,981 1646386232
1 1 41 13,75 23,82 -156,938 1646386232
1 1 41 13,50 23,88 -156,932 1646386233
1 1 41 13,25 23,82 -156,974 1646386233
1 1 41 13,07 23,63 -156,877 1646386233
1 1 41 13,00 23,38 -156,993 1646386234
1 1 41 13,07 23,13 -156,938 1646386235
1 1 41 13,25 22,95 -156,919 1646386235
1 1 41 13,50 22,88 -156,907 1646386235
1 1 41 13,75 22,95 -156,901 1646386236
1 1 41 13,93 23,13 -156,981 1646386236
1 1 42 6,99 26,08 -156,938 1646386237
1 1 42 7,49 26,08 -156,981 1646386238
1 1 42 7,42 26,33 -157,005 1646386238
1 1 42 7,24 26,51 -156,944 1646386238
1 1 42 6,99 26,58 -156,938 1646386239
1 1 42 6,74 26,51 -156,938 1646386239
1 1 42 6,56 26,33 -157,023 1646386239
1 1 42 6,49 26,08 -156,938 1646386240
1 1 42 6,56 25,83 -156,877 1646386240
1 1 42 6,74 25,65 -157,017 1646386240
1 1 42 6,99 25,58 -156,987 1646386241
1 1 42 7,24 25,65 -156,926 1646386241
1 1 42 7,42 25,83 -156,889 1646386242
1 1 43 0,00 27,00 -156,974 1646386243
1 1 43 0,50 27,00 -156,950 1646386244
1 1 43 0,43 27,25 -156,987 1646386244
1 1 43 0,25 27,43 -156,926 1646386244
1 1 43 0,00 27,50 -156,913 1646386245
1 1 43 -0,25 27,43 -156,919 1646386246
1 1 43 -0,43 27,25 -156,913 1646386246
1 1 43 -0,50 27,00 -156,962 1646386246
1 1 43 -0,43 26,75 -156,987 1646386247
1 1 43 -0,25 26,57 -156,944 1646386247
1 1 43 0,00 26,50 -156,974 1646386248
1 1 43 0,25 26,57 -156,901 1646386248
1 1 43 0,43 26,75 -156,968 1646386249
1 1 44 -6,99 26,08 -156,913 1646386250
1 1 44 -6,49 26,08 -156,907 1646386250
1 1 44 -6,56 26,33 -156,999 1646386251
1 1 44 -6,74 26,51 -156,907 1646386251
1 1 44 -6,99 26,58 -156,956 1646386252
1 1 44 -7,24 26,51 -156,889 1646386252
1 1 44 -7,42 26,33 -156,938 1646386252
1 1 44 -7,49 26,08 -156,840 1646386253
1 1 44 -7,42 25,83 -156,877 1646386254
1 1 44 -7,24 25,65 -156,932 1646386254
1 1 44 -6,99 25,58 -156,968 1646386254
1 1 44 -6,74 25,65 -156,938 1646386255
1 1 44 -6,56 25,83 -156,962 1646386255
1 1 45 -13,50 23,38 -156,938 1646386256
1 1 45 -13,00 23,38 -156,938 1646386257
1 1 45 -13,07 23,63 -156,956 1646386257
1 1 45 -13,25 23,82 -156,956 1646386258
1 1 45 -13,50 23,88 -156,987 1646386259
1 1 45 -13,75 23,82 -156,938 1646386259
1 1 45 -13,93 23,63 -157,023 1646386259
1 1 45 -14,00 23,38 -156,944 1646386260
1 1 45 -13,93 23,13 -156,993 1646386260
1 1 45 -13,75 22,95 -156,999 1646386261
1 1 45 -13,50 22,88 -156,999 1646386261
1 1 45 -13,25 22,95 -156,926 1646386262
1 1 45 -13,07 23,13 -156,901 1646386262
1 1 46 -19,09 19,09 -156,938 1646386263
1 1 46 -18,59 19,09 -156,950 1646386264
1 1 46 -18,66 19,34 -156,987 1646386264
1 1 46 -18,84 19,52 -156,950 1646386265
1 1 46 -19,09 19,59 -156,950 1646386265
1 1 46 -19,34 19,52 -156,932 1646386266
1 1 46 -19,52 19,34 -156,944 1646386266
1 1 46 -19,59 19,09 -156,999 1646386267
1 1 46 -19,52 18,84 -156,926 1646386267
1 1 46 -19,34 18,66 -156,993 1646386268
1 1 46 -19,09 18,59 -156,993 1646386268
1 1 46 -18,84 18,66 -156,987 1646386269
1 1 46 -18,66 18,84 -156,993 1646386269
1 1 47 -23,38 13,50 -156,968 1646386270
1 1 47 -22,88 13,50 -156,999 1646386270
1 1 47 -22,95 13,75 -156,993 1646386270
1 1 47 -23,13 13,93 -156,938 1646386271
1 1 47 -23,38 14,00 -156,919 1646386271
1 1 47 -23,63 13,93 -156,919 1646386272
1 1 47 -23,82 13,75 -156,987 1646386272
1 1 47 -23,88 13,50 -156,944 1646386273
1 1 47 -23,82 13,25 -156,901 1646386273
1 1 47 -23,63 13,07 -157,060 1646386274
1 1 47 -23,38 13,00 -156,950 1646386274
1 1 47 -23,13 13,07 -156,956 1646386275
1 1 47 -22,95 13,25 -156,956 1646386275
1 1 48 -26,08 6,99 -157,145 1646386276
1 1 48 -25,58 6,99 -156,865 1646386276
1 1 48 -25,65 7,24 -156,950 1646386277
1 1 48 -25,83 7,42 -156,932 1646386277
1 1 48 -26,08 7,49 -157,127 1646386277
1 1 48 -26,33 7,42 -156,718 1646386278
1 1 48 -26,51 7,24 -156,962 1646386279
1 1 48 -26,58 6,99 -156,956 1646386279
1 1 48 -26,51 6,74 -156,956 1646386280
1 1 48 -26,33 6,56 -156,926 1646386280
1 1 48 -26,08 6,49 -156,944 1646386281
1 1 48 -25,83 6,56 -156,938 1646386281
1 1 48 -25,65 6,74 -156,932 1646386282
1 1 49 -27,00 0,00 -156,974 1646386282
1 1 49 -26,50 0,00 -156,926 1646386283
1 1 49 -26,57 0,25 -156,993 1646386283
1 1 49 -26,75 0,43 -156,913 1646386283
1 1 49 -27,00 0,50 -156,883 1646386284
1 1 49 -27,25 0,43 -156,974 1646386284
1 1 49 -27,43 0,25 -156,987 1646386285
1 1 49 -27,50 0,00 -156,981 1646386286
1 1 49 -27,43 -0,25 -156,981 1646386286
1 1 49 -27,25 -0,43 -156,889 1646386286
1 1 49 -27,00 -0,50 -156,968 1646386287
1 1 49 -26,75 -0,43 -156,987 1646386288
1 1 49 -26,57 -0,25 -156,962 1646386288
1 1 50 -26,08 -6,99 -156,993 1646386289
1 1 50 -25,58 -6,99 -156,987 1646386290
1 1 50 -25,65 -6,74 -157,054 1646386290
1 1 50 -25,83 -6,56 -156,828 1646386290
1 1 50 -26,08 -6,49 -156,968 1646386291
1 1 50 -26,33 -6,56 -157,035 1646386292
1 1 50 -26,51 -6,74 -156,865 1646386292
1 1 50 -26,58 -6,99 -156,938 1646386292
1 1 50 -26,51 -7,24 -156,999 1646386293
1 1 50 -26,33 -7,42 -156,999 1646386293
1 1 50 -26,08 -7,49 -156,907 1646386293
1 1 50 -25,83 -7,42 -156,840 1646386294
1 1 50 -25,65 -7,24 -157,078 1646386294
1 1 51 -23,38 -13,50 -156,962 1646386295
1 1 51 -22,88 -13,50 -156,889 1646386296
1 1 51 -22,95 -13,25 -156,938 1646386296
1 1 51 -23,13 -13,07 -157,011 1646386297
1 1 51 -23,38 -13,00 -156,987 1646386297
1 1 51 -23,63 -13,07 -156,999 1646386298
1 1 51 -23,82 -13,25 -156,938 1646386298
1 1 51 -23,88 -13,50 -156,987 1646386299
1 1 51 -23,82 -13,75 -157,048 1646386299
1 1 51 -23,63 -13,93 -156,956 1646386299
1 1 51 -23,38 -14,00 -156,932 1646386300
1 1 51 -23,13 -13,93 -156,950 1646386301
1 1 51 -22,95 -13,75 -156,938 1646386301
1 1 52 -19,09 -19,09 -156,944 1646386302
1 1 52 -18,59 -19,09 -156,968 1646386302
1 1 52 -18,66 -18,84 -156,993 1646386302
1 1 52 -18,84 -18,66 -157,011 1646386303
1 1 52 -19,09 -18,59 -156,919 1646386304
1 1 52 -19,34 -18,66 -156,938 1646386304
1 1 52 -19,52 -18,84 -156,913 1646386305
1 1 52 -19,59 -19,09 -156,944 1646386305
1 1 52 -19,52 -19,34 -156,956 1646386306
1 1 52 -19,34 -19,52 -156,999 1646386306
1 1 52 -19,09 -19,59 -156,883 1646386306
1 1 52 -18,84 -19,52 -156,944 1646386307
1 1 52 -18,66 -19,34 -156,932 1646386307
1 1 53 -13,50 -23,38 -156,907 1646386308
1 1 53 -13,00 -23,38 -156,871 1646386308
1 1 53 -13,07 -23,13 -156,987 1646386309
1 1 53 -13,25 -22,95 -156,950 1646386309
1 1 53 -13,50 -22,88 -156,993 1646386310
1 1 53 -13,75 -22,95 -156,950 1646386311
1 1 53 -13,93 -23,13 -157,023 1646386311
1 1 53 -14,00 -23,38 -157,042 1646386311
1 1 53 -13,93 -23,63 -156,950 1646386312
1 1 53 -13,75 -23,82 -156,974 1646386312
1 1 53 -13,50 -23,88 -156,962 1646386313
1 1 53 -13,25 -23,82 -156,956 1646386313
1 1 53 -13,07 -23,63 -156,944 1646386314
1 1 54 -6,99 -26,08 -156,981 1646386315
1 1 54 -6,49 -26,08 -156,962 1646386315
1 1 54 -6,56 -25,83 -156,944 1646386316
1 1 54 -6,74 -25,65 -156,950 1646386316
1 1 54 -6,99 -25,58 -156,907 1646386317
1 1 54 -7,24 -25,65 -156,913 1646386317
1 1 54 -7,42 -25,83 -156,950 1646386317
1 1 54 -7,49 -26,08 -156,950 1646386318
1 1 54 -7,42 -26,33 -156,968 1646386319
1 1 54 -7,24 -26,51 -156,950 1646386319
1 1 54 -6,99 -26,58 -156,932 1646386319
1 1 54 -6,74 -26,51 -156,974 1646386320
1 1 54 -6,56 -26,33 -156,950 1646386320
1 1 55 -0,00 -27,00 -156,993 1646386321
1 1 55 0,50 -27,00 -156,950 1646386322
1 1 55 0,43 -26,75 -156,944 1646386322
1 1 55 0,25 -26,57 -156,956 1646386322
1 1 55 -0,00 -26,50 -156,901 1646386323
1 1 55 -0,25 -26,57 -156,950 1646386323
1 1 55 -0,43 -26,75 -156,987 1646386324
1 1 55 -0,50 -27,00 -157,005 1646386324
1 1 55 -0,43 -27,25 -156,956 1646386325
1 1 55 -0,25 -27,43 -156,956 1646386325
1 1 55 -0,00 -27,50 -156,932 1646386326
1 1 55 0,25 -27,43 -156,926 1646386326
1 1 55 0,43 -27,25 -156,944 1646386327
1 1 56 6,99 -26,08 -156,913 1646386327
1 1 56 7,49 -26,08 -156,858 1646386328
1 1 56 7,42 -25,83 -156,968 1646386328
1 1 56 7,24 -25,65 -156,987 1646386328
1 1 56 6,99 -25,58 -156,919 1646386329
1 1 56 6,74 -25,65 -156,901 1646386329
1 1 56 6,56 -25,83 -156,938 1646386330
1 1 56 6,49 -26,08 -156,889 1646386330
1 1 56 6,56 -26,33 -156,944 1646386331
1 1 56 6,74 -26,51 -156,932 1646386331
1 1 56 6,99 -26,58 -156,999 1646386332
1 1 56 7,24 -26,51 -156,956 1646386332
1 1 56 7,42 -26,33 -156,956 1646386333
1 1 57 13,50 -23,38 -156,944 1646386334
1 1 57 14,00 -23,38 -156,981 1646386334
1 1 57 13,93 -23,13 -156,956 1646386335
1 1 57 13,75 -22,95 -156,999 1646386335
1 1 57 13,50 -22,88 -156,950 1646386336
1 1 57 13,25 -22,95 -157,005 1646386336
1 1 57 13,07 -23,13 -156,999 1646386337
1 1 57 13,00 -23,38 -156,962 1646386337
1 1 57 13,07 -23,63 -156,981 1646386338
1 1 57 13,25 -23,82 -156,938 1646386338
1 1 57 13,50 -23,88 -156,999 1646386339
1 1 57 13,75 -23,82 -156,932 1646386339
1 1 57 13,93 -23,63 -156,981 1646386339
1 1 58 19,09 -19,09 -156,932 1646386340
1 1 58 19,59 -19,09 -156,932 1646386341
1 1 58 19,52 -18,84 -156,877 1646386342
1 1 58 19,34 -18,66 -156,907 1646386342
1 1 58 19,09 -18,59 -156,950 1646386343
1 1 58 18,84 -18,66 -157,042 1646386343
1 1 58 18,66 -18,84 -156,889 1646386343
1 1 58 18,59 -19,09 -156,974 1646386344
1 1 58 18,66 -19,34 -156,999 1646386345
1 1 58 18,84 -19,52 -156,932 1646386345
1 1 58 19,09 -19,59 -156,944 1646386345
1 1 58 19,34 -19,52 -156,871 1646386346
1 1 58 19,52 -19,34 -156,889 1646386346
1 1 59 23,38 -13,50 -156,895 1646386347
1 1 59 23,88 -13,50 -156,999 1646386347
1 1 59 23,82 -13,25 -156,932 1646386348
1 1 59 23,63 -13,07 -156,993 1646386348
1 1 59 23,38 -13,00 -156,919 1646386348
1 1 59 23,13 -13,07 -156,938 1646386348
1 1 59 22,95 -13,25 -156,944 1646386349
1 1 59 22,88 -13,50 -156,987 1646386349
1 1 59 22,95 -13,75 -156,981 1646386349
1 1 59 23,13 -13,93 -156,974 1646386349
1 1 59 23,38 -14,00 -156,907 1646386349
1 1 59 23,63 -13,93 -156,962 1646386350
1 1 59 23,82 -13,75 -156,901 1646386350
1 1 60 26,08 -6,99 -156,968 1646386351
1 1 60 26,58 -6,99 -156,956 1646386351
1 1 60 26,51 -6,74 -156,950 1646386352
1 1 60 26,33 -6,56 -157,005 1646386352
1 1 60 26,08 -6,49 -156,950 1646386352
1 1 60 25,83 -6,56 -157,005 1646386352
1 1 60 25,65 -6,74 -156,944 1646386353
1 1 60 25,58 -6,99 -156,950 1646386353
1 1 60 25,65 -7,24 -156,926 1646386353
1 1 60 25,83 -7,42 -156,950 1646386353
1 1 60 26,08 -7,49 -156,962 1646386354
1 1 60 26,33 -7,42 -156,981 1646386354
1 1 60 26,51 -7,24 -156,950 1646386354
