1 1 1 4,24 4,24 -156,968 1646384627
1 1 1 4,74 4,24 -156,987 1646384627
1 1 1 4,68 4,49 -157,054 1646384628
1 1 1 4,49 4,68 -156,993 1646384628
1 1 1 4,24 4,74 -156,907 1646384628
1 1 1 3,99 4,68 -156,926 1646384628
1 1 1 3,81 4,49 -156,877 1646384628
1 1 1 3,74 4,24 -156,974 1646384629
1 1 1 3,81 3,99 -156,968 1646384630
1 1 1 3,99 3,81 -156,950 1646384630
1 1 1 4,24 3,74 -156,932 1646384630
1 1 1 4,49 3,81 -156,968 1646384631
1 1 1 4,68 3,99 -156,950 1646384632
1 1 2 3,36 12,56 -156,822 1646384633
1 1 2 3,86 12,56 -156,968 1646384633
1 1 2 3,80 12,81 -157,005 1646384634
1 1 2 3,61 12,99 -156,907 1646384634
1 1 2 3,36 13,06 -156,865 1646384635
1 1 2 3,11 12,99 -156,895 1646384635
1 1 2 2,93 12,81 -156,950 1646384635
1 1 2 2,86 12,56 -156,932 1646384635
1 1 2 2,93 12,31 -156,871 1646384636
1 1 2 3,11 12,12 -156,968 1646384636
1 1 2 3,36 12,06 -156,968 1646384636
1 1 2 3,61 12,12 -157,005 1646384636
1 1 2 3,80 12,31 -156,901 1646384636
1 1 3 9,19 9,19 -156,987 1646384637
1 1 3 9,69 9,19 -156,938 1646384638
1 1 3 9,63 9,44 -156,871 1646384638
1 1 3 9,44 9,63 -156,907 1646384638
1 1 3 9,19 9,69 -156,987 1646384639
1 1 3 8,94 9,63 -156,968 1646384639
1 1 3 8,76 9,44 -156,944 1646384640
1 1 3 8,69 9,19 -156,907 1646384640
1 1 3 8,76 8,94 -156,950 1646384640
1 1 3 8,94 8,76 -156,987 1646384641
1 1 3 9,19 8,69 -156,987 1646384642
1 1 3 9,44 8,76 -156,938 1646384642
1 1 3 9,63 8,94 -156,944 1646384642
1 1 4 12,56 3,36 -156,913 1646384643
1 1 4 13,06 3,36 -156,938 1646384644
1 1 4 12,99 3,61 -156,974 1646384645
1 1 4 12,81 3,80 -156,907 1646384645
1 1 4 12,56 3,86 -156,938 1646384645
1 1 4 12,31 3,80 -156,919 1646384646
1 1 4 12,12 3,61 -156,938 1646384646
1 1 4 12,06 3,36 -156,968 1646384647
1 1 4 12,12 3,11 -156,926 1646384648
1 1 4 12,31 2,93 -156,901 1646384648
1 1 4 12,56 2,86 -156,950 1646384648
1 1 4 12,81 2,93 -156,907 1646384649
1 1 4 12,99 3,11 -156,950 1646384649
1 1 5 19,32 5,18 -157,017 1646384650
1 1 5 19,82 5,18 -156,956 1646384651
1 1 5 19,75 5,43 -156,950 1646384651
1 1 5 19,57 5,61 -156,919 1646384651
1 1 5 19,32 5,68 -156,883 1646384652
1 1 5 19,07 5,61 -156,938 1646384653
1 1 5 18,89 5,43 -156,895 1646384653
1 1 5 18,82 5,18 -156,944 1646384653
1 1 5 18,89 4,93 -156,895 1646384654
1 1 5 19,07 4,74 -156,968 1646384654
1 1 5 19,32 4,68 -156,919 1646384655
1 1 5 19,57 4,74 -156,932 1646384655
1 1 5 19,75 4,93 -156,987 1646384656
1 1 6 17,32 10,00 -156,993 1646384656
1 1 6 17,82 10,00 -156,877 1646384657
1 1 6 17,75 10,25 -156,926 1646384658
1 1 6 17,57 10,43 -156,926 1646384658
1 1 6 17,32 10,50 -156,932 1646384659
1 1 6 17,07 10,43 -156,950 1646384659
1 1 6 16,89 10,25 -156,944 1646384659
1 1 6 16,82 10,00 -156,968 1646384660
1 1 6 16,89 9,75 -156,932 1646384661
1 1 6 17,07 9,57 -156,895 1646384661
1 1 6 17,32 9,50 -156,993 1646384661
1 1 6 17,57 9,57 -156,993 1646384662
1 1 6 17,75 9,75 -156,932 1646384662
1 1 7 14,14 14,14 -156,919 1646384663
1 1 7 14,64 14,14 -156,938 1646384663
1 1 7 14,58 14,39 -156,981 1646384664
1 1 7 14,39 14,58 -156,901 1646384664
1 1 7 14,14 14,64 -156,950 1646384664
1 1 7 13,89 14,58 -156,981 1646384665
1 1 7 13,71 14,39 -156,944 1646384666
1 1 7 13,64 14,14 -156,987 1646384666
1 1 7 13,71 13,89 -156,944 1646384667
1 1 7 13,89 13,71 -156,938 1646384667
1 1 7 14,14 13,64 -156,895 1646384667
1 1 7 14,39 13,71 -156,901 1646384668
1 1 7 14,58 13,89 -156,956 1646384668
1 1 8 10,00 17,32 -156,938 1646384669
1 1 8 10,50 17,32 -156,938 1646384670
1 1 8 10,43 17,57 -156,919 1646384670
1 1 8 10,25 17,75 -156,858 1646384671
1 1 8 10,00 17,82 -156,993 1646384671
1 1 8 9,75 17,75 -156,907 1646384672
1 1 8 9,57 17,57 -156,913 1646384672
1 1 8 9,50 17,32 -156,944 1646384673
1 1 8 9,57 17,07 -156,913 1646384673
1 1 8 9,75 16,89 -156,956 1646384674
1 1 8 10,00 16,82 -156,950 1646384674
1 1 8 10,25 16,89 -156,956 1646384675
1 1 8 10,43 17,07 -156,926 1646384675
1 1 9 5,18 19,32 -156,944 1646384676
1 1 9 5,68 19,32 -156,913 1646384677
1 1 9 5,61 19,57 -156,895 1646384677
1 1 9 5,43 19,75 -156,938 1646384677
1 1 9 5,18 19,82 -156,938 1646384678
1 1 9 4,93 19,75 -156,889 1646384679
1 1 9 4,74 19,57 -156,907 1646384679
1 1 9 4,68 19,32 -156,950 1646384680
1 1 9 4,74 19,07 -156,938 1646384680
1 1 9 4,93 18,89 -156,981 1646384680
1 1 9 5,18 18,82 -156,944 1646384681
1 1 9 5,43 18,89 -156,962 1646384682
1 1 9 5,61 19,07 -156,987 1646384682
1 1 10 -5,18 19,32 -156,968 1646384683
1 1 10 -4,68 19,32 -156,926 1646384683
1 1 10 -4,74 19,57 -156,962 1646384684
1 1 10 -4,93 19,75 -156,913 1646384684
1 1 10 -5,18 19,82 -156,950 1646384685
1 1 10 -5,43 19,75 -156,981 1646384686
1 1 10 -5,61 19,57 -156,950 1646384686
1 1 10 -5,68 19,32 -156,981 1646384687
1 1 10 -5,61 19,07 -157,023 1646384687
1 1 10 -5,43 18,89 -156,956 1646384687
1 1 10 -5,18 18,82 -156,950 1646384688
1 1 10 -4,93 18,89 -157,017 1646384688
1 1 10 -4,74 19,07 -156,944 1646384689
1 1 11 -10,00 17,32 -156,950 1646384690
1 1 11 -9,50 17,32 -156,993 1646384690
1 1 11 -9,57 17,57 -156,987 1646384690
1 1 11 -9,75 17,75 -156,907 1646384691
1 1 11 -10,00 17,82 -156,907 1646384692
1 1 11 -10,25 17,75 -156,981 1646384692
1 1 11 -10,43 17,57 -156,987 1646384693
1 1 11 -10,50 17,32 -156,944 1646384693
1 1 11 -10,43 17,07 -156,926 1646384694
1 1 11 -10,25 16,89 -157,011 1646384694
1 1 11 -10,00 16,82 -156,932 1646384695
1 1 11 -9,75 16,89 -156,974 1646384695
1 1 11 -9,57 17,07 -156,981 1646384696
1 1 12 -14,14 14,14 -157,023 1646384696
1 1 12 -13,64 14,14 -156,968 1646384697
1 1 12 -13,71 14,39 -156,913 1646384698
1 1 12 -13,89 14,58 -156,962 1646384698
1 1 12 -14,14 14,64 -157,005 1646384699
1 1 12 -14,39 14,58 -156,981 1646384699
1 1 12 -14,58 14,39 -156,846 1646384699
1 1 12 -14,64 14,14 -156,926 1646384700
1 1 12 -14,58 13,89 -156,962 1646384701
1 1 12 -14,39 13,71 -156,987 1646384701
1 1 12 -14,14 13,64 -156,962 1646384701
1 1 12 -13,89 13,71 -156,938 1646384702
1 1 12 -13,71 13,89 -156,913 1646384703
1 1 13 -17,32 10,00 -156,938 1646384703
1 1 13 -16,82 10,00 -157,023 1646384704
1 1 13 -16,89 10,25 -156,962 1646384704
1 1 13 -17,07 10,43 -157,035 1646384705
1 1 13 -17,32 10,50 -157,005 1646384705
1 1 13 -17,57 10,43 -156,950 1646384706
1 1 13 -17,75 10,25 -156,968 1646384706
1 1 13 -17,82 10,00 -156,987 1646384707
1 1 13 -17,75 9,75 -156,974 1646384707
1 1 13 -17,57 9,57 -156,987 1646384708
1 1 13 -17,32 9,50 -156,999 1646384708
1 1 13 -17,07 9,57 -156,987 1646384709
1 1 13 -16,89 9,75 -156,956 1646384709
1 1 14 -19,32 5,18 -157,017 1646384710
1 1 14 -18,82 5,18 -156,999 1646384710
1 1 14 -18,89 5,43 -156,968 1646384711
1 1 14 -19,07 5,61 -156,932 1646384711
1 1 14 -19,32 5,68 -156,999 1646384711
1 1 14 -19,57 5,61 -156,834 1646384712
1 1 14 -19,75 5,43 -156,907 1646384712
1 1 14 -19,82 5,18 -156,932 1646384713
1 1 14 -19,75 4,93 -156,907 1646384714
1 1 14 -19,57 4,74 -156,944 1646384714
1 1 14 -19,32 4,68 -156,938 1646384714
1 1 14 -19,07 4,74 -156,956 1646384715
1 1 14 -18,89 4,93 -156,999 1646384715
1 1 15 -12,56 3,36 -156,950 1646384716
1 1 15 -12,06 3,36 -156,981 1646384716
1 1 15 -12,12 3,61 -156,974 1646384717
1 1 15 -12,31 3,80 -156,944 1646384717
1 1 15 -12,56 3,86 -156,944 1646384717
1 1 15 -12,81 3,80 -156,938 1646384718
1 1 15 -12,99 3,61 -156,865 1646384718
1 1 15 -13,06 3,36 -156,974 1646384719
1 1 15 -12,99 3,11 -156,950 1646384720
1 1 15 -12,81 2,93 -156,968 1646384720
1 1 15 -12,56 2,86 -156,993 1646384720
1 1 15 -12,31 2,93 -156,938 1646384721
1 1 15 -12,12 3,11 -156,987 1646384721
1 1 16 -9,19 9,19 -156,993 1646384722
1 1 16 -8,69 9,19 -156,938 1646384723
1 1 16 -8,76 9,44 -157,115 1646384723
1 1 16 -8,94 9,63 -156,938 1646384723
1 1 16 -9,19 9,69 -156,907 1646384724
1 1 16 -9,44 9,63 -156,974 1646384724
1 1 16 -9,63 9,44 -156,950 1646384725
1 1 16 -9,69 9,19 -156,962 1646384725
1 1 16 -9,63 8,94 -157,011 1646384726
1 1 16 -9,44 8,76 -156,944 1646384726
1 1 16 -9,19 8,69 -156,974 1646384727
1 1 16 -8,94 8,76 -156,999 1646384727
1 1 16 -8,76 8,94 -156,871 1646384727
1 1 17 -3,36 12,56 -156,950 1646384728
1 1 17 -2,86 12,56 -156,950 1646384729
1 1 17 -2,93 12,81 -156,950 1646384730
1 1 17 -3,11 12,99 -156,944 1646384730
1 1 17 -3,36 13,06 -156,950 1646384731
1 1 17 -3,61 12,99 -156,962 1646384731
1 1 17 -3,80 12,81 -156,919 1646384731
1 1 17 -3,86 12,56 -156,981 1646384732
1 1 17 -3,80 12,31 -156,938 1646384733
1 1 17 -3,61 12,12 -156,981 1646384733
1 1 17 -3,36 12,06 -156,981 1646384734
1 1 17 -3,11 12,12 -156,950 1646384734
1 1 17 -2,93 12,31 -157,017 1646384734
1 1 18 -4,24 4,24 -156,999 1646384735
1 1 18 -3,74 4,24 -156,956 1646384736
1 1 18 -3,81 4,49 -156,932 1646384737
1 1 18 -3,99 4,68 -156,981 1646384737
1 1 18 -4,24 4,74 -156,932 1646384737
1 1 18 -4,49 4,68 -157,005 1646384738
1 1 18 -4,68 4,49 -156,950 1646384738
1 1 18 -4,74 4,24 -156,913 1646384739
1 1 18 -4,68 3,99 -156,993 1646384739
1 1 18 -4,49 3,81 -156,852 1646384740
1 1 18 -4,24 3,74 -156,950 1646384740
1 1 18 -3,99 3,81 -156,974 1646384741
1 1 18 -3,81 3,99 -156,968 1646384741
1 1 19 -4,24 -4,24 -157,011 1646384742
1 1 19 -3,74 -4,24 -157,023 1646384742
1 1 19 -3,81 -3,99 -156,999 1646384743
1 1 19 -3,99 -3,81 -156,968 1646384743
1 1 19 -4,24 -3,74 -156,938 1646384743
1 1 19 -4,49 -3,81 -156,968 1646384744
1 1 19 -4,68 -3,99 -156,950 1646384744
1 1 19 -4,74 -4,24 -156,993 1646384745
1 1 19 -4,68 -4,49 -157,005 1646384745
1 1 19 -4,49 -4,68 -156,944 1646384746
1 1 19 -4,24 -4,74 -156,950 1646384746
1 1 19 -3,99 -4,68 -156,919 1646384747
1 1 19 -3,81 -4,49 -156,974 1646384747
1 1 20 -3,36 -12,56 -156,968 1646384748
1 1 20 -2,86 -12,56 -156,950 1646384748
1 1 20 -2,93 -12,31 -156,938 1646384749
1 1 20 -3,11 -12,12 -156,926 1646384749
1 1 20 -3,36 -12,06 -157,017 1646384749
1 1 20 -3,61 -12,12 -156,883 1646384750
1 1 20 -3,80 -12,31 -156,968 1646384750
1 1 20 -3,86 -12,56 -156,987 1646384751
1 1 20 -3,80 -12,81 -156,944 1646384751
1 1 20 -3,61 -12,99 -156,956 1646384751
1 1 20 -3,36 -13,06 -156,913 1646384752
1 1 20 -3,11 -12,99 -156,987 1646384752
1 1 20 -2,93 -12,81 -156,981 1646384752
1 1 21 -9,19 -9,19 -157,017 1646384753
1 1 21 -8,69 -9,19 -156,987 1646384754
1 1 21 -8,76 -8,94 -156,968 1646384755
1 1 21 -8,94 -8,76 -156,950 1646384755
1 1 21 -9,19 -8,69 -156,944 1646384755
1 1 21 -9,44 -8,76 -156,944 1646384756
1 1 21 -9,63 -8,94 -156,907 1646384756
1 1 21 -9,69 -9,19 -156,938 1646384757
1 1 21 -9,63 -9,44 -156,938 1646384758
1 1 21 -9,44 -9,63 -156,956 1646384758
1 1 21 -9,19 -9,69 -156,987 1646384758
1 1 21 -8,94 -9,63 -156,889 1646384759
1 1 21 -8,76 -9,44 -156,999 1646384759
1 1 22 -12,56 -3,36 -156,950 1646384760
1 1 22 -12,06 -3,36 -157,029 1646384760
1 1 22 -12,12 -3,11 -157,054 1646384761
1 1 22 -12,31 -2,93 -157,011 1646384761
1 1 22 -12,56 -2,86 -156,974 1646384761
1 1 22 -12,81 -2,93 -156,926 1646384762
1 1 22 -12,99 -3,11 -156,999 1646384762
1 1 22 -13,06 -3,36 -156,919 1646384763
1 1 22 -12,99 -3,61 -156,938 1646384764
1 1 22 -12,81 -3,80 -156,999 1646384764
1 1 22 -12,56 -3,86 -156,895 1646384764
1 1 22 -12,31 -3,80 -156,956 1646384765
1 1 22 -12,12 -3,61 -156,981 1646384765
1 1 23 -19,32 -5,18 -156,913 1646384766
1 1 23 -18,82 -5,18 -156,932 1646384767
1 1 23 -18,89 -4,93 -156,901 1646384767
1 1 23 -19,07 -4,74 -156,981 1646384768
1 1 23 -19,32 -4,68 -156,962 1646384769
1 1 23 -19,57 -4,74 -156,987 1646384769
1 1 23 -19,75 -4,93 -156,962 1646384770
1 1 23 -19,82 -5,18 -156,938 1646384770
1 1 23 -19,75 -5,43 -156,944 1646384771
1 1 23 -19,57 -5,61 -156,834 1646384771
1 1 23 -19,32 -5,68 -156,932 1646384772
1 1 23 -19,07 -5,61 -156,944 1646384772
1 1 23 -18,89 -5,43 -156,956 1646384773
1 1 24 -17,32 -10,00 -156,981 1646384773
1 1 24 -16,82 -10,00 -156,993 1646384774
1 1 24 -16,89 -9,75 -156,993 1646384775
1 1 24 -17,07 -9,57 -156,956 1646384775
1 1 24 -17,32 -9,50 -156,938 1646384775
1 1 24 -17,57 -9,57 -156,919 1646384776
1 1 24 -17,75 -9,75 -156,919 1646384776
1 1 24 -17,82 -10,00 -156,987 1646384777
1 1 24 -17,75 -10,25 -156,901 1646384778
1 1 24 -17,57 -10,43 -157,042 1646384778
1 1 24 -17,32 -10,50 -157,109 1646384778
1 1 24 -17,07 -10,43 -156,926 1646384779
1 1 24 -16,89 -10,25 -156,956 1646384779
1 1 25 -14,14 -14,14 -156,950 1646384780
1 1 25 -13,64 -14,14 -156,895 1646384780
1 1 25 -13,71 -13,89 -156,901 1646384781
1 1 25 -13,89 -13,71 -156,950 1646384781
1 1 25 -14,14 -13,64 -156,944 1646384781
1 1 25 -14,39 -13,71 -156,865 1646384782
1 1 25 -14,58 -13,89 -156,956 1646384782
1 1 25 -14,64 -14,14 -156,877 1646384783
1 1 25 -14,58 -14,39 -156,950 1646384783
1 1 25 -14,39 -14,58 -156,913 1646384784
1 1 25 -14,14 -14,64 -156,987 1646384784
1 1 25 -13,89 -14,58 -156,962 1646384785
1 1 25 -13,71 -14,39 -156,950 1646384785
1 1 26 -10,00 -17,32 -156,993 1646384786
1 1 26 -9,50 -17,32 -157,005 1646384786
1 1 26 -9,57 -17,07 -156,999 1646384786
1 1 26 -9,75 -16,89 -156,938 1646384787
1 1 26 -10,00 -16,82 -156,956 1646384788
1 1 26 -10,25 -16,89 -156,962 1646384788
1 1 26 -10,43 -17,07 -156,993 1646384789
1 1 26 -10,50 -17,32 -156,919 1646384789
1 1 26 -10,43 -17,57 -156,944 1646384790
1 1 26 -10,25 -17,75 -156,974 1646384790
1 1 26 -10,00 -17,82 -156,926 1646384791
1 1 26 -9,75 -17,75 -156,993 1646384791
1 1 26 -9,57 -17,57 -156,938 1646384791
1 1 27 -5,18 -19,32 -156,938 1646384792
1 1 27 -4,68 -19,32 -156,956 1646384793
1 1 27 -4,74 -19,07 -156,919 1646384793
1 1 27 -4,93 -18,89 -156,956 1646384794
1 1 27 -5,18 -18,82 -156,907 1646384794
1 1 27 -5,43 -18,89 -156,987 1646384795
1 1 27 -5,61 -19,07 -156,938 1646384795
1 1 27 -5,68 -19,32 -156,944 1646384796
1 1 27 -5,61 -19,57 -156,919 1646384796
1 1 27 -5,43 -19,75 -156,999 1646384797
1 1 27 -5,18 -19,82 -156,932 1646384797
1 1 27 -4,93 -19,75 -156,993 1646384798
1 1 27 -4,74 -19,57 -156,962 1646384798
1 1 28 5,18 -19,32 -156,858 1646384799
1 1 28 5,68 -19,32 -156,913 1646384799
1 1 28 5,61 -19,07 -156,944 1646384800
1 1 28 5,43 -18,89 -156,950 1646384801
1 1 28 5,18 -18,82 -156,907 1646384801
1 1 28 4,93 -18,89 -156,944 1646384802
1 1 28 4,74 -19,07 -156,889 1646384802
1 1 28 4,68 -19,32 -156,956 1646384803
1 1 28 4,74 -19,57 -156,950 1646384803
1 1 28 4,93 -19,75 -156,956 1646384804
1 1 28 5,18 -19,82 -156,938 1646384804
1 1 28 5,43 -19,75 -156,944 1646384805
1 1 28 5,61 -19,57 -156,913 1646384805
1 1 29 10,00 -17,32 -156,956 1646384806
1 1 29 10,50 -17,32 -156,987 1646384806
1 1 29 10,43 -17,07 -157,011 1646384807
1 1 29 10,25 -16,89 -156,907 1646384807
1 1 29 10,00 -16,82 -156,932 1646384807
1 1 29 9,75 -16,89 -156,993 1646384808
1 1 29 9,57 -17,07 -156,871 1646384808
1 1 29 9,50 -17,32 -156,999 1646384808
1 1 29 9,57 -17,57 -156,950 1646384809
1 1 29 9,75 -17,75 -156,950 1646384809
1 1 29 10,00 -17,82 -156,981 1646384809
1 1 29 10,25 -17,75 -156,919 1646384810
1 1 29 10,43 -17,57 -156,999 1646384810
1 1 30 14,14 -14,14 -156,883 1646384811
1 1 30 14,64 -14,14 -156,956 1646384811
1 1 30 14,58 -13,89 -156,956 1646384812
1 1 30 14,39 -13,71 -156,987 1646384812
1 1 30 14,14 -13,64 -156,987 1646384813
1 1 30 13,89 -13,71 -156,938 1646384814
1 1 30 13,71 -13,89 -156,907 1646384814
1 1 30 13,64 -14,14 -156,938 1646384814
1 1 30 13,71 -14,39 -156,938 1646384815
1 1 30 13,89 -14,58 -156,950 1646384815
1 1 30 14,14 -14,64 -156,999 1646384816
1 1 30 14,39 -14,58 -156,926 1646384816
1 1 30 14,58 -14,39 -156,907 1646384816
1 1 31 17,32 -10,00 -156,950 1646384817
1 1 31 17,82 -10,00 -156,950 1646384817
1 1 31 17,75 -9,75 -156,993 1646384818
1 1 31 17,57 -9,57 -156,871 1646384818
1 1 31 17,32 -9,50 -156,938 1646384819
1 1 31 17,07 -9,57 -156,956 1646384819
1 1 31 16,89 -9,75 -156,932 1646384820
1 1 31 16,82 -10,00 -156,956 1646384820
1 1 31 16,89 -10,25 -156,950 1646384821
1 1 31 17,07 -10,43 -156,901 1646384821
1 1 31 17,32 -10,50 -156,871 1646384822
1 1 31 17,57 -10,43 -156,987 1646384822
1 1 31 17,75 -10,25 -157,005 1646384822
1 1 32 19,32 -5,18 -156,919 1646384823
1 1 32 19,82 -5,18 -156,907 1646384824
1 1 32 19,75 -4,93 -156,907 1646384824
1 1 32 19,57 -4,74 -156,944 1646384825
1 1 32 19,32 -4,68 -157,035 1646384825
1 1 32 19,07 -4,74 -156,926 1646384826
1 1 32 18,89 -4,93 -156,944 1646384826
1 1 32 18,82 -5,18 -156,968 1646384827
1 1 32 18,89 -5,43 -156,956 1646384827
1 1 32 19,07 -5,61 -156,962 1646384827
1 1 32 19,32 -5,68 -156,938 1646384828
1 1 32 19,57 -5,61 -157,023 1646384829
1 1 32 19,75 -5,43 -156,993 1646384829
1 1 33 12,56 -3,36 -156,981 1646384830
1 1 33 13,06 -3,36 -156,950 1646384830
1 1 33 12,99 -3,11 -157,011 1646384830
1 1 33 12,81 -2,93 -156,877 1646384831
1 1 33 12,56 -2,86 -156,956 1646384831
1 1 33 12,31 -2,93 -156,913 1646384832
1 1 33 12,12 -3,11 -156,926 1646384832
1 1 33 12,06 -3,36 -156,938 1646384832
1 1 33 12,12 -3,61 -156,938 1646384833
1 1 33 12,31 -3,80 -156,987 1646384833
1 1 33 12,56 -3,86 -156,950 1646384833
1 1 33 12,81 -3,80 -156,907 1646384834
1 1 33 12,99 -3,61 -156,926 1646384834
1 1 34 9,19 -9,19 -156,938 1646384835
1 1 34 9,69 -9,19 -156,944 1646384835
1 1 34 9,63 -8,94 -156,938 1646384836
1 1 34 9,44 -8,76 -156,919 1646384836
1 1 34 9,19 -8,69 -156,999 1646384837
1 1 34 8,94 -8,76 -156,987 1646384838
1 1 34 8,76 -8,94 -156,944 1646384838
1 1 34 8,69 -9,19 -156,962 1646384838
1 1 34 8,76 -9,44 -156,944 1646384839
1 1 34 8,94 -9,63 -156,938 1646384839
1 1 34 9,19 -9,69 -156,987 1646384840
1 1 34 9,44 -9,63 -156,926 1646384840
1 1 34 9,63 -9,44 -156,938 1646384841
1 1 35 3,36 -12,56 -157,078 1646384842
1 1 35 3,86 -12,56 -156,895 1646384842
1 1 35 3,80 -12,31 -157,017 1646384843
1 1 35 3,61 -12,12 -156,944 1646384843
1 1 35 3,36 -12,06 -157,066 1646384844
1 1 35 3,11 -12,12 -156,926 1646384844
1 1 35 2,93 -12,31 -156,895 1646384845
1 1 35 2,86 -12,56 -156,981 1646384845
1 1 35 2,93 -12,81 -156,907 1646384846
1 1 35 3,11 -12,99 -156,987 1646384846
1 1 35 3,36 -13,06 -156,987 1646384847
1 1 35 3,61 -12,99 -156,932 1646384847
1 1 35 3,80 -12,81 -156,895 1646384848
1 1 36 4,24 -4,24 -156,968 1646384848
1 1 36 4,74 -4,24 -157,035 1646384849
1 1 36 4,68 -3,99 -157,029 1646384849
1 1 36 4,49 -3,81 -156,987 1646384850
1 1 36 4,24 -3,74 -156,956 1646384851
1 1 36 3,99 -3,81 -156,987 1646384851
1 1 36 3,81 -3,99 -156,938 1646384852
1 1 36 3,74 -4,24 -156,932 1646384852
1 1 36 3,81 -4,49 -156,944 1646384853
1 1 36 3,99 -4,68 -156,913 1646384853
1 1 36 4,24 -4,74 -156,974 1646384854
1 1 36 4,49 -4,68 -156,913 1646384854
1 1 36 4,68 -4,49 -156,968 1646384855
1 1 37 27,00 0,00 -156,944 1646384856
1 1 37 27,50 0,00 -156,895 1646384857
1 1 37 27,43 0,25 -156,974 1646384857
1 1 37 27,25 0,43 -156,938 1646384857
1 1 37 27,00 0,50 -156,950 1646384858
1 1 37 26,75 0,43 -157,035 1646384858
1 1 37 26,57 0,25 -156,871 1646384859
1 1 37 26,50 0,00 -156,938 1646384859
1 1 37 26,57 -0,25 -156,950 1646384860
1 1 37 26,75 -0,43 -156,987 1646384860
1 1 37 27,00 -0,50 -156,932 1646384861
1 1 37 27,25 -0,43 -156,987 1646384862
1 1 37 27,43 -0,25 -156,974 1646384862
1 1 38 26,08 6,99 -156,956 1646384863
1 1 38 26,58 6,99 -156,865 1646384863
1 1 38 26,51 7,24 -156,950 1646384864
1 1 38 26,33 7,42 -156,877 1646384864
1 1 38 26,08 7,49 -156,956 1646384865
1 1 38 25,83 7,42 -156,968 1646384865
1 1 38 25,65 7,24 -156,956 1646384866
1 1 38 25,58 6,99 -156,950 1646384866
1 1 38 25,65 6,74 -156,962 1646384867
1 1 38 25,83 6,56 -156,956 1646384867
1 1 38 26,08 6,49 -156,871 1646384868
1 1 38 26,33 6,56 -156,938 1646384868
1 1 38 26,51 6,74 -156,779 1646384869
1 1 39 23,38 13,50 -156,938 1646384869
1 1 39 23,88 13,50 -156,938 1646384870
1 1 39 23,82 13,75 -156,974 1646384871
1 1 39 23,63 13,93 -156,968 1646384871
1 1 39 23,38 14,00 -156,938 1646384872
1 1 39 23,13 13,93 -156,938 1646384872
1 1 39 22,95 13,75 -156,962 1646384873
1 1 39 22,88 13,50 -156,968 1646384873
1 1 39 22,95 13,25 -156,968 1646384874
1 1 39 23,13 13,07 -156,901 1646384874
1 1 39 23,38 13,00 -156,950 1646384875
1 1 39 23,63 13,07 -156,956 1646384875
1 1 39 23,82 13,25 -156,926 1646384875
1 1 40 19,09 19,09 -156,883 1646384876
1 1 40 19,59 19,09 -156,962 1646384877
1 1 40 19,52 19,34 -156,907 1646384877
1 1 40 19,34 19,52 -156,926 1646384878
1 1 40 19,09 19,59 -156,944 1646384878
1 1 40 18,84 19,52 -156,901 1646384879
1 1 40 18,66 19,34 -157,011 1646384879
1 1 40 18,59 19,09 -156,877 1646384880
1 1 40 18,66 18,84 -156,944 1646384880
1 1 40 18,84 18,66 -156,950 1646384881
1 1 40 19,09 18,59 -156,950 1646384881
1 1 40 19,34 18,66 -156,987 1646384882
1 1 40 19,52 18,84 -156,999 1646384882
1 1 41 13,50 23,38 -156,950 1646384883
1 1 41 14,00 23,38 -156,981 1646384883
1 1 41 13,93 23,63 -156,987 1646384884
1 1 41 13,75 23,82 -156,944 1646384884
1 1 41 13,50 23,88 -156,938 1646384885
1 1 41 13,25 23,82 -156,981 1646384885
1 1 41 13,07 23,63 -156,883 1646384886
1 1 41 13,00 23,38 -156,993 1646384886
1 1 41 13,07 23,13 -156,932 1646384887
1 1 41 13,25 22,95 -156,913 1646384887
1 1 41 13,50 22,88 -156,907 1646384888
1 1 41 13,75 22,95 -156,907 1646384888
1 1 41 13,93 23,13 -156,987 1646384889
1 1 42 6,99 26,08 -156,938 1646384890
1 1 42 7,49 26,08 -156,974 1646384890
1 1 42 7,42 26,33 -156,987 1646384891
1 1 42 7,24 26,51 -156,944 1646384891
1 1 42 6,99 26,58 -156,938 1646384892
1 1 42 6,74 26,51 -156,938 1646384893
1 1 42 6,56 26,33 -157,017 1646384893
1 1 42 6,49 26,08 -156,950 1646384893
1 1 42 6,56 25,83 -156,883 1646384894
1 1 42 6,74 25,65 -157,017 1646384894
1 1 42 6,99 25,58 -156,987 1646384895
1 1 42 7,24 25,65 -156,932 1646384896
1 1 42 7,42 25,83 -156,895 1646384896
1 1 43 0,00 27,00 -156,981 1646384897
1 1 43 0,50 27,00 -156,950 1646384897
1 1 43 0,43 27,25 -156,993 1646384898
1 1 43 0,25 27,43 -156,938 1646384898
1 1 43 0,00 27,50 -156,913 1646384898
1 1 43 -0,25 27,43 -156,926 1646384899
1 1 43 -0,43 27,25 -156,919 1646384899
1 1 43 -0,50 27,00 -156,962 1646384900
1 1 43 -0,43 26,75 -156,987 1646384901
1 1 43 -0,25 26,57 -156,950 1646384901
1 1 43 0,00 26,50 -156,981 1646384902
1 1 43 0,25 26,57 -156,907 1646384902
1 1 43 0,43 26,75 -156,987 1646384903
1 1 44 -6,99 26,08 -156,919 1646384903
1 1 44 -6,49 26,08 -156,913 1646384904
1 1 44 -6,56 26,33 -156,999 1646384905
1 1 44 -6,74 26,51 -156,907 1646384905
1 1 44 -6,99 26,58 -156,956 1646384906
1 1 44 -7,24 26,51 -156,889 1646384906
1 1 44 -7,42 26,33 -156,938 1646384906
1 1 44 -7,49 26,08 -156,840 1646384907
1 1 44 -7,42 25,83 -156,877 1646384908
1 1 44 -7,24 25,65 -156,932 1646384908
1 1 44 -6,99 25,58 -156,968 1646384908
1 1 44 -6,74 25,65 -156,944 1646384909
1 1 44 -6,56 25,83 -156,962 1646384909
1 1 45 -13,50 23,38 -156,938 1646384910
1 1 45 -13,00 23,38 -156,944 1646384910
1 1 45 -13,07 23,63 -156,968 1646384911
1 1 45 -13,25 23,82 -156,962 1646384911
1 1 45 -13,50 23,88 -156,987 1646384912
1 1 45 -13,75 23,82 -156,938 1646384913
1 1 45 -13,93 23,63 -157,029 1646384913
1 1 45 -14,00 23,38 -156,950 1646384913
1 1 45 -13,93 23,13 -156,999 1646384914
1 1 45 -13,75 22,95 -156,999 1646384914
1 1 45 -13,50 22,88 -156,999 1646384915
1 1 45 -13,25 22,95 -156,932 1646384915
1 1 45 -13,07 23,13 -156,907 1646384916
1 1 46 -19,09 19,09 -156,944 1646384917
1 1 46 -18,59 19,09 -156,950 1646384917
1 1 46 -18,66 19,34 -156,993 1646384917
1 1 46 -18,84 19,52 -156,950 1646384918
1 1 46 -19,09 19,59 -156,950 1646384918
1 1 46 -19,34 19,52 -156,938 1646384919
1 1 46 -19,52 19,34 -156,944 1646384919
1 1 46 -19,59 19,09 -157,005 1646384920
1 1 46 -19,52 18,84 -156,932 1646384920
1 1 46 -19,34 18,66 -156,999 1646384921
1 1 46 -19,09 18,59 -156,993 1646384921
1 1 46 -18,84 18,66 -156,993 1646384922
1 1 46 -18,66 18,84 -156,993 1646384922
1 1 47 -23,38 13,50 -156,968 1646384923
1 1 47 -22,88 13,50 -157,005 1646384924
1 1 47 -22,95 13,75 -156,987 1646384924
1 1 47 -23,13 13,93 -156,944 1646384924
1 1 47 -23,38 14,00 -156,926 1646384925
1 1 47 -23,63 13,93 -156,926 1646384926
1 1 47 -23,82 13,75 -156,987 1646384926
1 1 47 -23,88 13,50 -156,944 1646384926
1 1 47 -23,82 13,25 -156,895 1646384927
1 1 47 -23,63 13,07 -157,060 1646384927
1 1 47 -23,38 13,00 -156,950 1646384928
1 1 47 -23,13 13,07 -156,956 1646384928
1 1 47 -22,95 13,25 -156,956 1646384929
1 1 48 -26,08 6,99 -157,139 1646384929
1 1 48 -25,58 6,99 -156,865 1646384930
1 1 48 -25,65 7,24 -156,950 1646384930
1 1 48 -25,83 7,42 -156,932 1646384931
1 1 48 -26,08 7,49 -157,139 1646384932
1 1 48 -26,33 7,42 -156,724 1646384932
1 1 48 -26,51 7,24 -156,950 1646384932
1 1 48 -26,58 6,99 -156,962 1646384933
1 1 48 -26,51 6,74 -156,962 1646384934
1 1 48 -26,33 6,56 -156,919 1646384934
1 1 48 -26,08 6,49 -156,950 1646384934
1 1 48 -25,83 6,56 -156,938 1646384935
1 1 48 -25,65 6,74 -156,938 1646384935
1 1 49 -27,00 0,00 -156,974 1646384936
1 1 49 -26,50 0,00 -156,938 1646384936
1 1 49 -26,57 0,25 -156,993 1646384937
1 1 49 -26,75 0,43 -156,913 1646384937
1 1 49 -27,00 0,50 -156,889 1646384938
1 1 49 -27,25 0,43 -156,981 1646384939
1 1 49 -27,43 0,25 -156,987 1646384939
1 1 49 -27,50 0,00 -156,987 1646384940
1 1 49 -27,43 -0,25 -156,981 1646384940
1 1 49 -27,25 -0,43 -156,901 1646384940
1 1 49 -27,00 -0,50 -156,968 1646384941
1 1 49 -26,75 -0,43 -156,987 1646384942
1 1 49 -26,57 -0,25 -156,968 1646384942
1 1 50 -26,08 -6,99 -156,993 1646384943
1 1 50 -25,58 -6,99 -156,987 1646384943
1 1 50 -25,65 -6,74 -157,066 1646384944
1 1 50 -25,83 -6,56 -156,834 1646384944
1 1 50 -26,08 -6,49 -156,981 1646384944
1 1 50 -26,33 -6,56 -157,029 1646384945
1 1 50 -26,51 -6,74 -156,871 1646384945
1 1 50 -26,58 -6,99 -156,950 1646384946
1 1 50 -26,51 -7,24 -156,999 1646384947
1 1 50 -26,33 -7,42 -156,999 1646384947
1 1 50 -26,08 -7,49 -156,907 1646384947
1 1 50 -25,83 -7,42 -156,840 1646384948
1 1 50 -25,65 -7,24 -157,078 1646384948
1 1 51 -23,38 -13,50 -156,962 1646384949
1 1 51 -22,88 -13,50 -156,895 1646384949
1 1 51 -22,95 -13,25 -156,950 1646384950
1 1 51 -23,13 -13,07 -157,017 1646384950
1 1 51 -23,38 -13,00 -156,987 1646384951
1 1 51 -23,63 -13,07 -156,999 1646384951
1 1 51 -23,82 -13,25 -156,932 1646384951
1 1 51 -23,88 -13,50 -156,987 1646384952
1 1 51 -23,82 -13,75 -157,048 1646384953
1 1 51 -23,63 -13,93 -156,968 1646384953
1 1 51 -23,38 -14,00 -156,932 1646384954
1 1 51 -23,13 -13,93 -156,956 1646384954
1 1 51 -22,95 -13,75 -156,938 1646384955
1 1 52 -19,09 -19,09 -156,950 1646384955
1 1 52 -18,59 -19,09 -156,974 1646384956
1 1 52 -18,66 -18,84 -156,987 1646384957
1 1 52 -18,84 -18,66 -157,017 1646384957
1 1 52 -19,09 -18,59 -156,932 1646384958
1 1 52 -19,34 -18,66 -156,944 1646384958
1 1 52 -19,52 -18,84 -156,926 1646384958
1 1 52 -19,59 -19,09 -156,950 1646384959
1 1 52 -19,52 -19,34 -156,956 1646384960
1 1 52 -19,34 -19,52 -156,999 1646384960
1 1 52 -19,09 -19,59 -156,889 1646384961
1 1 52 -18,84 -19,52 -156,950 1646384961
1 1 52 -18,66 -19,34 -156,932 1646384962
1 1 53 -13,50 -23,38 -156,913 1646384962
1 1 53 -13,00 -23,38 -156,871 1646384963
1 1 53 -13,07 -23,13 -156,987 1646384963
1 1 53 -13,25 -22,95 -156,950 1646384964
1 1 53 -13,50 -22,88 -156,993 1646384964
1 1 53 -13,75 -22,95 -156,956 1646384965
1 1 53 -13,93 -23,13 -157,029 1646384965
1 1 53 -14,00 -23,38 -157,048 1646384966
1 1 53 -13,93 -23,63 -156,950 1646384966
1 1 53 -13,75 -23,82 -156,981 1646384967
1 1 53 -13,50 -23,88 -156,962 1646384967
1 1 53 -13,25 -23,82 -156,956 1646384968
1 1 53 -13,07 -23,63 -156,938 1646384968
1 1 54 -6,99 -26,08 -156,987 1646384969
1 1 54 -6,49 -26,08 -156,974 1646384969
1 1 54 -6,56 -25,83 -156,938 1646384970
1 1 54 -6,74 -25,65 -156,950 1646384970
1 1 54 -6,99 -25,58 -156,907 1646384970
1 1 54 -7,24 -25,65 -156,907 1646384971
1 1 54 -7,42 -25,83 -156,950 1646384971
1 1 54 -7,49 -26,08 -156,944 1646384971
1 1 54 -7,42 -26,33 -156,962 1646384972
1 1 54 -7,24 -26,51 -156,956 1646384972
1 1 54 -6,99 -26,58 -156,938 1646384972
1 1 54 -6,74 -26,51 -156,981 1646384973
1 1 54 -6,56 -26,33 -156,950 1646384973
1 1 55 -0,00 -27,00 -156,999 1646384974
1 1 55 0,50 -27,00 -156,950 1646384975
1 1 55 0,43 -26,75 -156,938 1646384976
1 1 55 0,25 -26,57 -156,962 1646384976
1 1 55 -0,00 -26,50 -156,907 1646384976
1 1 55 -0,25 -26,57 -156,950 1646384977
1 1 55 -0,43 -26,75 -156,981 1646384977
1 1 55 -0,50 -27,00 -157,011 1646384978
1 1 55 -0,43 -27,25 -156,962 1646384978
1 1 55 -0,25 -27,43 -156,956 1646384979
1 1 55 -0,00 -27,50 -156,932 1646384979
1 1 55 0,25 -27,43 -156,932 1646384980
1 1 55 0,43 -27,25 -156,944 1646384980
1 1 56 6,99 -26,08 -156,913 1646384981
1 1 56 7,49 -26,08 -156,865 1646384981
1 1 56 7,42 -25,83 -156,962 1646384982
1 1 56 7,24 -25,65 -156,993 1646384982
1 1 56 6,99 -25,58 -156,932 1646384982
1 1 56 6,74 -25,65 -156,907 1646384983
1 1 56 6,56 -25,83 -156,944 1646384983
1 1 56 6,49 -26,08 -156,883 1646384983
1 1 56 6,56 -26,33 -156,944 1646384984
1 1 56 6,74 -26,51 -156,938 1646384984
1 1 56 6,99 -26,58 -157,005 1646384985
1 1 56 7,24 -26,51 -156,962 1646384986
1 1 56 7,42 -26,33 -156,956 1646384986
1 1 57 13,50 -23,38 -156,950 1646384987
1 1 57 14,00 -23,38 -156,987 1646384987
1 1 57 13,93 -23,13 -156,968 1646384988
1 1 57 13,75 -22,95 -156,999 1646384988
1 1 57 13,50 -22,88 -156,950 1646384988
1 1 57 13,25 -22,95 -157,005 1646384988
1 1 57 13,07 -23,13 -157,011 1646384989
1 1 57 13,00 -23,38 -156,950 1646384989
1 1 57 13,07 -23,63 -156,987 1646384989
1 1 57 13,25 -23,82 -156,932 1646384989
1 1 57 13,50 -23,88 -157,005 1646384990
1 1 57 13,75 -23,82 -156,938 1646384990
1 1 57 13,93 -23,63 -156,987 1646384991
1 1 58 19,09 -19,09 -156,938 1646384992
1 1 58 19,59 -19,09 -156,938 1646384992
1 1 58 19,52 -18,84 -156,883 1646384993
1 1 58 19,34 -18,66 -156,913 1646384993
1 1 58 19,09 -18,59 -156,950 1646384994
1 1 58 18,84 -18,66 -157,042 1646384994
1 1 58 18,66 -18,84 -156,895 1646384995
1 1 58 18,59 -19,09 -156,981 1646384995
1 1 58 18,66 -19,34 -156,993 1646384996
1 1 58 18,84 -19,52 -156,938 1646384996
1 1 58 19,09 -19,59 -156,944 1646384997
1 1 58 19,34 -19,52 -156,871 1646384997
1 1 58 19,52 -19,34 -156,895 1646384998
1 1 59 23,38 -13,50 -156,901 1646384999
1 1 59 23,88 -13,50 -157,005 1646384999
1 1 59 23,82 -13,25 -156,926 1646385000
1 1 59 23,63 -13,07 -156,993 1646385000
1 1 59 23,38 -13,00 -156,932 1646385000
1 1 59 23,13 -13,07 -156,944 1646385001
1 1 59 22,95 -13,25 -156,938 1646385001
1 1 59 22,88 -13,50 -156,993 1646385002
1 1 59 22,95 -13,75 -156,987 1646385003
1 1 59 23,13 -13,93 -156,981 1646385003
1 1 59 23,38 -14,00 -156,913 1646385004
1 1 59 23,63 -13,93 -156,968 1646385004
1 1 59 23,82 -13,75 -156,901 1646385004
1 1 60 26,08 -6,99 -156,974 1646385005
1 1 60 26,58 -6,99 -156,956 1646385006
1 1 60 26,51 -6,74 -156,950 1646385006
1 1 60 26,33 -6,56 -157,005 1646385006
1 1 60 26,08 -6,49 -156,956 1646385007
1 1 60 25,83 -6,56 -157,011 1646385007
1 1 60 25,65 -6,74 -156,950 1646385008
1 1 60 25,58 -6,99 -156,944 1646385008
1 1 60 25,65 -7,24 -156,913 1646385008
1 1 60 25,83 -7,42 -156,944 1646385009
1 1 60 26,08 -7,49 -156,962 1646385009
1 1 60 26,33 -7,42 -156,981 1646385009
1 1 60 26,51 -7,24 -156,950 1646385010
