1 1 1 4,24 4,24 -156,962 1646386861
1 1 1 4,74 4,24 -156,987 1646386862
1 1 1 4,68 4,49 -157,054 1646386862
1 1 1 4,49 4,68 -156,987 1646386862
1 1 1 4,24 4,74 -156,907 1646386862
1 1 1 3,99 4,68 -156,926 1646386863
1 1 1 3,81 4,49 -156,871 1646386863
1 1 1 3,74 4,24 -156,968 1646386863
1 1 1 3,81 3,99 -156,950 1646386863
1 1 1 3,99 3,81 -156,956 1646386864
1 1 1 4,24 3,74 -156,926 1646386864
1 1 1 4,49 3,81 -156,962 1646386864
1 1 1 4,68 3,99 -156,944 1646386864
1 1 2 3,36 12,56 -156,828 1646386865
1 1 2 3,86 12,56 -156,962 1646386866
1 1 2 3,80 12,81 -157,011 1646386866
1 1 2 3,61 12,99 -156,907 1646386866
1 1 2 3,36 13,06 -156,865 1646386866
1 1 2 3,11 12,99 -156,895 1646386867
1 1 2 2,93 12,81 -156,944 1646386867
1 1 2 2,86 12,56 -156,926 1646386867
1 1 2 2,93 12,31 -156,871 1646386867
1 1 2 3,11 12,12 -156,956 1646386868
1 1 2 3,36 12,06 -156,962 1646386868
1 1 2 3,61 12,12 -157,005 1646386868
1 1 2 3,80 12,31 -156,901 1646386869
1 1 3 9,19 9,19 -156,981 1646386870
1 1 3 9,69 9,19 -156,932 1646386870
1 1 3 9,63 9,44 -156,871 1646386870
1 1 3 9,44 9,63 -156,907 1646386871
1 1 3 9,19 9,69 -156,987 1646386872
1 1 3 8,94 9,63 -156,968 1646386872
1 1 3 8,76 9,44 -156,938 1646386873
1 1 3 8,69 9,19 -156,926 1646386873
1 1 3 8,76 8,94 -156,944 1646386874
1 1 3 8,94 8,76 -156,981 1646386874
1 1 3 9,19 8,69 -156,987 1646386874
1 1 3 9,44 8,76 -156,926 1646386875
1 1 3 9,63 8,94 -156,944 1646386875
1 1 4 12,56 3,36 -156,913 1646386876
1 1 4 13,06 3,36 -156,938 1646386876
1 1 4 12,99 3,61 -156,974 1646386876
1 1 4 12,81 3,80 -156,913 1646386877
1 1 4 12,56 3,86 -156,938 1646386877
1 1 4 12,31 3,80 -156,913 1646386877
1 1 4 12,12 3,61 -156,938 1646386877
1 1 4 12,06 3,36 -156,956 1646386877
1 1 4 12,12 3,11 -156,913 1646386878
1 1 4 12,31 2,93 -156,895 1646386878
1 1 4 12,56 2,86 -156,956 1646386878
1 1 4 12,81 2,93 -156,907 1646386878
1 1 4 12,99 3,11 -156,944 1646386879
1 1 5 19,32 5,18 -157,011 1646386879
1 1 5 19,82 5,18 -156,956 1646386880
1 1 5 19,75 5,43 -156,962 1646386880
1 1 5 19,57 5,61 -156,919 1646386880
1 1 5 19,32 5,68 -156,883 1646386881
1 1 5 19,07 5,61 -156,938 1646386881
1 1 5 18,89 5,43 -156,889 1646386881
1 1 5 18,82 5,18 -156,944 1646386881
1 1 5 18,89 4,93 -156,877 1646386882
1 1 5 19,07 4,74 -156,962 1646386882
1 1 5 19,32 4,68 -156,913 1646386882
1 1 5 19,57 4,74 -156,926 1646386882
1 1 5 19,75 4,93 -156,987 1646386882
1 1 6 17,32 10,00 -156,993 1646386883
1 1 6 17,82 10,00 -156,871 1646386884
1 1 6 17,75 10,25 -156,913 1646386884
1 1 6 17,57 10,43 -156,932 1646386885
1 1 6 17,32 10,50 -156,919 1646386885
1 1 6 17,07 10,43 -156,950 1646386886
1 1 6 16,89 10,25 -156,950 1646386886
1 1 6 16,82 10,00 -156,968 1646386887
1 1 6 16,89 9,75 -156,926 1646386887
1 1 6 17,07 9,57 -156,883 1646386887
1 1 6 17,32 9,50 -156,993 1646386888
1 1 6 17,57 9,57 -156,993 1646386888
1 1 6 17,75 9,75 -156,926 1646386888
1 1 7 14,14 14,14 -156,919 1646386889
1 1 7 14,64 14,14 -156,938 1646386889
1 1 7 14,58 14,39 -156,987 1646386890
1 1 7 14,39 14,58 -156,907 1646386890
1 1 7 14,14 14,64 -156,950 1646386890
1 1 7 13,89 14,58 -156,981 1646386890
1 1 7 13,71 14,39 -156,938 1646386891
1 1 7 13,64 14,14 -156,962 1646386891
1 1 7 13,71 13,89 -156,932 1646386891
1 1 7 13,89 13,71 -156,938 1646386891
1 1 7 14,14 13,64 -156,889 1646386892
1 1 7 14,39 13,71 -156,901 1646386892
1 1 7 14,58 13,89 -156,950 1646386892
1 1 8 10,00 17,32 -156,938 1646386893
1 1 8 10,50 17,32 -156,938 1646386893
1 1 8 10,43 17,57 -156,932 1646386893
1 1 8 10,25 17,75 -156,852 1646386894
1 1 8 10,00 17,82 -156,987 1646386894
1 1 8 9,75 17,75 -156,907 1646386894
1 1 8 9,57 17,57 -156,913 1646386895
1 1 8 9,50 17,32 -156,938 1646386895
1 1 8 9,57 17,07 -156,907 1646386895
1 1 8 9,75 16,89 -156,956 1646386896
1 1 8 10,00 16,82 -156,950 1646386896
1 1 8 10,25 16,89 -156,950 1646386896
1 1 8 10,43 17,07 -156,919 1646386896
1 1 9 5,18 19,32 -156,938 1646386897
1 1 9 5,68 19,32 -156,913 1646386898
1 1 9 5,61 19,57 -156,913 1646386898
1 1 9 5,43 19,75 -156,938 1646386898
1 1 9 5,18 19,82 -156,932 1646386898
1 1 9 4,93 19,75 -156,883 1646386898
1 1 9 4,74 19,57 -156,901 1646386899
1 1 9 4,68 19,32 -156,919 1646386899
1 1 9 4,74 19,07 -156,913 1646386899
1 1 9 4,93 18,89 -156,974 1646386899
1 1 9 5,18 18,82 -156,944 1646386900
1 1 9 5,43 18,89 -156,956 1646386900
1 1 9 5,61 19,07 -156,987 1646386900
1 1 10 -5,18 19,32 -156,962 1646386901
1 1 10 -4,68 19,32 -156,926 1646386902
1 1 10 -4,74 19,57 -156,962 1646386902
1 1 10 -4,93 19,75 -156,913 1646386902
1 1 10 -5,18 19,82 -156,944 1646386902
1 1 10 -5,43 19,75 -156,974 1646386903
1 1 10 -5,61 19,57 -156,950 1646386903
1 1 10 -5,68 19,32 -156,950 1646386903
1 1 10 -5,61 19,07 -157,005 1646386903
1 1 10 -5,43 18,89 -156,950 1646386903
1 1 10 -5,18 18,82 -156,950 1646386904
1 1 10 -4,93 18,89 -157,011 1646386904
1 1 10 -4,74 19,07 -156,944 1646386904
1 1 11 -10,00 17,32 -156,938 1646386905
1 1 11 -9,50 17,32 -156,993 1646386905
1 1 11 -9,57 17,57 -156,987 1646386906
1 1 11 -9,75 17,75 -156,907 1646386906
1 1 11 -10,00 17,82 -156,907 1646386906
1 1 11 -10,25 17,75 -156,974 1646386906
1 1 11 -10,43 17,57 -156,981 1646386907
1 1 11 -10,50 17,32 -156,926 1646386907
1 1 11 -10,43 17,07 -156,913 1646386907
1 1 11 -10,25 16,89 -157,005 1646386907
1 1 11 -10,00 16,82 -156,932 1646386908
1 1 11 -9,75 16,89 -156,968 1646386908
1 1 11 -9,57 17,07 -156,974 1646386908
1 1 12 -14,14 14,14 -157,023 1646386909
1 1 12 -13,64 14,14 -156,962 1646386909
1 1 12 -13,71 14,39 -156,938 1646386910
1 1 12 -13,89 14,58 -156,962 1646386910
1 1 12 -14,14 14,64 -156,999 1646386910
1 1 12 -14,39 14,58 -156,981 1646386910
1 1 12 -14,58 14,39 -156,846 1646386910
1 1 12 -14,64 14,14 -156,907 1646386911
1 1 12 -14,58 13,89 -156,956 1646386911
1 1 12 -14,39 13,71 -156,987 1646386911
1 1 12 -14,14 13,64 -156,956 1646386911
1 1 12 -13,89 13,71 -156,944 1646386912
1 1 12 -13,71 13,89 -156,926 1646386912
1 1 13 -17,32 10,00 -156,938 1646386913
1 1 13 -16,82 10,00 -157,023 1646386913
1 1 13 -16,89 10,25 -156,962 1646386913
1 1 13 -17,07 10,43 -157,035 1646386914
1 1 13 -17,32 10,50 -156,999 1646386914
1 1 13 -17,57 10,43 -156,938 1646386914
1 1 13 -17,75 10,25 -156,968 1646386914
1 1 13 -17,82 10,00 -156,968 1646386915
1 1 13 -17,75 9,75 -156,956 1646386915
1 1 13 -17,57 9,57 -156,981 1646386915
1 1 13 -17,32 9,50 -156,993 1646386915
1 1 13 -17,07 9,57 -156,981 1646386916
1 1 13 -16,89 9,75 -156,956 1646386916
1 1 14 -19,32 5,18 -157,017 1646386917
1 1 14 -18,82 5,18 -156,999 1646386917
1 1 14 -18,89 5,43 -156,962 1646386917
1 1 14 -19,07 5,61 -156,932 1646386918
1 1 14 -19,32 5,68 -156,993 1646386918
1 1 14 -19,57 5,61 -156,828 1646386918
1 1 14 -19,75 5,43 -156,901 1646386918
1 1 14 -19,82 5,18 -156,907 1646386918
1 1 14 -19,75 4,93 -156,901 1646386919
1 1 14 -19,57 4,74 -156,944 1646386919
1 1 14 -19,32 4,68 -156,932 1646386919
1 1 14 -19,07 4,74 -156,956 1646386919
1 1 14 -18,89 4,93 -156,993 1646386920
1 1 15 -12,56 3,36 -156,950 1646386920
1 1 15 -12,06 3,36 -156,974 1646386921
1 1 15 -12,12 3,61 -156,962 1646386921
1 1 15 -12,31 3,80 -156,938 1646386921
1 1 15 -12,56 3,86 -156,944 1646386922
1 1 15 -12,81 3,80 -156,932 1646386922
1 1 15 -12,99 3,61 -156,858 1646386922
1 1 15 -13,06 3,36 -156,956 1646386922
1 1 15 -12,99 3,11 -156,938 1646386923
1 1 15 -12,81 2,93 -156,968 1646386923
1 1 15 -12,56 2,86 -156,993 1646386923
1 1 15 -12,31 2,93 -156,938 1646386923
1 1 15 -12,12 3,11 -156,993 1646386923
1 1 16 -9,19 9,19 -156,993 1646386924
1 1 16 -8,69 9,19 -156,938 1646386925
1 1 16 -8,76 9,44 -157,115 1646386925
1 1 16 -8,94 9,63 -156,919 1646386925
1 1 16 -9,19 9,69 -156,901 1646386925
1 1 16 -9,44 9,63 -156,974 1646386926
1 1 16 -9,63 9,44 -156,944 1646386926
1 1 16 -9,69 9,19 -156,956 1646386926
1 1 16 -9,63 8,94 -156,999 1646386926
1 1 16 -9,44 8,76 -156,938 1646386927
1 1 16 -9,19 8,69 -156,968 1646386927
1 1 16 -8,94 8,76 -156,993 1646386927
1 1 16 -8,76 8,94 -156,871 1646386927
1 1 17 -3,36 12,56 -156,944 1646386928
1 1 17 -2,86 12,56 -156,950 1646386929
1 1 17 -2,93 12,81 -156,974 1646386929
1 1 17 -3,11 12,99 -156,944 1646386929
1 1 17 -3,36 13,06 -156,944 1646386929
1 1 17 -3,61 12,99 -156,956 1646386929
1 1 17 -3,80 12,81 -156,919 1646386930
1 1 17 -3,86 12,56 -156,987 1646386930
1 1 17 -3,80 12,31 -156,913 1646386930
1 1 17 -3,61 12,12 -156,974 1646386930
1 1 17 -3,36 12,06 -156,974 1646386931
1 1 17 -3,11 12,12 -156,944 1646386931
1 1 17 -2,93 12,31 -157,017 1646386931
1 1 18 -4,24 4,24 -156,999 1646386932
1 1 18 -3,74 4,24 -156,962 1646386932
1 1 18 -3,81 4,49 -156,932 1646386933
1 1 18 -3,99 4,68 -156,981 1646386933
1 1 18 -4,24 4,74 -156,926 1646386933
1 1 18 -4,49 4,68 -156,999 1646386934
1 1 18 -4,68 4,49 -156,950 1646386934
1 1 18 -4,74 4,24 -156,913 1646386934
1 1 18 -4,68 3,99 -156,968 1646386935
1 1 18 -4,49 3,81 -156,858 1646386935
1 1 18 -4,24 3,74 -156,950 1646386935
1 1 18 -3,99 3,81 -156,981 1646386935
1 1 18 -3,81 3,99 -156,968 1646386936
1 1 19 -4,24 -4,24 -157,005 1646386936
1 1 19 -3,74 -4,24 -157,017 1646386937
1 1 19 -3,81 -3,99 -156,999 1646386937
1 1 19 -3,99 -3,81 -156,962 1646386937
1 1 19 -4,24 -3,74 -156,938 1646386938
1 1 19 -4,49 -3,81 -156,962 1646386938
1 1 19 -4,68 -3,99 -156,944 1646386938
1 1 19 -4,74 -4,24 -156,993 1646386938
1 1 19 -4,68 -4,49 -156,993 1646386939
1 1 19 -4,49 -4,68 -156,938 1646386939
1 1 19 -4,24 -4,74 -156,950 1646386939
1 1 19 -3,99 -4,68 -156,919 1646386939
1 1 19 -3,81 -4,49 -156,968 1646386939
1 1 20 -3,36 -12,56 -156,968 1646386940
1 1 20 -2,86 -12,56 -156,950 1646386941
1 1 20 -2,93 -12,31 -156,938 1646386941
1 1 20 -3,11 -12,12 -156,932 1646386941
1 1 20 -3,36 -12,06 -157,011 1646386942
1 1 20 -3,61 -12,12 -156,877 1646386942
1 1 20 -3,80 -12,31 -156,956 1646386942
1 1 20 -3,86 -12,56 -156,987 1646386942
1 1 20 -3,80 -12,81 -156,944 1646386942
1 1 20 -3,61 -12,99 -156,956 1646386943
1 1 20 -3,36 -13,06 -156,913 1646386943
1 1 20 -3,11 -12,99 -156,981 1646386943
1 1 20 -2,93 -12,81 -156,974 1646386944
1 1 21 -9,19 -9,19 -157,017 1646386944
1 1 21 -8,69 -9,19 -156,987 1646386945
1 1 21 -8,76 -8,94 -156,987 1646386945
1 1 21 -8,94 -8,76 -156,950 1646386945
1 1 21 -9,19 -8,69 -156,944 1646386946
1 1 21 -9,44 -8,76 -156,938 1646386946
1 1 21 -9,63 -8,94 -156,907 1646386946
1 1 21 -9,69 -9,19 -156,926 1646386946
1 1 21 -9,63 -9,44 -156,907 1646386947
1 1 21 -9,44 -9,63 -156,950 1646386947
1 1 21 -9,19 -9,69 -156,987 1646386947
1 1 21 -8,94 -9,63 -156,889 1646386947
1 1 21 -8,76 -9,44 -156,999 1646386947
1 1 22 -12,56 -3,36 -156,950 1646386948
1 1 22 -12,06 -3,36 -157,023 1646386949
1 1 22 -12,12 -3,11 -157,048 1646386949
1 1 22 -12,31 -2,93 -157,005 1646386949
1 1 22 -12,56 -2,86 -156,968 1646386949
1 1 22 -12,81 -2,93 -156,919 1646386950
1 1 22 -12,99 -3,11 -156,993 1646386950
1 1 22 -13,06 -3,36 -156,907 1646386950
1 1 22 -12,99 -3,61 -156,932 1646386951
1 1 22 -12,81 -3,80 -156,993 1646386951
1 1 22 -12,56 -3,86 -156,889 1646386951
1 1 22 -12,31 -3,80 -156,956 1646386951
1 1 22 -12,12 -3,61 -156,981 1646386952
1 1 23 -19,32 -5,18 -156,907 1646386952
1 1 23 -18,82 -5,18 -156,932 1646386953
1 1 23 -18,89 -4,93 -156,895 1646386953
1 1 23 -19,07 -4,74 -156,981 1646386953
1 1 23 -19,32 -4,68 -156,956 1646386954
1 1 23 -19,57 -4,74 -156,987 1646386954
1 1 23 -19,75 -4,93 -156,956 1646386954
1 1 23 -19,82 -5,18 -156,901 1646386954
1 1 23 -19,75 -5,43 -156,932 1646386955
1 1 23 -19,57 -5,61 -156,828 1646386955
1 1 23 -19,32 -5,68 -156,926 1646386955
1 1 23 -19,07 -5,61 -156,938 1646386955
1 1 23 -18,89 -5,43 -156,956 1646386955
1 1 24 -17,32 -10,00 -156,974 1646386956
1 1 24 -16,82 -10,00 -156,999 1646386957
1 1 24 -16,89 -9,75 -156,999 1646386957
1 1 24 -17,07 -9,57 -156,956 1646386957
1 1 24 -17,32 -9,50 -156,938 1646386957
1 1 24 -17,57 -9,57 -156,907 1646386958
1 1 24 -17,75 -9,75 -156,919 1646386958
1 1 24 -17,82 -10,00 -156,987 1646386958
1 1 24 -17,75 -10,25 -156,907 1646386958
1 1 24 -17,57 -10,43 -157,042 1646386959
1 1 24 -17,32 -10,50 -157,115 1646386959
1 1 24 -17,07 -10,43 -156,926 1646386959
1 1 24 -16,89 -10,25 -156,962 1646386959
1 1 25 -14,14 -14,14 -156,950 1646386960
1 1 25 -13,64 -14,14 -156,889 1646386960
1 1 25 -13,71 -13,89 -156,901 1646386961
1 1 25 -13,89 -13,71 -156,950 1646386961
1 1 25 -14,14 -13,64 -156,944 1646386961
1 1 25 -14,39 -13,71 -156,865 1646386962
1 1 25 -14,58 -13,89 -156,956 1646386962
1 1 25 -14,64 -14,14 -156,871 1646386962
1 1 25 -14,58 -14,39 -156,956 1646386963
1 1 25 -14,39 -14,58 -156,913 1646386963
1 1 25 -14,14 -14,64 -156,987 1646386963
1 1 25 -13,89 -14,58 -156,956 1646386963
1 1 25 -13,71 -14,39 -156,950 1646386963
1 1 26 -10,00 -17,32 -156,993 1646386964
1 1 26 -9,50 -17,32 -157,005 1646386965
1 1 26 -9,57 -17,07 -157,005 1646386965
1 1 26 -9,75 -16,89 -156,944 1646386965
1 1 26 -10,00 -16,82 -156,956 1646386965
1 1 26 -10,25 -16,89 -156,956 1646386966
1 1 26 -10,43 -17,07 -156,987 1646386966
1 1 26 -10,50 -17,32 -156,907 1646386966
1 1 26 -10,43 -17,57 -156,938 1646386966
1 1 26 -10,25 -17,75 -156,974 1646386966
1 1 26 -10,00 -17,82 -156,919 1646386967
1 1 26 -9,75 -17,75 -156,987 1646386967
1 1 26 -9,57 -17,57 -156,938 1646386967
1 1 27 -5,18 -19,32 -156,938 1646386968
1 1 27 -4,68 -19,32 -156,956 1646386968
1 1 27 -4,74 -19,07 -156,919 1646386969
1 1 27 -4,93 -18,89 -156,950 1646386969
1 1 27 -5,18 -18,82 -156,907 1646386969
1 1 27 -5,43 -18,89 -156,987 1646386969
1 1 27 -5,61 -19,07 -156,938 1646386970
1 1 27 -5,68 -19,32 -156,938 1646386970
1 1 27 -5,61 -19,57 -156,913 1646386970
1 1 27 -5,43 -19,75 -156,993 1646386970
1 1 27 -5,18 -19,82 -156,926 1646386971
1 1 27 -4,93 -19,75 -156,993 1646386971
1 1 27 -4,74 -19,57 -156,956 1646386971
1 1 28 5,18 -19,32 -156,852 1646386972
1 1 28 5,68 -19,32 -156,913 1646386973
1 1 28 5,61 -19,07 -156,944 1646386973
1 1 28 5,43 -18,89 -156,950 1646386973
1 1 28 5,18 -18,82 -156,907 1646386973
1 1 28 4,93 -18,89 -156,938 1646386973
1 1 28 4,74 -19,07 -156,883 1646386974
1 1 28 4,68 -19,32 -156,956 1646386974
1 1 28 4,74 -19,57 -156,944 1646386974
1 1 28 4,93 -19,75 -156,950 1646386974
1 1 28 5,18 -19,82 -156,932 1646386975
1 1 28 5,43 -19,75 -156,944 1646386975
1 1 28 5,61 -19,57 -156,907 1646386975
1 1 29 10,00 -17,32 -156,950 1646386976
1 1 29 10,50 -17,32 -156,987 1646386976
1 1 29 10,43 -17,07 -156,999 1646386977
1 1 29 10,25 -16,89 -156,913 1646386977
1 1 29 10,00 -16,82 -156,938 1646386977
1 1 29 9,75 -16,89 -156,987 1646386977
1 1 29 9,57 -17,07 -156,871 1646386978
1 1 29 9,50 -17,32 -156,993 1646386978
1 1 29 9,57 -17,57 -156,944 1646386978
1 1 29 9,75 -17,75 -156,950 1646386978
1 1 29 10,00 -17,82 -156,987 1646386979
1 1 29 10,25 -17,75 -156,913 1646386979
1 1 29 10,43 -17,57 -157,005 1646386979
1 1 30 14,14 -14,14 -156,883 1646386980
1 1 30 14,64 -14,14 -156,950 1646386980
1 1 30 14,58 -13,89 -156,956 1646386980
1 1 30 14,39 -13,71 -156,981 1646386981
1 1 30 14,14 -13,64 -156,981 1646386981
1 1 30 13,89 -13,71 -156,938 1646386981
1 1 30 13,71 -13,89 -156,907 1646386981
1 1 30 13,64 -14,14 -156,938 1646386982
1 1 30 13,71 -14,39 -156,919 1646386982
1 1 30 13,89 -14,58 -156,944 1646386982
1 1 30 14,14 -14,64 -156,999 1646386982
1 1 30 14,39 -14,58 -156,919 1646386983
1 1 30 14,58 -14,39 -156,901 1646386983
1 1 31 17,32 -10,00 -156,950 1646386984
1 1 31 17,82 -10,00 -156,950 1646386984
1 1 31 17,75 -9,75 -156,999 1646386984
1 1 31 17,57 -9,57 -156,871 1646386985
1 1 31 17,32 -9,50 -156,938 1646386985
1 1 31 17,07 -9,57 -156,956 1646386985
1 1 31 16,89 -9,75 -156,926 1646386986
1 1 31 16,82 -10,00 -156,944 1646386986
1 1 31 16,89 -10,25 -156,956 1646386986
1 1 31 17,07 -10,43 -156,895 1646386986
1 1 31 17,32 -10,50 -156,871 1646386986
1 1 31 17,57 -10,43 -156,987 1646386987
1 1 31 17,75 -10,25 -157,005 1646386987
1 1 32 19,32 -5,18 -156,913 1646386988
1 1 32 19,82 -5,18 -156,901 1646386988
1 1 32 19,75 -4,93 -156,919 1646386988
1 1 32 19,57 -4,74 -156,944 1646386989
1 1 32 19,32 -4,68 -157,035 1646386989
1 1 32 19,07 -4,74 -156,919 1646386989
1 1 32 18,89 -4,93 -156,944 1646386990
1 1 32 18,82 -5,18 -156,956 1646386990
1 1 32 18,89 -5,43 -156,938 1646386990
1 1 32 19,07 -5,61 -156,956 1646386990
1 1 32 19,32 -5,68 -156,938 1646386991
1 1 32 19,57 -5,61 -157,023 1646386991
1 1 32 19,75 -5,43 -156,981 1646386991
1 1 33 12,56 -3,36 -156,981 1646386992
1 1 33 13,06 -3,36 -156,950 1646386992
1 1 33 12,99 -3,11 -157,005 1646386993
1 1 33 12,81 -2,93 -156,871 1646386993
1 1 33 12,56 -2,86 -156,956 1646386993
1 1 33 12,31 -2,93 -156,913 1646386994
1 1 33 12,12 -3,11 -156,919 1646386994
1 1 33 12,06 -3,36 -156,938 1646386994
1 1 33 12,12 -3,61 -156,919 1646386994
1 1 33 12,31 -3,80 -156,987 1646386994
1 1 33 12,56 -3,86 -156,944 1646386995
1 1 33 12,81 -3,80 -156,901 1646386995
1 1 33 12,99 -3,61 -156,919 1646386995
1 1 34 9,19 -9,19 -156,938 1646386996
1 1 34 9,69 -9,19 -156,938 1646386996
1 1 34 9,63 -8,94 -156,926 1646386997
1 1 34 9,44 -8,76 -156,907 1646386997
1 1 34 9,19 -8,69 -156,999 1646386997
1 1 34 8,94 -8,76 -156,981 1646386998
1 1 34 8,76 -8,94 -156,944 1646386998
1 1 34 8,69 -9,19 -156,950 1646386998
1 1 34 8,76 -9,44 -156,932 1646386998
1 1 34 8,94 -9,63 -156,926 1646386999
1 1 34 9,19 -9,69 -156,974 1646386999
1 1 34 9,44 -9,63 -156,926 1646386999
1 1 34 9,63 -9,44 -156,938 1646386999
1 1 35 3,36 -12,56 -157,078 1646387000
1 1 35 3,86 -12,56 -156,895 1646387001
1 1 35 3,80 -12,31 -157,017 1646387001
1 1 35 3,61 -12,12 -156,950 1646387001
1 1 35 3,36 -12,06 -157,066 1646387001
1 1 35 3,11 -12,12 -156,913 1646387002
1 1 35 2,93 -12,31 -156,889 1646387002
1 1 35 2,86 -12,56 -156,962 1646387002
1 1 35 2,93 -12,81 -156,901 1646387002
1 1 35 3,11 -12,99 -156,987 1646387002
1 1 35 3,36 -13,06 -156,987 1646387003
1 1 35 3,61 -12,99 -156,932 1646387003
1 1 35 3,80 -12,81 -156,889 1646387003
1 1 36 4,24 -4,24 -156,962 1646387004
1 1 36 4,74 -4,24 -157,029 1646387005
1 1 36 4,68 -3,99 -157,023 1646387005
1 1 36 4,49 -3,81 -156,987 1646387005
1 1 36 4,24 -3,74 -156,950 1646387006
1 1 36 3,99 -3,81 -156,981 1646387006
1 1 36 3,81 -3,99 -156,938 1646387006
1 1 36 3,74 -4,24 -156,913 1646387006
1 1 36 3,81 -4,49 -156,938 1646387007
1 1 36 3,99 -4,68 -156,907 1646387007
1 1 36 4,24 -4,74 -156,962 1646387007
1 1 36 4,49 -4,68 -156,913 1646387007
1 1 36 4,68 -4,49 -156,981 1646387007
1 1 37 27,00 0,00 -156,950 1646387009
1 1 37 27,50 0,00 -156,883 1646387010
1 1 37 27,43 0,25 -156,962 1646387010
1 1 37 27,25 0,43 -156,938 1646387010
1 1 37 27,00 0,50 -156,950 1646387010
1 1 37 26,75 0,43 -157,035 1646387010
1 1 37 26,57 0,25 -156,858 1646387011
1 1 37 26,50 0,00 -156,919 1646387011
1 1 37 26,57 -0,25 -156,944 1646387011
1 1 37 26,75 -0,43 -156,987 1646387011
1 1 37 27,00 -0,50 -156,932 1646387012
1 1 37 27,25 -0,43 -156,987 1646387012
1 1 37 27,43 -0,25 -156,974 1646387012
1 1 38 26,08 6,99 -156,950 1646387013
1 1 38 26,58 6,99 -156,871 1646387014
1 1 38 26,51 7,24 -156,950 1646387014
1 1 38 26,33 7,42 -156,877 1646387014
1 1 38 26,08 7,49 -156,950 1646387014
1 1 38 25,83 7,42 -156,968 1646387014
1 1 38 25,65 7,24 -156,950 1646387015
1 1 38 25,58 6,99 -156,938 1646387015
1 1 38 25,65 6,74 -156,956 1646387015
1 1 38 25,83 6,56 -156,956 1646387015
1 1 38 26,08 6,49 -156,865 1646387016
1 1 38 26,33 6,56 -156,932 1646387016
1 1 38 26,51 6,74 -156,767 1646387016
1 1 39 23,38 13,50 -156,938 1646387017
1 1 39 23,88 13,50 -156,938 1646387017
1 1 39 23,82 13,75 -156,993 1646387018
1 1 39 23,63 13,93 -156,968 1646387018
1 1 39 23,38 14,00 -156,938 1646387018
1 1 39 23,13 13,93 -156,938 1646387018
1 1 39 22,95 13,75 -156,962 1646387019
1 1 39 22,88 13,50 -156,950 1646387019
1 1 39 22,95 13,25 -156,962 1646387019
1 1 39 23,13 13,07 -156,895 1646387019
1 1 39 23,38 13,00 -156,950 1646387020
1 1 39 23,63 13,07 -156,956 1646387020
1 1 39 23,82 13,25 -156,913 1646387020
1 1 40 19,09 19,09 -156,889 1646387021
1 1 40 19,59 19,09 -156,956 1646387021
1 1 40 19,52 19,34 -156,901 1646387022
1 1 40 19,34 19,52 -156,926 1646387022
1 1 40 19,09 19,59 -156,938 1646387022
1 1 40 18,84 19,52 -156,895 1646387022
1 1 40 18,66 19,34 -157,011 1646387022
1 1 40 18,59 19,09 -156,871 1646387023
1 1 40 18,66 18,84 -156,944 1646387023
1 1 40 18,84 18,66 -156,950 1646387023
1 1 40 19,09 18,59 -156,956 1646387023
1 1 40 19,34 18,66 -156,987 1646387024
1 1 40 19,52 18,84 -156,993 1646387024
1 1 41 13,50 23,38 -156,950 1646387025
1 1 41 14,00 23,38 -156,981 1646387025
1 1 41 13,93 23,63 -156,999 1646387026
1 1 41 13,75 23,82 -156,944 1646387026
1 1 41 13,50 23,88 -156,938 1646387026
1 1 41 13,25 23,82 -156,968 1646387026
1 1 41 13,07 23,63 -156,877 1646387027
1 1 41 13,00 23,38 -156,987 1646387027
1 1 41 13,07 23,13 -156,901 1646387027
1 1 41 13,25 22,95 -156,913 1646387027
1 1 41 13,50 22,88 -156,901 1646387027
1 1 41 13,75 22,95 -156,907 1646387028
1 1 41 13,93 23,13 -156,987 1646387028
1 1 42 6,99 26,08 -156,932 1646387029
1 1 42 7,49 26,08 -156,981 1646387029
1 1 42 7,42 26,33 -156,987 1646387030
1 1 42 7,24 26,51 -156,938 1646387030
1 1 42 6,99 26,58 -156,932 1646387030
1 1 42 6,74 26,51 -156,932 1646387030
1 1 42 6,56 26,33 -157,029 1646387031
1 1 42 6,49 26,08 -156,956 1646387031
1 1 42 6,56 25,83 -156,883 1646387031
1 1 42 6,74 25,65 -157,011 1646387032
1 1 42 6,99 25,58 -156,987 1646387032
1 1 42 7,24 25,65 -156,932 1646387032
1 1 42 7,42 25,83 -156,895 1646387032
1 1 43 0,00 27,00 -156,974 1646387033
1 1 43 0,50 27,00 -156,950 1646387034
1 1 43 0,43 27,25 -156,993 1646387034
1 1 43 0,25 27,43 -156,932 1646387034
1 1 43 0,00 27,50 -156,913 1646387034
1 1 43 -0,25 27,43 -156,919 1646387035
1 1 43 -0,43 27,25 -156,907 1646387035
1 1 43 -0,50 27,00 -156,956 1646387035
1 1 43 -0,43 26,75 -156,981 1646387035
1 1 43 -0,25 26,57 -156,950 1646387036
1 1 43 0,00 26,50 -156,974 1646387036
1 1 43 0,25 26,57 -156,901 1646387036
1 1 43 0,43 26,75 -156,974 1646387036
1 1 44 -6,99 26,08 -156,913 1646387037
1 1 44 -6,49 26,08 -156,913 1646387038
1 1 44 -6,56 26,33 -156,999 1646387038
1 1 44 -6,74 26,51 -156,907 1646387038
1 1 44 -6,99 26,58 -156,956 1646387038
1 1 44 -7,24 26,51 -156,883 1646387039
1 1 44 -7,42 26,33 -156,938 1646387039
1 1 44 -7,49 26,08 -156,822 1646387039
1 1 44 -7,42 25,83 -156,871 1646387039
1 1 44 -7,24 25,65 -156,932 1646387040
1 1 44 -6,99 25,58 -156,962 1646387040
1 1 44 -6,74 25,65 -156,938 1646387040
1 1 44 -6,56 25,83 -156,956 1646387040
1 1 45 -13,50 23,38 -156,938 1646387041
1 1 45 -13,00 23,38 -156,944 1646387042
1 1 45 -13,07 23,63 -156,962 1646387042
1 1 45 -13,25 23,82 -156,956 1646387042
1 1 45 -13,50 23,88 -156,987 1646387042
1 1 45 -13,75 23,82 -156,938 1646387043
1 1 45 -13,93 23,63 -157,029 1646387043
1 1 45 -14,00 23,38 -156,938 1646387043
1 1 45 -13,93 23,13 -156,981 1646387043
1 1 45 -13,75 22,95 -156,999 1646387044
1 1 45 -13,50 22,88 -156,999 1646387044
1 1 45 -13,25 22,95 -156,919 1646387044
1 1 45 -13,07 23,13 -156,901 1646387044
1 1 46 -19,09 19,09 -156,938 1646387045
1 1 46 -18,59 19,09 -156,950 1646387046
1 1 46 -18,66 19,34 -156,987 1646387046
1 1 46 -18,84 19,52 -156,950 1646387046
1 1 46 -19,09 19,59 -156,950 1646387046
1 1 46 -19,34 19,52 -156,932 1646387047
1 1 46 -19,52 19,34 -156,938 1646387047
1 1 46 -19,59 19,09 -156,987 1646387047
1 1 46 -19,52 18,84 -156,913 1646387047
1 1 46 -19,34 18,66 -156,993 1646387048
1 1 46 -19,09 18,59 -156,987 1646387048
1 1 46 -18,84 18,66 -156,987 1646387048
1 1 46 -18,66 18,84 -156,993 1646387048
1 1 47 -23,38 13,50 -156,962 1646387049
1 1 47 -22,88 13,50 -156,999 1646387050
1 1 47 -22,95 13,75 -156,993 1646387050
1 1 47 -23,13 13,93 -156,938 1646387050
1 1 47 -23,38 14,00 -156,919 1646387050
1 1 47 -23,63 13,93 -156,919 1646387050
1 1 47 -23,82 13,75 -156,987 1646387051
1 1 47 -23,88 13,50 -156,938 1646387051
1 1 47 -23,82 13,25 -156,889 1646387051
1 1 47 -23,63 13,07 -157,054 1646387051
1 1 47 -23,38 13,00 -156,950 1646387052
1 1 47 -23,13 13,07 -156,956 1646387052
1 1 47 -22,95 13,25 -156,956 1646387052
1 1 48 -26,08 6,99 -157,133 1646387053
1 1 48 -25,58 6,99 -156,865 1646387053
1 1 48 -25,65 7,24 -156,950 1646387054
1 1 48 -25,83 7,42 -156,926 1646387054
1 1 48 -26,08 7,49 -157,133 1646387054
1 1 48 -26,33 7,42 -156,718 1646387054
1 1 48 -26,51 7,24 -156,956 1646387054
1 1 48 -26,58 6,99 -156,956 1646387055
1 1 48 -26,51 6,74 -156,968 1646387055
1 1 48 -26,33 6,56 -156,926 1646387055
1 1 48 -26,08 6,49 -156,944 1646387055
1 1 48 -25,83 6,56 -156,938 1646387056
1 1 48 -25,65 6,74 -156,932 1646387056
1 1 49 -27,00 0,00 -156,968 1646387057
1 1 49 -26,50 0,00 -156,932 1646387057
1 1 49 -26,57 0,25 -156,987 1646387058
1 1 49 -26,75 0,43 -156,919 1646387058
1 1 49 -27,00 0,50 -156,883 1646387058
1 1 49 -27,25 0,43 -156,974 1646387058
1 1 49 -27,43 0,25 -156,987 1646387058
1 1 49 -27,50 0,00 -156,981 1646387059
1 1 49 -27,43 -0,25 -156,950 1646387059
1 1 49 -27,25 -0,43 -156,895 1646387059
1 1 49 -27,00 -0,50 -156,968 1646387060
1 1 49 -26,75 -0,43 -156,987 1646387060
1 1 49 -26,57 -0,25 -156,956 1646387060
1 1 50 -26,08 -6,99 -156,993 1646387061
1 1 50 -25,58 -6,99 -156,987 1646387062
1 1 50 -25,65 -6,74 -157,060 1646387062
1 1 50 -25,83 -6,56 -156,828 1646387062
1 1 50 -26,08 -6,49 -156,968 1646387063
1 1 50 -26,33 -6,56 -157,029 1646387063
1 1 50 -26,51 -6,74 -156,871 1646387063
1 1 50 -26,58 -6,99 -156,938 1646387063
1 1 50 -26,51 -7,24 -156,993 1646387064
1 1 50 -26,33 -7,42 -156,993 1646387064
1 1 50 -26,08 -7,49 -156,913 1646387064
1 1 50 -25,83 -7,42 -156,846 1646387064
1 1 50 -25,65 -7,24 -157,078 1646387064
1 1 51 -23,38 -13,50 -156,962 1646387065
1 1 51 -22,88 -13,50 -156,889 1646387066
1 1 51 -22,95 -13,25 -156,944 1646387066
1 1 51 -23,13 -13,07 -157,017 1646387066
1 1 51 -23,38 -13,00 -156,987 1646387066
1 1 51 -23,63 -13,07 -156,999 1646387067
1 1 51 -23,82 -13,25 -156,938 1646387067
1 1 51 -23,88 -13,50 -156,981 1646387067
1 1 51 -23,82 -13,75 -157,035 1646387067
1 1 51 -23,63 -13,93 -156,962 1646387068
1 1 51 -23,38 -14,00 -156,932 1646387068
1 1 51 -23,13 -13,93 -156,950 1646387068
1 1 51 -22,95 -13,75 -156,938 1646387068
1 1 52 -19,09 -19,09 -156,944 1646387069
1 1 52 -18,59 -19,09 -156,974 1646387070
1 1 52 -18,66 -18,84 -156,999 1646387070
1 1 52 -18,84 -18,66 -157,011 1646387070
1 1 52 -19,09 -18,59 -156,919 1646387070
1 1 52 -19,34 -18,66 -156,938 1646387071
1 1 52 -19,52 -18,84 -156,919 1646387071
1 1 52 -19,59 -19,09 -156,938 1646387071
1 1 52 -19,52 -19,34 -156,944 1646387071
1 1 52 -19,34 -19,52 -156,993 1646387072
1 1 52 -19,09 -19,59 -156,883 1646387072
1 1 52 -18,84 -19,52 -156,944 1646387072
1 1 52 -18,66 -19,34 -156,932 1646387072
1 1 53 -13,50 -23,38 -156,907 1646387073
1 1 53 -13,00 -23,38 -156,871 1646387074
1 1 53 -13,07 -23,13 -156,987 1646387074
1 1 53 -13,25 -22,95 -156,950 1646387074
1 1 53 -13,50 -22,88 -156,987 1646387074
1 1 53 -13,75 -22,95 -156,950 1646387075
1 1 53 -13,93 -23,13 -157,029 1646387075
1 1 53 -14,00 -23,38 -157,035 1646387075
1 1 53 -13,93 -23,63 -156,944 1646387075
1 1 53 -13,75 -23,82 -156,981 1646387076
1 1 53 -13,50 -23,88 -156,962 1646387076
1 1 53 -13,25 -23,82 -156,956 1646387076
1 1 53 -13,07 -23,63 -156,938 1646387076
1 1 54 -6,99 -26,08 -156,981 1646387077
1 1 54 -6,49 -26,08 -156,962 1646387077
1 1 54 -6,56 -25,83 -156,938 1646387078
1 1 54 -6,74 -25,65 -156,950 1646387078
1 1 54 -6,99 -25,58 -156,901 1646387078
1 1 54 -7,24 -25,65 -156,907 1646387078
1 1 54 -7,42 -25,83 -156,950 1646387079
1 1 54 -7,49 -26,08 -156,938 1646387079
1 1 54 -7,42 -26,33 -156,968 1646387079
1 1 54 -7,24 -26,51 -156,950 1646387079
1 1 54 -6,99 -26,58 -156,938 1646387080
1 1 54 -6,74 -26,51 -156,981 1646387080
1 1 54 -6,56 -26,33 -156,950 1646387080
1 1 55 -0,00 -27,00 -156,987 1646387081
1 1 55 0,50 -27,00 -156,950 1646387081
1 1 55 0,43 -26,75 -156,944 1646387082
1 1 55 0,25 -26,57 -156,956 1646387082
1 1 55 -0,00 -26,50 -156,901 1646387082
1 1 55 -0,25 -26,57 -156,956 1646387083
1 1 55 -0,43 -26,75 -156,981 1646387083
1 1 55 -0,50 -27,00 -156,999 1646387083
1 1 55 -0,43 -27,25 -156,956 1646387084
1 1 55 -0,25 -27,43 -156,956 1646387084
1 1 55 -0,00 -27,50 -156,926 1646387084
1 1 55 0,25 -27,43 -156,932 1646387084
1 1 55 0,43 -27,25 -156,944 1646387085
1 1 56 6,99 -26,08 -156,913 1646387085
1 1 56 7,49 -26,08 -156,858 1646387086
1 1 56 7,42 -25,83 -156,974 1646387086
1 1 56 7,24 -25,65 -156,987 1646387086
1 1 56 6,99 -25,58 -156,938 1646387087
1 1 56 6,74 -25,65 -156,901 1646387087
1 1 56 6,56 -25,83 -156,938 1646387087
1 1 56 6,49 -26,08 -156,889 1646387087
1 1 56 6,56 -26,33 -156,938 1646387088
1 1 56 6,74 -26,51 -156,932 1646387088
1 1 56 6,99 -26,58 -156,999 1646387088
1 1 56 7,24 -26,51 -156,956 1646387088
1 1 56 7,42 -26,33 -156,956 1646387088
1 1 57 13,50 -23,38 -156,944 1646387089
1 1 57 14,00 -23,38 -156,981 1646387090
1 1 57 13,93 -23,13 -156,968 1646387090
1 1 57 13,75 -22,95 -156,999 1646387090
1 1 57 13,50 -22,88 -156,950 1646387091
1 1 57 13,25 -22,95 -157,005 1646387091
1 1 57 13,07 -23,13 -157,005 1646387091
1 1 57 13,00 -23,38 -156,956 1646387091
1 1 57 13,07 -23,63 -156,968 1646387092
1 1 57 13,25 -23,82 -156,932 1646387092
1 1 57 13,50 -23,88 -157,005 1646387092
1 1 57 13,75 -23,82 -156,938 1646387092
1 1 57 13,93 -23,63 -156,987 1646387092
1 1 58 19,09 -19,09 -156,926 1646387093
1 1 58 19,59 -19,09 -156,932 1646387094
1 1 58 19,52 -18,84 -156,889 1646387094
1 1 58 19,34 -18,66 -156,907 1646387094
1 1 58 19,09 -18,59 -156,950 1646387094
1 1 58 18,84 -18,66 -157,035 1646387095
1 1 58 18,66 -18,84 -156,889 1646387095
1 1 58 18,59 -19,09 -156,956 1646387095
1 1 58 18,66 -19,34 -156,987 1646387095
1 1 58 18,84 -19,52 -156,932 1646387096
1 1 58 19,09 -19,59 -156,944 1646387096
1 1 58 19,34 -19,52 -156,871 1646387096
1 1 58 19,52 -19,34 -156,889 1646387096
1 1 59 23,38 -13,50 -156,901 1646387097
1 1 59 23,88 -13,50 -156,999 1646387098
1 1 59 23,82 -13,25 -156,932 1646387098
1 1 59 23,63 -13,07 -156,993 1646387098
1 1 59 23,38 -13,00 -156,919 1646387098
1 1 59 23,13 -13,07 -156,938 1646387098
1 1 59 22,95 -13,25 -156,944 1646387099
1 1 59 22,88 -13,50 -156,987 1646387099
1 1 59 22,95 -13,75 -156,987 1646387099
1 1 59 23,13 -13,93 -156,974 1646387099
1 1 59 23,38 -14,00 -156,907 1646387100
1 1 59 23,63 -13,93 -156,962 1646387100
1 1 59 23,82 -13,75 -156,901 1646387100
1 1 60 26,08 -6,99 -156,968 1646387101
1 1 60 26,58 -6,99 -156,950 1646387101
1 1 60 26,51 -6,74 -156,950 1646387102
1 1 60 26,33 -6,56 -156,999 1646387102
1 1 60 26,08 -6,49 -156,950 1646387102
1 1 60 25,83 -6,56 -157,011 1646387103
1 1 60 25,65 -6,74 -156,950 1646387103
1 1 60 25,58 -6,99 -156,950 1646387103
1 1 60 25,65 -7,24 -156,919 1646387104
1 1 60 25,83 -7,42 -156,944 1646387104
1 1 60 26,08 -7,49 -156,962 1646387104
1 1 60 26,33 -7,42 -156,987 1646387104
1 1 60 26,51 -7,24 -156,950 1646387105
