1 1 1 4,24 4,24 -156,968 1646385075
1 1 1 4,74 4,24 -156,987 1646385075
1 1 1 4,68 4,49 -157,054 1646385076
1 1 1 4,49 4,68 -156,993 1646385076
1 1 1 4,24 4,74 -156,907 1646385076
1 1 1 3,99 4,68 -156,932 1646385077
1 1 1 3,81 4,49 -156,877 1646385077
1 1 1 3,74 4,24 -156,968 1646385077
1 1 1 3,81 3,99 -156,950 1646385077
1 1 1 3,99 3,81 -156,950 1646385078
1 1 1 4,24 3,74 -156,932 1646385078
1 1 1 4,49 3,81 -156,968 1646385078
1 1 1 4,68 3,99 -156,950 1646385078
1 1 2 3,36 12,56 -156,834 1646385079
1 1 2 3,86 12,56 -156,962 1646385080
1 1 2 3,80 12,81 -157,023 1646385080
1 1 2 3,61 12,99 -156,907 1646385080
1 1 2 3,36 13,06 -156,871 1646385080
1 1 2 3,11 12,99 -156,895 1646385081
1 1 2 2,93 12,81 -156,950 1646385081
1 1 2 2,86 12,56 -156,932 1646385081
1 1 2 2,93 12,31 -156,871 1646385081
1 1 2 3,11 12,12 -156,968 1646385081
1 1 2 3,36 12,06 -156,962 1646385082
1 1 2 3,61 12,12 -157,011 1646385082
1 1 2 3,80 12,31 -156,901 1646385082
1 1 3 9,19 9,19 -156,987 1646385083
1 1 3 9,69 9,19 -156,938 1646385083
1 1 3 9,63 9,44 -156,871 1646385084
1 1 3 9,44 9,63 -156,913 1646385085
1 1 3 9,19 9,69 -156,987 1646385085
1 1 3 8,94 9,63 -156,968 1646385086
1 1 3 8,76 9,44 -156,944 1646385086
1 1 3 8,69 9,19 -156,932 1646385087
1 1 3 8,76 8,94 -156,950 1646385087
1 1 3 8,94 8,76 -156,987 1646385088
1 1 3 9,19 8,69 -156,987 1646385088
1 1 3 9,44 8,76 -156,938 1646385089
1 1 3 9,63 8,94 -156,944 1646385089
1 1 4 12,56 3,36 -156,919 1646385090
1 1 4 13,06 3,36 -156,938 1646385090
1 1 4 12,99 3,61 -156,981 1646385091
1 1 4 12,81 3,80 -156,907 1646385091
1 1 4 12,56 3,86 -156,944 1646385092
1 1 4 12,31 3,80 -156,919 1646385092
1 1 4 12,12 3,61 -156,938 1646385093
1 1 4 12,06 3,36 -156,974 1646385093
1 1 4 12,12 3,11 -156,932 1646385094
1 1 4 12,31 2,93 -156,895 1646385094
1 1 4 12,56 2,86 -156,956 1646385095
1 1 4 12,81 2,93 -156,907 1646385095
1 1 4 12,99 3,11 -156,950 1646385096
1 1 5 19,32 5,18 -157,017 1646385096
1 1 5 19,82 5,18 -156,962 1646385097
1 1 5 19,75 5,43 -156,962 1646385097
1 1 5 19,57 5,61 -156,926 1646385097
1 1 5 19,32 5,68 -156,889 1646385098
1 1 5 19,07 5,61 -156,944 1646385098
1 1 5 18,89 5,43 -156,901 1646385099
1 1 5 18,82 5,18 -156,944 1646385099
1 1 5 18,89 4,93 -156,901 1646385100
1 1 5 19,07 4,74 -156,968 1646385100
1 1 5 19,32 4,68 -156,926 1646385101
1 1 5 19,57 4,74 -156,938 1646385101
1 1 5 19,75 4,93 -156,987 1646385102
1 1 6 17,32 10,00 -156,999 1646385103
1 1 6 17,82 10,00 -156,877 1646385103
1 1 6 17,75 10,25 -156,919 1646385104
1 1 6 17,57 10,43 -156,926 1646385104
1 1 6 17,32 10,50 -156,932 1646385105
1 1 6 17,07 10,43 -156,950 1646385105
1 1 6 16,89 10,25 -156,950 1646385106
1 1 6 16,82 10,00 -156,968 1646385106
1 1 6 16,89 9,75 -156,938 1646385107
1 1 6 17,07 9,57 -156,901 1646385107
1 1 6 17,32 9,50 -156,993 1646385107
1 1 6 17,57 9,57 -156,999 1646385108
1 1 6 17,75 9,75 -156,938 1646385108
1 1 7 14,14 14,14 -156,919 1646385109
1 1 7 14,64 14,14 -156,944 1646385109
1 1 7 14,58 14,39 -156,987 1646385110
1 1 7 14,39 14,58 -156,907 1646385111
1 1 7 14,14 14,64 -156,956 1646385111
1 1 7 13,89 14,58 -156,987 1646385112
1 1 7 13,71 14,39 -156,950 1646385112
1 1 7 13,64 14,14 -156,987 1646385112
1 1 7 13,71 13,89 -156,938 1646385113
1 1 7 13,89 13,71 -156,938 1646385113
1 1 7 14,14 13,64 -156,889 1646385114
1 1 7 14,39 13,71 -156,901 1646385114
1 1 7 14,58 13,89 -156,956 1646385115
1 1 8 10,00 17,32 -156,938 1646385116
1 1 8 10,50 17,32 -156,938 1646385116
1 1 8 10,43 17,57 -156,919 1646385117
1 1 8 10,25 17,75 -156,858 1646385117
1 1 8 10,00 17,82 -156,993 1646385118
1 1 8 9,75 17,75 -156,913 1646385118
1 1 8 9,57 17,57 -156,919 1646385118
1 1 8 9,50 17,32 -156,944 1646385119
1 1 8 9,57 17,07 -156,919 1646385120
1 1 8 9,75 16,89 -156,962 1646385120
1 1 8 10,00 16,82 -156,950 1646385120
1 1 8 10,25 16,89 -156,956 1646385121
1 1 8 10,43 17,07 -156,932 1646385121
1 1 9 5,18 19,32 -156,938 1646385122
1 1 9 5,68 19,32 -156,913 1646385123
1 1 9 5,61 19,57 -156,919 1646385123
1 1 9 5,43 19,75 -156,938 1646385124
1 1 9 5,18 19,82 -156,938 1646385124
1 1 9 4,93 19,75 -156,895 1646385125
1 1 9 4,74 19,57 -156,907 1646385125
1 1 9 4,68 19,32 -156,944 1646385126
1 1 9 4,74 19,07 -156,938 1646385126
1 1 9 4,93 18,89 -156,981 1646385127
1 1 9 5,18 18,82 -156,944 1646385127
1 1 9 5,43 18,89 -156,962 1646385128
1 1 9 5,61 19,07 -156,987 1646385128
1 1 10 -5,18 19,32 -156,968 1646385129
1 1 10 -4,68 19,32 -156,932 1646385130
1 1 10 -4,74 19,57 -156,956 1646385130
1 1 10 -4,93 19,75 -156,913 1646385130
1 1 10 -5,18 19,82 -156,950 1646385131
1 1 10 -5,43 19,75 -156,981 1646385132
1 1 10 -5,61 19,57 -156,950 1646385132
1 1 10 -5,68 19,32 -156,981 1646385133
1 1 10 -5,61 19,07 -157,023 1646385134
1 1 10 -5,43 18,89 -156,956 1646385134
1 1 10 -5,18 18,82 -156,950 1646385134
1 1 10 -4,93 18,89 -157,017 1646385135
1 1 10 -4,74 19,07 -156,944 1646385135
1 1 11 -10,00 17,32 -156,944 1646385136
1 1 11 -9,50 17,32 -156,993 1646385136
1 1 11 -9,57 17,57 -156,993 1646385137
1 1 11 -9,75 17,75 -156,907 1646385137
1 1 11 -10,00 17,82 -156,907 1646385137
1 1 11 -10,25 17,75 -156,968 1646385138
1 1 11 -10,43 17,57 -156,987 1646385138
1 1 11 -10,50 17,32 -156,944 1646385139
1 1 11 -10,43 17,07 -156,926 1646385140
1 1 11 -10,25 16,89 -157,005 1646385140
1 1 11 -10,00 16,82 -156,932 1646385141
1 1 11 -9,75 16,89 -156,981 1646385141
1 1 11 -9,57 17,07 -156,974 1646385142
1 1 12 -14,14 14,14 -157,023 1646385142
1 1 12 -13,64 14,14 -156,968 1646385143
1 1 12 -13,71 14,39 -156,913 1646385144
1 1 12 -13,89 14,58 -156,956 1646385144
1 1 12 -14,14 14,64 -157,005 1646385145
1 1 12 -14,39 14,58 -156,987 1646385146
1 1 12 -14,58 14,39 -156,846 1646385146
1 1 12 -14,64 14,14 -156,919 1646385146
1 1 12 -14,58 13,89 -156,962 1646385147
1 1 12 -14,39 13,71 -156,987 1646385147
1 1 12 -14,14 13,64 -156,962 1646385148
1 1 12 -13,89 13,71 -156,938 1646385148
1 1 12 -13,71 13,89 -156,926 1646385149
1 1 13 -17,32 10,00 -156,938 1646385150
1 1 13 -16,82 10,00 -157,023 1646385150
1 1 13 -16,89 10,25 -156,962 1646385150
1 1 13 -17,07 10,43 -157,035 1646385151
1 1 13 -17,32 10,50 -157,005 1646385151
1 1 13 -17,57 10,43 -156,944 1646385152
1 1 13 -17,75 10,25 -156,968 1646385152
1 1 13 -17,82 10,00 -156,987 1646385153
1 1 13 -17,75 9,75 -156,968 1646385153
1 1 13 -17,57 9,57 -156,981 1646385154
1 1 13 -17,32 9,50 -156,999 1646385154
1 1 13 -17,07 9,57 -156,987 1646385155
1 1 13 -16,89 9,75 -156,962 1646385155
1 1 14 -19,32 5,18 -157,023 1646385156
1 1 14 -18,82 5,18 -157,005 1646385156
1 1 14 -18,89 5,43 -156,950 1646385157
1 1 14 -19,07 5,61 -156,932 1646385157
1 1 14 -19,32 5,68 -156,993 1646385157
1 1 14 -19,57 5,61 -156,828 1646385158
1 1 14 -19,75 5,43 -156,901 1646385158
1 1 14 -19,82 5,18 -156,913 1646385158
1 1 14 -19,75 4,93 -156,889 1646385159
1 1 14 -19,57 4,74 -156,944 1646385159
1 1 14 -19,32 4,68 -156,938 1646385160
1 1 14 -19,07 4,74 -156,962 1646385160
1 1 14 -18,89 4,93 -156,999 1646385160
1 1 15 -12,56 3,36 -156,950 1646385161
1 1 15 -12,06 3,36 -156,981 1646385162
1 1 15 -12,12 3,61 -156,974 1646385162
1 1 15 -12,31 3,80 -156,950 1646385162
1 1 15 -12,56 3,86 -156,950 1646385163
1 1 15 -12,81 3,80 -156,938 1646385163
1 1 15 -12,99 3,61 -156,871 1646385164
1 1 15 -13,06 3,36 -156,981 1646385164
1 1 15 -12,99 3,11 -156,950 1646385165
1 1 15 -12,81 2,93 -156,968 1646385165
1 1 15 -12,56 2,86 -156,993 1646385166
1 1 15 -12,31 2,93 -156,938 1646385166
1 1 15 -12,12 3,11 -156,999 1646385167
1 1 16 -9,19 9,19 -156,993 1646385168
1 1 16 -8,69 9,19 -156,938 1646385168
1 1 16 -8,76 9,44 -157,109 1646385169
1 1 16 -8,94 9,63 -156,919 1646385169
1 1 16 -9,19 9,69 -156,907 1646385170
1 1 16 -9,44 9,63 -156,974 1646385170
1 1 16 -9,63 9,44 -156,950 1646385170
1 1 16 -9,69 9,19 -156,968 1646385171
1 1 16 -9,63 8,94 -157,011 1646385171
1 1 16 -9,44 8,76 -156,938 1646385172
1 1 16 -9,19 8,69 -156,968 1646385172
1 1 16 -8,94 8,76 -156,999 1646385173
1 1 16 -8,76 8,94 -156,871 1646385173
1 1 17 -3,36 12,56 -156,950 1646385174
1 1 17 -2,86 12,56 -156,956 1646385174
1 1 17 -2,93 12,81 -156,968 1646385175
1 1 17 -3,11 12,99 -156,950 1646385175
1 1 17 -3,36 13,06 -156,950 1646385176
1 1 17 -3,61 12,99 -156,968 1646385176
1 1 17 -3,80 12,81 -156,926 1646385177
1 1 17 -3,86 12,56 -156,987 1646385177
1 1 17 -3,80 12,31 -156,944 1646385178
1 1 17 -3,61 12,12 -156,981 1646385178
1 1 17 -3,36 12,06 -156,987 1646385179
1 1 17 -3,11 12,12 -156,950 1646385179
1 1 17 -2,93 12,31 -157,023 1646385179
1 1 18 -4,24 4,24 -156,999 1646385180
1 1 18 -3,74 4,24 -156,962 1646385181
1 1 18 -3,81 4,49 -156,938 1646385181
1 1 18 -3,99 4,68 -156,981 1646385182
1 1 18 -4,24 4,74 -156,932 1646385182
1 1 18 -4,49 4,68 -157,005 1646385183
1 1 18 -4,68 4,49 -156,950 1646385183
1 1 18 -4,74 4,24 -156,919 1646385184
1 1 18 -4,68 3,99 -156,993 1646385184
1 1 18 -4,49 3,81 -156,852 1646385185
1 1 18 -4,24 3,74 -156,950 1646385185
1 1 18 -3,99 3,81 -156,981 1646385186
1 1 18 -3,81 3,99 -156,974 1646385186
1 1 19 -4,24 -4,24 -157,011 1646385187
1 1 19 -3,74 -4,24 -157,029 1646385187
1 1 19 -3,81 -3,99 -156,999 1646385188
1 1 19 -3,99 -3,81 -156,962 1646385188
1 1 19 -4,24 -3,74 -156,944 1646385188
1 1 19 -4,49 -3,81 -156,968 1646385189
1 1 19 -4,68 -3,99 -156,950 1646385189
1 1 19 -4,74 -4,24 -156,999 1646385190
1 1 19 -4,68 -4,49 -157,005 1646385190
1 1 19 -4,49 -4,68 -156,938 1646385191
1 1 19 -4,24 -4,74 -156,950 1646385191
1 1 19 -3,99 -4,68 -156,919 1646385192
1 1 19 -3,81 -4,49 -156,968 1646385192
1 1 20 -3,36 -12,56 -156,974 1646385193
1 1 20 -2,86 -12,56 -156,950 1646385193
1 1 20 -2,93 -12,31 -156,944 1646385194
1 1 20 -3,11 -12,12 -156,932 1646385194
1 1 20 -3,36 -12,06 -157,017 1646385194
1 1 20 -3,61 -12,12 -156,889 1646385195
1 1 20 -3,80 -12,31 -156,968 1646385195
1 1 20 -3,86 -12,56 -156,987 1646385196
1 1 20 -3,80 -12,81 -156,956 1646385197
1 1 20 -3,61 -12,99 -156,956 1646385197
1 1 20 -3,36 -13,06 -156,919 1646385198
1 1 20 -3,11 -12,99 -156,987 1646385198
1 1 20 -2,93 -12,81 -156,981 1646385198
1 1 21 -9,19 -9,19 -157,017 1646385199
1 1 21 -8,69 -9,19 -156,987 1646385200
1 1 21 -8,76 -8,94 -156,968 1646385201
1 1 21 -8,94 -8,76 -156,956 1646385201
1 1 21 -9,19 -8,69 -156,950 1646385201
1 1 21 -9,44 -8,76 -156,944 1646385202
1 1 21 -9,63 -8,94 -156,907 1646385202
1 1 21 -9,69 -9,19 -156,938 1646385203
1 1 21 -9,63 -9,44 -156,938 1646385203
1 1 21 -9,44 -9,63 -156,962 1646385204
1 1 21 -9,19 -9,69 -156,987 1646385204
1 1 21 -8,94 -9,63 -156,895 1646385205
1 1 21 -8,76 -9,44 -157,005 1646385205
1 1 22 -12,56 -3,36 -156,950 1646385206
1 1 22 -12,06 -3,36 -157,029 1646385206
1 1 22 -12,12 -3,11 -157,054 1646385207
1 1 22 -12,31 -2,93 -157,011 1646385207
1 1 22 -12,56 -2,86 -156,981 1646385207
1 1 22 -12,81 -2,93 -156,919 1646385208
1 1 22 -12,99 -3,11 -156,993 1646385208
1 1 22 -13,06 -3,36 -156,907 1646385208
1 1 22 -12,99 -3,61 -156,932 1646385209
1 1 22 -12,81 -3,80 -156,999 1646385210
1 1 22 -12,56 -3,86 -156,895 1646385210
1 1 22 -12,31 -3,80 -156,962 1646385211
1 1 22 -12,12 -3,61 -156,981 1646385211
1 1 23 -19,32 -5,18 -156,919 1646385212
1 1 23 -18,82 -5,18 -156,926 1646385212
1 1 23 -18,89 -4,93 -156,907 1646385213
1 1 23 -19,07 -4,74 -156,981 1646385213
1 1 23 -19,32 -4,68 -156,962 1646385213
1 1 23 -19,57 -4,74 -156,987 1646385214
1 1 23 -19,75 -4,93 -156,962 1646385214
1 1 23 -19,82 -5,18 -156,895 1646385215
1 1 23 -19,75 -5,43 -156,938 1646385215
1 1 23 -19,57 -5,61 -156,834 1646385216
1 1 23 -19,32 -5,68 -156,932 1646385216
1 1 23 -19,07 -5,61 -156,938 1646385217
1 1 23 -18,89 -5,43 -156,956 1646385217
1 1 24 -17,32 -10,00 -156,981 1646385218
1 1 24 -16,82 -10,00 -156,999 1646385218
1 1 24 -16,89 -9,75 -156,999 1646385219
1 1 24 -17,07 -9,57 -156,956 1646385219
1 1 24 -17,32 -9,50 -156,944 1646385219
1 1 24 -17,57 -9,57 -156,913 1646385220
1 1 24 -17,75 -9,75 -156,926 1646385220
1 1 24 -17,82 -10,00 -156,993 1646385220
1 1 24 -17,75 -10,25 -156,907 1646385221
1 1 24 -17,57 -10,43 -157,042 1646385222
1 1 24 -17,32 -10,50 -157,115 1646385222
1 1 24 -17,07 -10,43 -156,926 1646385223
1 1 24 -16,89 -10,25 -156,956 1646385223
1 1 25 -14,14 -14,14 -156,956 1646385224
1 1 25 -13,64 -14,14 -156,895 1646385224
1 1 25 -13,71 -13,89 -156,901 1646385225
1 1 25 -13,89 -13,71 -156,950 1646385225
1 1 25 -14,14 -13,64 -156,950 1646385226
1 1 25 -14,39 -13,71 -156,871 1646385226
1 1 25 -14,58 -13,89 -156,962 1646385227
1 1 25 -14,64 -14,14 -156,883 1646385227
1 1 25 -14,58 -14,39 -156,956 1646385228
1 1 25 -14,39 -14,58 -156,919 1646385228
1 1 25 -14,14 -14,64 -156,987 1646385229
1 1 25 -13,89 -14,58 -156,962 1646385230
1 1 25 -13,71 -14,39 -156,950 1646385230
1 1 26 -10,00 -17,32 -156,999 1646385231
1 1 26 -9,50 -17,32 -157,011 1646385231
1 1 26 -9,57 -17,07 -157,011 1646385232
1 1 26 -9,75 -16,89 -156,944 1646385232
1 1 26 -10,00 -16,82 -156,956 1646385233
1 1 26 -10,25 -16,89 -156,968 1646385233
1 1 26 -10,43 -17,07 -156,987 1646385234
1 1 26 -10,50 -17,32 -156,919 1646385234
1 1 26 -10,43 -17,57 -156,944 1646385235
1 1 26 -10,25 -17,75 -156,974 1646385235
1 1 26 -10,00 -17,82 -156,926 1646385236
1 1 26 -9,75 -17,75 -156,993 1646385236
1 1 26 -9,57 -17,57 -156,938 1646385237
1 1 27 -5,18 -19,32 -156,938 1646385237
1 1 27 -4,68 -19,32 -156,956 1646385238
1 1 27 -4,74 -19,07 -156,919 1646385238
1 1 27 -4,93 -18,89 -156,956 1646385238
1 1 27 -5,18 -18,82 -156,913 1646385239
1 1 27 -5,43 -18,89 -156,981 1646385239
1 1 27 -5,61 -19,07 -156,938 1646385240
1 1 27 -5,68 -19,32 -156,944 1646385240
1 1 27 -5,61 -19,57 -156,926 1646385241
1 1 27 -5,43 -19,75 -156,999 1646385241
1 1 27 -5,18 -19,82 -156,932 1646385242
1 1 27 -4,93 -19,75 -156,999 1646385242
1 1 27 -4,74 -19,57 -156,962 1646385243
1 1 28 5,18 -19,32 -156,852 1646385244
1 1 28 5,68 -19,32 -156,913 1646385244
1 1 28 5,61 -19,07 -156,944 1646385245
1 1 28 5,43 -18,89 -156,956 1646385245
1 1 28 5,18 -18,82 -156,907 1646385245
1 1 28 4,93 -18,89 -156,950 1646385246
1 1 28 4,74 -19,07 -156,889 1646385246
1 1 28 4,68 -19,32 -156,962 1646385247
1 1 28 4,74 -19,57 -156,950 1646385248
1 1 28 4,93 -19,75 -156,950 1646385248
1 1 28 5,18 -19,82 -156,932 1646385248
1 1 28 5,43 -19,75 -156,944 1646385249
1 1 28 5,61 -19,57 -156,913 1646385249
1 1 29 10,00 -17,32 -156,956 1646385250
1 1 29 10,50 -17,32 -156,987 1646385251
1 1 29 10,43 -17,07 -156,999 1646385251
1 1 29 10,25 -16,89 -156,913 1646385252
1 1 29 10,00 -16,82 -156,938 1646385252
1 1 29 9,75 -16,89 -156,993 1646385253
1 1 29 9,57 -17,07 -156,871 1646385253
1 1 29 9,50 -17,32 -157,011 1646385253
1 1 29 9,57 -17,57 -156,956 1646385254
1 1 29 9,75 -17,75 -156,950 1646385254
1 1 29 10,00 -17,82 -156,981 1646385255
1 1 29 10,25 -17,75 -156,919 1646385255
1 1 29 10,43 -17,57 -157,011 1646385256
1 1 30 14,14 -14,14 -156,889 1646385257
1 1 30 14,64 -14,14 -156,950 1646385257
1 1 30 14,58 -13,89 -156,950 1646385258
1 1 30 14,39 -13,71 -156,987 1646385258
1 1 30 14,14 -13,64 -156,987 1646385258
1 1 30 13,89 -13,71 -156,944 1646385259
1 1 30 13,71 -13,89 -156,907 1646385259
1 1 30 13,64 -14,14 -156,938 1646385260
1 1 30 13,71 -14,39 -156,944 1646385260
1 1 30 13,89 -14,58 -156,950 1646385261
1 1 30 14,14 -14,64 -156,999 1646385261
1 1 30 14,39 -14,58 -156,919 1646385262
1 1 30 14,58 -14,39 -156,901 1646385262
1 1 31 17,32 -10,00 -156,950 1646385263
1 1 31 17,82 -10,00 -156,950 1646385264
1 1 31 17,75 -9,75 -156,987 1646385264
1 1 31 17,57 -9,57 -156,871 1646385264
1 1 31 17,32 -9,50 -156,938 1646385265
1 1 31 17,07 -9,57 -156,956 1646385266
1 1 31 16,89 -9,75 -156,932 1646385266
1 1 31 16,82 -10,00 -156,962 1646385266
1 1 31 16,89 -10,25 -156,950 1646385267
1 1 31 17,07 -10,43 -156,907 1646385267
1 1 31 17,32 -10,50 -156,871 1646385268
1 1 31 17,57 -10,43 -156,987 1646385268
1 1 31 17,75 -10,25 -157,005 1646385269
1 1 32 19,32 -5,18 -156,913 1646385270
1 1 32 19,82 -5,18 -156,907 1646385270
1 1 32 19,75 -4,93 -156,913 1646385271
1 1 32 19,57 -4,74 -156,950 1646385271
1 1 32 19,32 -4,68 -157,042 1646385272
1 1 32 19,07 -4,74 -156,919 1646385272
1 1 32 18,89 -4,93 -156,944 1646385272
1 1 32 18,82 -5,18 -156,968 1646385273
1 1 32 18,89 -5,43 -156,956 1646385274
1 1 32 19,07 -5,61 -156,968 1646385274
1 1 32 19,32 -5,68 -156,938 1646385275
1 1 32 19,57 -5,61 -157,023 1646385275
1 1 32 19,75 -5,43 -156,987 1646385275
1 1 33 12,56 -3,36 -156,987 1646385276
1 1 33 13,06 -3,36 -156,950 1646385277
1 1 33 12,99 -3,11 -157,005 1646385278
1 1 33 12,81 -2,93 -156,877 1646385278
1 1 33 12,56 -2,86 -156,962 1646385278
1 1 33 12,31 -2,93 -156,919 1646385279
1 1 33 12,12 -3,11 -156,926 1646385279
1 1 33 12,06 -3,36 -156,950 1646385280
1 1 33 12,12 -3,61 -156,938 1646385280
1 1 33 12,31 -3,80 -156,987 1646385281
1 1 33 12,56 -3,86 -156,950 1646385281
1 1 33 12,81 -3,80 -156,907 1646385282
1 1 33 12,99 -3,61 -156,926 1646385282
1 1 34 9,19 -9,19 -156,944 1646385283
1 1 34 9,69 -9,19 -156,938 1646385283
1 1 34 9,63 -8,94 -156,938 1646385284
1 1 34 9,44 -8,76 -156,919 1646385284
1 1 34 9,19 -8,69 -156,999 1646385285
1 1 34 8,94 -8,76 -156,987 1646385286
1 1 34 8,76 -8,94 -156,944 1646385286
1 1 34 8,69 -9,19 -156,962 1646385286
1 1 34 8,76 -9,44 -156,944 1646385287
1 1 34 8,94 -9,63 -156,938 1646385287
1 1 34 9,19 -9,69 -156,987 1646385288
1 1 34 9,44 -9,63 -156,932 1646385288
1 1 34 9,63 -9,44 -156,944 1646385289
1 1 35 3,36 -12,56 -157,084 1646385290
1 1 35 3,86 -12,56 -156,895 1646385290
1 1 35 3,80 -12,31 -157,017 1646385290
1 1 35 3,61 -12,12 -156,944 1646385291
1 1 35 3,36 -12,06 -157,072 1646385292
1 1 35 3,11 -12,12 -156,926 1646385292
1 1 35 2,93 -12,31 -156,901 1646385293
1 1 35 2,86 -12,56 -156,981 1646385293
1 1 35 2,93 -12,81 -156,913 1646385294
1 1 35 3,11 -12,99 -156,981 1646385294
1 1 35 3,36 -13,06 -156,987 1646385294
1 1 35 3,61 -12,99 -156,932 1646385295
1 1 35 3,80 -12,81 -156,895 1646385295
1 1 36 4,24 -4,24 -156,968 1646385296
1 1 36 4,74 -4,24 -157,035 1646385297
1 1 36 4,68 -3,99 -157,011 1646385297
1 1 36 4,49 -3,81 -156,987 1646385298
1 1 36 4,24 -3,74 -156,956 1646385298
1 1 36 3,99 -3,81 -156,987 1646385299
1 1 36 3,81 -3,99 -156,938 1646385299
1 1 36 3,74 -4,24 -156,932 1646385300
1 1 36 3,81 -4,49 -156,950 1646385301
1 1 36 3,99 -4,68 -156,913 1646385301
1 1 36 4,24 -4,74 -156,974 1646385301
1 1 36 4,49 -4,68 -156,913 1646385302
1 1 36 4,68 -4,49 -156,974 1646385302
1 1 37 27,00 0,00 -156,944 1646385304
1 1 37 27,50 0,00 -156,889 1646385305
1 1 37 27,43 0,25 -156,962 1646385305
1 1 37 27,25 0,43 -156,938 1646385306
1 1 37 27,00 0,50 -156,950 1646385306
1 1 37 26,75 0,43 -157,035 1646385307
1 1 37 26,57 0,25 -156,858 1646385307
1 1 37 26,50 0,00 -156,938 1646385307
1 1 37 26,57 -0,25 -156,956 1646385308
1 1 37 26,75 -0,43 -156,987 1646385308
1 1 37 27,00 -0,50 -156,938 1646385309
1 1 37 27,25 -0,43 -156,987 1646385309
1 1 37 27,43 -0,25 -156,974 1646385310
1 1 38 26,08 6,99 -156,956 1646385311
1 1 38 26,58 6,99 -156,858 1646385311
1 1 38 26,51 7,24 -156,956 1646385311
1 1 38 26,33 7,42 -156,877 1646385312
1 1 38 26,08 7,49 -156,956 1646385313
1 1 38 25,83 7,42 -156,968 1646385313
1 1 38 25,65 7,24 -156,956 1646385314
1 1 38 25,58 6,99 -156,956 1646385314
1 1 38 25,65 6,74 -156,962 1646385315
1 1 38 25,83 6,56 -156,962 1646385315
1 1 38 26,08 6,49 -156,871 1646385316
1 1 38 26,33 6,56 -156,938 1646385316
1 1 38 26,51 6,74 -156,779 1646385316
1 1 39 23,38 13,50 -156,944 1646385317
1 1 39 23,88 13,50 -156,938 1646385318
1 1 39 23,82 13,75 -156,974 1646385319
1 1 39 23,63 13,93 -156,968 1646385319
1 1 39 23,38 14,00 -156,938 1646385319
1 1 39 23,13 13,93 -156,944 1646385320
1 1 39 22,95 13,75 -156,956 1646385320
1 1 39 22,88 13,50 -156,974 1646385321
1 1 39 22,95 13,25 -156,974 1646385322
1 1 39 23,13 13,07 -156,901 1646385322
1 1 39 23,38 13,00 -156,950 1646385322
1 1 39 23,63 13,07 -156,962 1646385323
1 1 39 23,82 13,25 -156,919 1646385323
1 1 40 19,09 19,09 -156,883 1646385324
1 1 40 19,59 19,09 -156,962 1646385324
1 1 40 19,52 19,34 -156,907 1646385325
1 1 40 19,34 19,52 -156,932 1646385325
1 1 40 19,09 19,59 -156,944 1646385325
1 1 40 18,84 19,52 -156,901 1646385326
1 1 40 18,66 19,34 -157,011 1646385327
1 1 40 18,59 19,09 -156,877 1646385327
1 1 40 18,66 18,84 -156,944 1646385328
1 1 40 18,84 18,66 -156,950 1646385328
1 1 40 19,09 18,59 -156,950 1646385329
1 1 40 19,34 18,66 -156,987 1646385329
1 1 40 19,52 18,84 -156,999 1646385329
1 1 41 13,50 23,38 -156,950 1646385330
1 1 41 14,00 23,38 -156,981 1646385331
1 1 41 13,93 23,63 -156,987 1646385331
1 1 41 13,75 23,82 -156,944 1646385332
1 1 41 13,50 23,88 -156,938 1646385332
1 1 41 13,25 23,82 -156,981 1646385333
1 1 41 13,07 23,63 -156,883 1646385333
1 1 41 13,00 23,38 -156,993 1646385334
1 1 41 13,07 23,13 -156,938 1646385334
1 1 41 13,25 22,95 -156,919 1646385335
1 1 41 13,50 22,88 -156,907 1646385335
1 1 41 13,75 22,95 -156,907 1646385336
1 1 41 13,93 23,13 -156,987 1646385336
1 1 42 6,99 26,08 -156,944 1646385337
1 1 42 7,49 26,08 -156,981 1646385338
1 1 42 7,42 26,33 -156,993 1646385338
1 1 42 7,24 26,51 -156,944 1646385338
1 1 42 6,99 26,58 -156,938 1646385339
1 1 42 6,74 26,51 -156,938 1646385340
1 1 42 6,56 26,33 -157,017 1646385340
1 1 42 6,49 26,08 -156,950 1646385340
1 1 42 6,56 25,83 -156,889 1646385341
1 1 42 6,74 25,65 -157,017 1646385341
1 1 42 6,99 25,58 -156,987 1646385342
1 1 42 7,24 25,65 -156,932 1646385342
1 1 42 7,42 25,83 -156,901 1646385343
1 1 43 0,00 27,00 -156,981 1646385343
1 1 43 0,50 27,00 -156,950 1646385344
1 1 43 0,43 27,25 -156,987 1646385345
1 1 43 0,25 27,43 -156,932 1646385345
1 1 43 0,00 27,50 -156,913 1646385346
1 1 43 -0,25 27,43 -156,926 1646385346
1 1 43 -0,43 27,25 -156,913 1646385347
1 1 43 -0,50 27,00 -156,962 1646385347
1 1 43 -0,43 26,75 -156,987 1646385348
1 1 43 -0,25 26,57 -156,950 1646385348
1 1 43 0,00 26,50 -156,974 1646385349
1 1 43 0,25 26,57 -156,907 1646385350
1 1 43 0,43 26,75 -156,981 1646385350
1 1 44 -6,99 26,08 -156,913 1646385351
1 1 44 -6,49 26,08 -156,907 1646385351
1 1 44 -6,56 26,33 -157,011 1646385351
1 1 44 -6,74 26,51 -156,907 1646385352
1 1 44 -6,99 26,58 -156,956 1646385352
1 1 44 -7,24 26,51 -156,883 1646385353
1 1 44 -7,42 26,33 -156,938 1646385353
1 1 44 -7,49 26,08 -156,834 1646385353
1 1 44 -7,42 25,83 -156,871 1646385354
1 1 44 -7,24 25,65 -156,932 1646385354
1 1 44 -6,99 25,58 -156,968 1646385354
1 1 44 -6,74 25,65 -156,938 1646385355
1 1 44 -6,56 25,83 -156,962 1646385355
1 1 45 -13,50 23,38 -156,938 1646385356
1 1 45 -13,00 23,38 -156,944 1646385357
1 1 45 -13,07 23,63 -156,968 1646385357
1 1 45 -13,25 23,82 -156,956 1646385358
1 1 45 -13,50 23,88 -156,987 1646385358
1 1 45 -13,75 23,82 -156,938 1646385359
1 1 45 -13,93 23,63 -157,029 1646385359
1 1 45 -14,00 23,38 -156,950 1646385360
1 1 45 -13,93 23,13 -156,999 1646385360
1 1 45 -13,75 22,95 -156,999 1646385361
1 1 45 -13,50 22,88 -157,005 1646385361
1 1 45 -13,25 22,95 -156,926 1646385362
1 1 45 -13,07 23,13 -156,907 1646385362
1 1 46 -19,09 19,09 -156,944 1646385363
1 1 46 -18,59 19,09 -156,950 1646385364
1 1 46 -18,66 19,34 -156,987 1646385364
1 1 46 -18,84 19,52 -156,950 1646385364
1 1 46 -19,09 19,59 -156,950 1646385365
1 1 46 -19,34 19,52 -156,932 1646385366
1 1 46 -19,52 19,34 -156,944 1646385366
1 1 46 -19,59 19,09 -157,005 1646385366
1 1 46 -19,52 18,84 -156,932 1646385367
1 1 46 -19,34 18,66 -156,999 1646385367
1 1 46 -19,09 18,59 -156,993 1646385368
1 1 46 -18,84 18,66 -156,993 1646385369
1 1 46 -18,66 18,84 -156,999 1646385369
1 1 47 -23,38 13,50 -156,968 1646385370
1 1 47 -22,88 13,50 -157,005 1646385370
1 1 47 -22,95 13,75 -156,993 1646385370
1 1 47 -23,13 13,93 -156,944 1646385371
1 1 47 -23,38 14,00 -156,926 1646385372
1 1 47 -23,63 13,93 -156,919 1646385372
1 1 47 -23,82 13,75 -156,987 1646385372
1 1 47 -23,88 13,50 -156,944 1646385373
1 1 47 -23,82 13,25 -156,895 1646385374
1 1 47 -23,63 13,07 -157,060 1646385374
1 1 47 -23,38 13,00 -156,950 1646385374
1 1 47 -23,13 13,07 -156,956 1646385375
1 1 47 -22,95 13,25 -156,956 1646385375
1 1 48 -26,08 6,99 -157,139 1646385376
1 1 48 -25,58 6,99 -156,865 1646385377
1 1 48 -25,65 7,24 -156,950 1646385377
1 1 48 -25,83 7,42 -156,932 1646385377
1 1 48 -26,08 7,49 -157,139 1646385378
1 1 48 -26,33 7,42 -156,718 1646385379
1 1 48 -26,51 7,24 -156,950 1646385379
1 1 48 -26,58 6,99 -156,962 1646385379
1 1 48 -26,51 6,74 -156,962 1646385380
1 1 48 -26,33 6,56 -156,926 1646385380
1 1 48 -26,08 6,49 -156,944 1646385381
1 1 48 -25,83 6,56 -156,938 1646385382
1 1 48 -25,65 6,74 -156,944 1646385382
1 1 49 -27,00 0,00 -156,974 1646385383
1 1 49 -26,50 0,00 -156,932 1646385383
1 1 49 -26,57 0,25 -156,987 1646385384
1 1 49 -26,75 0,43 -156,913 1646385384
1 1 49 -27,00 0,50 -156,883 1646385385
1 1 49 -27,25 0,43 -156,981 1646385385
1 1 49 -27,43 0,25 -156,987 1646385386
1 1 49 -27,50 0,00 -156,981 1646385386
1 1 49 -27,43 -0,25 -156,981 1646385387
1 1 49 -27,25 -0,43 -156,901 1646385387
1 1 49 -27,00 -0,50 -156,968 1646385388
1 1 49 -26,75 -0,43 -156,987 1646385388
1 1 49 -26,57 -0,25 -156,962 1646385389
1 1 50 -26,08 -6,99 -156,993 1646385390
1 1 50 -25,58 -6,99 -156,987 1646385390
1 1 50 -25,65 -6,74 -157,060 1646385390
1 1 50 -25,83 -6,56 -156,834 1646385391
1 1 50 -26,08 -6,49 -156,974 1646385392
1 1 50 -26,33 -6,56 -157,035 1646385392
1 1 50 -26,51 -6,74 -156,877 1646385393
1 1 50 -26,58 -6,99 -156,944 1646385393
1 1 50 -26,51 -7,24 -156,999 1646385394
1 1 50 -26,33 -7,42 -156,999 1646385394
1 1 50 -26,08 -7,49 -156,907 1646385395
1 1 50 -25,83 -7,42 -156,840 1646385395
1 1 50 -25,65 -7,24 -157,078 1646385395
1 1 51 -23,38 -13,50 -156,962 1646385396
1 1 51 -22,88 -13,50 -156,901 1646385397
1 1 51 -22,95 -13,25 -156,950 1646385397
1 1 51 -23,13 -13,07 -157,017 1646385398
1 1 51 -23,38 -13,00 -156,987 1646385398
1 1 51 -23,63 -13,07 -156,999 1646385399
1 1 51 -23,82 -13,25 -156,938 1646385399
1 1 51 -23,88 -13,50 -156,987 1646385400
1 1 51 -23,82 -13,75 -157,048 1646385400
1 1 51 -23,63 -13,93 -156,968 1646385400
1 1 51 -23,38 -14,00 -156,938 1646385401
1 1 51 -23,13 -13,93 -156,950 1646385401
1 1 51 -22,95 -13,75 -156,938 1646385402
1 1 52 -19,09 -19,09 -156,944 1646385403
1 1 52 -18,59 -19,09 -156,981 1646385403
1 1 52 -18,66 -18,84 -156,993 1646385404
1 1 52 -18,84 -18,66 -157,017 1646385404
1 1 52 -19,09 -18,59 -156,926 1646385405
1 1 52 -19,34 -18,66 -156,944 1646385405
1 1 52 -19,52 -18,84 -156,919 1646385405
1 1 52 -19,59 -19,09 -156,950 1646385406
1 1 52 -19,52 -19,34 -156,956 1646385407
1 1 52 -19,34 -19,52 -156,993 1646385407
1 1 52 -19,09 -19,59 -156,883 1646385408
1 1 52 -18,84 -19,52 -156,944 1646385408
1 1 52 -18,66 -19,34 -156,938 1646385408
1 1 53 -13,50 -23,38 -156,907 1646385409
1 1 53 -13,00 -23,38 -156,871 1646385410
1 1 53 -13,07 -23,13 -156,987 1646385410
1 1 53 -13,25 -22,95 -156,950 1646385410
1 1 53 -13,50 -22,88 -156,987 1646385411
1 1 53 -13,75 -22,95 -156,950 1646385411
1 1 53 -13,93 -23,13 -157,035 1646385412
1 1 53 -14,00 -23,38 -157,048 1646385412
1 1 53 -13,93 -23,63 -156,950 1646385413
1 1 53 -13,75 -23,82 -156,974 1646385413
1 1 53 -13,50 -23,88 -156,962 1646385414
1 1 53 -13,25 -23,82 -156,956 1646385414
1 1 53 -13,07 -23,63 -156,944 1646385415
1 1 54 -6,99 -26,08 -156,987 1646385416
1 1 54 -6,49 -26,08 -156,968 1646385416
1 1 54 -6,56 -25,83 -156,944 1646385416
1 1 54 -6,74 -25,65 -156,950 1646385417
1 1 54 -6,99 -25,58 -156,907 1646385417
1 1 54 -7,24 -25,65 -156,913 1646385418
1 1 54 -7,42 -25,83 -156,950 1646385418
1 1 54 -7,49 -26,08 -156,944 1646385419
1 1 54 -7,42 -26,33 -156,974 1646385419
1 1 54 -7,24 -26,51 -156,956 1646385420
1 1 54 -6,99 -26,58 -156,938 1646385420
1 1 54 -6,74 -26,51 -156,981 1646385421
1 1 54 -6,56 -26,33 -156,950 1646385421
1 1 55 -0,00 -27,00 -156,993 1646385422
1 1 55 0,50 -27,00 -156,950 1646385422
1 1 55 0,43 -26,75 -156,938 1646385423
1 1 55 0,25 -26,57 -156,956 1646385423
1 1 55 -0,00 -26,50 -156,907 1646385424
1 1 55 -0,25 -26,57 -156,950 1646385425
1 1 55 -0,43 -26,75 -156,981 1646385425
1 1 55 -0,50 -27,00 -157,005 1646385426
1 1 55 -0,43 -27,25 -156,962 1646385426
1 1 55 -0,25 -27,43 -156,956 1646385426
1 1 55 -0,00 -27,50 -156,932 1646385427
1 1 55 0,25 -27,43 -156,926 1646385428
1 1 55 0,43 -27,25 -156,944 1646385428
1 1 56 6,99 -26,08 -156,919 1646385429
1 1 56 7,49 -26,08 -156,858 1646385429
1 1 56 7,42 -25,83 -156,968 1646385429
1 1 56 7,24 -25,65 -156,993 1646385430
1 1 56 6,99 -25,58 -156,932 1646385431
1 1 56 6,74 -25,65 -156,907 1646385431
1 1 56 6,56 -25,83 -156,938 1646385432
1 1 56 6,49 -26,08 -156,895 1646385432
1 1 56 6,56 -26,33 -156,950 1646385433
1 1 56 6,74 -26,51 -156,932 1646385433
1 1 56 6,99 -26,58 -157,005 1646385434
1 1 56 7,24 -26,51 -156,962 1646385434
1 1 56 7,42 -26,33 -156,962 1646385434
1 1 57 13,50 -23,38 -156,950 1646385435
1 1 57 14,00 -23,38 -156,987 1646385436
1 1 57 13,93 -23,13 -156,956 1646385436
1 1 57 13,75 -22,95 -156,999 1646385437
1 1 57 13,50 -22,88 -156,950 1646385437
1 1 57 13,25 -22,95 -157,005 1646385438
1 1 57 13,07 -23,13 -157,011 1646385438
1 1 57 13,00 -23,38 -156,962 1646385439
1 1 57 13,07 -23,63 -156,987 1646385439
1 1 57 13,25 -23,82 -156,938 1646385440
1 1 57 13,50 -23,88 -157,005 1646385440
1 1 57 13,75 -23,82 -156,938 1646385441
1 1 57 13,93 -23,63 -156,987 1646385441
1 1 58 19,09 -19,09 -156,932 1646385442
1 1 58 19,59 -19,09 -156,938 1646385442
1 1 58 19,52 -18,84 -156,895 1646385442
1 1 58 19,34 -18,66 -156,913 1646385443
1 1 58 19,09 -18,59 -156,950 1646385444
1 1 58 18,84 -18,66 -157,042 1646385444
1 1 58 18,66 -18,84 -156,895 1646385445
1 1 58 18,59 -19,09 -156,968 1646385445
1 1 58 18,66 -19,34 -156,993 1646385446
1 1 58 18,84 -19,52 -156,932 1646385446
1 1 58 19,09 -19,59 -156,944 1646385447
1 1 58 19,34 -19,52 -156,871 1646385447
1 1 58 19,52 -19,34 -156,889 1646385448
1 1 59 23,38 -13,50 -156,901 1646385448
1 1 59 23,88 -13,50 -157,005 1646385449
1 1 59 23,82 -13,25 -156,913 1646385450
1 1 59 23,63 -13,07 -156,987 1646385450
1 1 59 23,38 -13,00 -156,926 1646385451
1 1 59 23,13 -13,07 -156,938 1646385451
1 1 59 22,95 -13,25 -156,944 1646385452
1 1 59 22,88 -13,50 -156,993 1646385452
1 1 59 22,95 -13,75 -156,987 1646385453
1 1 59 23,13 -13,93 -156,974 1646385453
1 1 59 23,38 -14,00 -156,913 1646385453
1 1 59 23,63 -13,93 -156,962 1646385454
1 1 59 23,82 -13,75 -156,901 1646385454
1 1 60 26,08 -6,99 -156,974 1646385455
1 1 60 26,58 -6,99 -156,956 1646385456
1 1 60 26,51 -6,74 -156,944 1646385456
1 1 60 26,33 -6,56 -157,005 1646385457
1 1 60 26,08 -6,49 -156,956 1646385457
1 1 60 25,83 -6,56 -157,011 1646385458
1 1 60 25,65 -6,74 -156,950 1646385458
1 1 60 25,58 -6,99 -156,950 1646385459
1 1 60 25,65 -7,24 -156,932 1646385459
1 1 60 25,83 -7,42 -156,944 1646385460
1 1 60 26,08 -7,49 -156,962 1646385460
1 1 60 26,33 -7,42 -156,987 1646385461
1 1 60 26,51 -7,24 -156,950 1646385461
