1 1 1 4,24 4,24 -156,968 1646383800
1 1 1 4,74 4,24 -156,987 1646383801
1 1 1 4,68 4,49 -157,060 1646383801
1 1 1 4,49 4,68 -156,993 1646383801
1 1 1 4,24 4,74 -156,913 1646383802
1 1 1 3,99 4,68 -156,938 1646383802
1 1 1 3,81 4,49 -156,877 1646383803
1 1 1 3,74 4,24 -156,974 1646383803
1 1 1 3,81 3,99 -156,950 1646383803
1 1 1 3,99 3,81 -156,950 1646383803
1 1 1 4,24 3,74 -156,938 1646383803
1 1 1 4,49 3,81 -156,968 1646383804
1 1 1 4,68 3,99 -156,950 1646383804
1 1 2 3,36 12,56 -156,828 1646383805
1 1 2 3,86 12,56 -156,968 1646383805
1 1 2 3,80 12,81 -157,029 1646383806
1 1 2 3,61 12,99 -156,913 1646383806
1 1 2 3,36 13,06 -156,871 1646383806
1 1 2 3,11 12,99 -156,901 1646383806
1 1 2 2,93 12,81 -156,956 1646383806
1 1 2 2,86 12,56 -156,938 1646383807
1 1 2 2,93 12,31 -156,871 1646383807
1 1 2 3,11 12,12 -156,968 1646383807
1 1 2 3,36 12,06 -156,968 1646383807
1 1 2 3,61 12,12 -157,011 1646383808
1 1 2 3,80 12,31 -156,907 1646383808
1 1 3 9,19 9,19 -156,987 1646383809
1 1 3 9,69 9,19 -156,938 1646383809
1 1 3 9,63 9,44 -156,877 1646383809
1 1 3 9,44 9,63 -156,926 1646383810
1 1 3 9,19 9,69 -156,987 1646383810
1 1 3 8,94 9,63 -156,981 1646383810
1 1 3 8,76 9,44 -156,944 1646383810
1 1 3 8,69 9,19 -156,913 1646383811
1 1 3 8,76 8,94 -156,950 1646383811
1 1 3 8,94 8,76 -156,987 1646383811
1 1 3 9,19 8,69 -156,987 1646383811
1 1 3 9,44 8,76 -156,938 1646383811
1 1 3 9,63 8,94 -156,950 1646383812
1 1 4 12,56 3,36 -156,926 1646383813
1 1 4 13,06 3,36 -156,944 1646383813
1 1 4 12,99 3,61 -156,987 1646383813
1 1 4 12,81 3,80 -156,913 1646383813
1 1 4 12,56 3,86 -156,944 1646383814
1 1 4 12,31 3,80 -156,919 1646383814
1 1 4 12,12 3,61 -156,938 1646383814
1 1 4 12,06 3,36 -156,956 1646383814
1 1 4 12,12 3,11 -156,913 1646383815
1 1 4 12,31 2,93 -156,907 1646383815
1 1 4 12,56 2,86 -156,962 1646383815
1 1 4 12,81 2,93 -156,907 1646383815
1 1 4 12,99 3,11 -156,950 1646383816
1 1 5 19,32 5,18 -157,023 1646383816
1 1 5 19,82 5,18 -156,962 1646383817
1 1 5 19,75 5,43 -156,962 1646383817
1 1 5 19,57 5,61 -156,932 1646383817
1 1 5 19,32 5,68 -156,889 1646383818
1 1 5 19,07 5,61 -156,944 1646383818
1 1 5 18,89 5,43 -156,901 1646383818
1 1 5 18,82 5,18 -156,932 1646383818
1 1 5 18,89 4,93 -156,883 1646383818
1 1 5 19,07 4,74 -156,968 1646383819
1 1 5 19,32 4,68 -156,926 1646383819
1 1 5 19,57 4,74 -156,938 1646383819
1 1 5 19,75 4,93 -156,987 1646383819
1 1 6 17,32 10,00 -156,993 1646383820
1 1 6 17,82 10,00 -156,877 1646383821
1 1 6 17,75 10,25 -156,938 1646383821
1 1 6 17,57 10,43 -156,932 1646383821
1 1 6 17,32 10,50 -156,938 1646383821
1 1 6 17,07 10,43 -156,950 1646383822
1 1 6 16,89 10,25 -156,950 1646383822
1 1 6 16,82 10,00 -156,950 1646383822
1 1 6 16,89 9,75 -156,907 1646383822
1 1 6 17,07 9,57 -156,901 1646383823
1 1 6 17,32 9,50 -156,999 1646383823
1 1 6 17,57 9,57 -156,999 1646383823
1 1 6 17,75 9,75 -156,938 1646383823
1 1 7 14,14 14,14 -156,926 1646383824
1 1 7 14,64 14,14 -156,944 1646383824
1 1 7 14,58 14,39 -156,987 1646383825
1 1 7 14,39 14,58 -156,913 1646383825
1 1 7 14,14 14,64 -156,956 1646383825
1 1 7 13,89 14,58 -156,987 1646383825
1 1 7 13,71 14,39 -156,944 1646383826
1 1 7 13,64 14,14 -156,974 1646383826
1 1 7 13,71 13,89 -156,938 1646383826
1 1 7 13,89 13,71 -156,938 1646383826
1 1 7 14,14 13,64 -156,907 1646383826
1 1 7 14,39 13,71 -156,907 1646383827
1 1 7 14,58 13,89 -156,962 1646383827
1 1 8 10,00 17,32 -156,938 1646383828
1 1 8 10,50 17,32 -156,944 1646383828
1 1 8 10,43 17,57 -156,938 1646383828
1 1 8 10,25 17,75 -156,865 1646383829
1 1 8 10,00 17,82 -156,993 1646383829
1 1 8 9,75 17,75 -156,913 1646383829
1 1 8 9,57 17,57 -156,913 1646383829
1 1 8 9,50 17,32 -156,926 1646383830
1 1 8 9,57 17,07 -156,913 1646383830
1 1 8 9,75 16,89 -156,962 1646383830
1 1 8 10,00 16,82 -156,956 1646383830
1 1 8 10,25 16,89 -156,956 1646383831
1 1 8 10,43 17,07 -156,932 1646383831
1 1 9 5,18 19,32 -156,944 1646383832
1 1 9 5,68 19,32 -156,919 1646383832
1 1 9 5,61 19,57 -156,913 1646383832
1 1 9 5,43 19,75 -156,938 1646383832
1 1 9 5,18 19,82 -156,938 1646383833
1 1 9 4,93 19,75 -156,901 1646383833
1 1 9 4,74 19,57 -156,907 1646383833
1 1 9 4,68 19,32 -156,932 1646383833
1 1 9 4,74 19,07 -156,926 1646383834
1 1 9 4,93 18,89 -156,987 1646383834
1 1 9 5,18 18,82 -156,944 1646383834
1 1 9 5,43 18,89 -156,962 1646383834
1 1 9 5,61 19,07 -156,981 1646383835
1 1 10 -5,18 19,32 -156,968 1646383836
1 1 10 -4,68 19,32 -156,932 1646383836
1 1 10 -4,74 19,57 -156,962 1646383836
1 1 10 -4,93 19,75 -156,919 1646383837
1 1 10 -5,18 19,82 -156,950 1646383837
1 1 10 -5,43 19,75 -156,981 1646383837
1 1 10 -5,61 19,57 -156,950 1646383837
1 1 10 -5,68 19,32 -156,956 1646383837
1 1 10 -5,61 19,07 -157,011 1646383838
1 1 10 -5,43 18,89 -156,956 1646383838
1 1 10 -5,18 18,82 -156,956 1646383838
1 1 10 -4,93 18,89 -157,023 1646383838
1 1 10 -4,74 19,07 -156,950 1646383839
1 1 11 -10,00 17,32 -156,944 1646383839
1 1 11 -9,50 17,32 -156,999 1646383840
1 1 11 -9,57 17,57 -156,993 1646383840
1 1 11 -9,75 17,75 -156,907 1646383841
1 1 11 -10,00 17,82 -156,907 1646383841
1 1 11 -10,25 17,75 -156,987 1646383841
1 1 11 -10,43 17,57 -156,987 1646383841
1 1 11 -10,50 17,32 -156,932 1646383842
1 1 11 -10,43 17,07 -156,926 1646383842
1 1 11 -10,25 16,89 -157,005 1646383842
1 1 11 -10,00 16,82 -156,932 1646383842
1 1 11 -9,75 16,89 -156,981 1646383842
1 1 11 -9,57 17,07 -156,981 1646383843
1 1 12 -14,14 14,14 -157,023 1646383844
1 1 12 -13,64 14,14 -156,968 1646383844
1 1 12 -13,71 14,39 -156,938 1646383844
1 1 12 -13,89 14,58 -156,968 1646383844
1 1 12 -14,14 14,64 -157,005 1646383845
1 1 12 -14,39 14,58 -156,987 1646383845
1 1 12 -14,58 14,39 -156,846 1646383845
1 1 12 -14,64 14,14 -156,907 1646383845
1 1 12 -14,58 13,89 -156,962 1646383846
1 1 12 -14,39 13,71 -156,993 1646383846
1 1 12 -14,14 13,64 -156,968 1646383846
1 1 12 -13,89 13,71 -156,944 1646383846
1 1 12 -13,71 13,89 -156,919 1646383847
1 1 13 -17,32 10,00 -156,938 1646383847
1 1 13 -16,82 10,00 -157,029 1646383848
1 1 13 -16,89 10,25 -156,968 1646383848
1 1 13 -17,07 10,43 -157,035 1646383848
1 1 13 -17,32 10,50 -157,005 1646383848
1 1 13 -17,57 10,43 -156,950 1646383849
1 1 13 -17,75 10,25 -156,968 1646383849
1 1 13 -17,82 10,00 -156,968 1646383849
1 1 13 -17,75 9,75 -156,962 1646383849
1 1 13 -17,57 9,57 -156,987 1646383850
1 1 13 -17,32 9,50 -156,999 1646383850
1 1 13 -17,07 9,57 -156,987 1646383850
1 1 13 -16,89 9,75 -156,956 1646383850
1 1 14 -19,32 5,18 -157,023 1646383851
1 1 14 -18,82 5,18 -156,993 1646383852
1 1 14 -18,89 5,43 -156,974 1646383852
1 1 14 -19,07 5,61 -156,938 1646383852
1 1 14 -19,32 5,68 -156,993 1646383852
1 1 14 -19,57 5,61 -156,840 1646383853
1 1 14 -19,75 5,43 -156,907 1646383853
1 1 14 -19,82 5,18 -156,913 1646383853
1 1 14 -19,75 4,93 -156,889 1646383853
1 1 14 -19,57 4,74 -156,944 1646383854
1 1 14 -19,32 4,68 -156,944 1646383854
1 1 14 -19,07 4,74 -156,962 1646383854
1 1 14 -18,89 4,93 -156,999 1646383854
1 1 15 -12,56 3,36 -156,950 1646383855
1 1 15 -12,06 3,36 -156,981 1646383856
1 1 15 -12,12 3,61 -156,974 1646383856
1 1 15 -12,31 3,80 -156,944 1646383856
1 1 15 -12,56 3,86 -156,950 1646383856
1 1 15 -12,81 3,80 -156,938 1646383857
1 1 15 -12,99 3,61 -156,865 1646383857
1 1 15 -13,06 3,36 -156,962 1646383857
1 1 15 -12,99 3,11 -156,950 1646383857
1 1 15 -12,81 2,93 -156,974 1646383857
1 1 15 -12,56 2,86 -156,993 1646383858
1 1 15 -12,31 2,93 -156,944 1646383858
1 1 15 -12,12 3,11 -156,999 1646383858
1 1 16 -9,19 9,19 -156,999 1646383859
1 1 16 -8,69 9,19 -156,944 1646383859
1 1 16 -8,76 9,44 -157,127 1646383860
1 1 16 -8,94 9,63 -156,932 1646383860
1 1 16 -9,19 9,69 -156,907 1646383860
1 1 16 -9,44 9,63 -156,981 1646383860
1 1 16 -9,63 9,44 -156,950 1646383861
1 1 16 -9,69 9,19 -156,962 1646383861
1 1 16 -9,63 8,94 -156,999 1646383861
1 1 16 -9,44 8,76 -156,944 1646383861
1 1 16 -9,19 8,69 -156,974 1646383862
1 1 16 -8,94 8,76 -156,999 1646383862
1 1 16 -8,76 8,94 -156,871 1646383862
1 1 17 -3,36 12,56 -156,950 1646383863
1 1 17 -2,86 12,56 -156,956 1646383863
1 1 17 -2,93 12,81 -156,981 1646383863
1 1 17 -3,11 12,99 -156,950 1646383864
1 1 17 -3,36 13,06 -156,950 1646383864
1 1 17 -3,61 12,99 -156,962 1646383864
1 1 17 -3,80 12,81 -156,926 1646383864
1 1 17 -3,86 12,56 -156,974 1646383865
1 1 17 -3,80 12,31 -156,926 1646383865
1 1 17 -3,61 12,12 -156,987 1646383865
1 1 17 -3,36 12,06 -156,987 1646383865
1 1 17 -3,11 12,12 -156,950 1646383866
1 1 17 -2,93 12,31 -157,023 1646383866
1 1 18 -4,24 4,24 -157,005 1646383867
1 1 18 -3,74 4,24 -156,956 1646383867
1 1 18 -3,81 4,49 -156,938 1646383867
1 1 18 -3,99 4,68 -156,987 1646383868
1 1 18 -4,24 4,74 -156,932 1646383868
1 1 18 -4,49 4,68 -157,005 1646383868
1 1 18 -4,68 4,49 -156,950 1646383868
1 1 18 -4,74 4,24 -156,907 1646383869
1 1 18 -4,68 3,99 -156,987 1646383869
1 1 18 -4,49 3,81 -156,858 1646383869
1 1 18 -4,24 3,74 -156,950 1646383869
1 1 18 -3,99 3,81 -156,968 1646383870
1 1 18 -3,81 3,99 -156,974 1646383870
1 1 19 -4,24 -4,24 -157,011 1646383871
1 1 19 -3,74 -4,24 -157,023 1646383871
1 1 19 -3,81 -3,99 -156,999 1646383871
1 1 19 -3,99 -3,81 -156,968 1646383872
1 1 19 -4,24 -3,74 -156,938 1646383872
1 1 19 -4,49 -3,81 -156,974 1646383872
1 1 19 -4,68 -3,99 -156,950 1646383872
1 1 19 -4,74 -4,24 -157,005 1646383873
1 1 19 -4,68 -4,49 -156,999 1646383873
1 1 19 -4,49 -4,68 -156,944 1646383873
1 1 19 -4,24 -4,74 -156,956 1646383873
1 1 19 -3,99 -4,68 -156,926 1646383874
1 1 19 -3,81 -4,49 -156,974 1646383874
1 1 20 -3,36 -12,56 -156,981 1646383875
1 1 20 -2,86 -12,56 -156,950 1646383875
1 1 20 -2,93 -12,31 -156,938 1646383875
1 1 20 -3,11 -12,12 -156,932 1646383876
1 1 20 -3,36 -12,06 -157,017 1646383876
1 1 20 -3,61 -12,12 -156,889 1646383876
1 1 20 -3,80 -12,31 -156,962 1646383876
1 1 20 -3,86 -12,56 -156,981 1646383877
1 1 20 -3,80 -12,81 -156,944 1646383877
1 1 20 -3,61 -12,99 -156,956 1646383877
1 1 20 -3,36 -13,06 -156,919 1646383877
1 1 20 -3,11 -12,99 -156,987 1646383878
1 1 20 -2,93 -12,81 -156,987 1646383878
1 1 21 -9,19 -9,19 -157,017 1646383879
1 1 21 -8,69 -9,19 -156,987 1646383879
1 1 21 -8,76 -8,94 -156,987 1646383879
1 1 21 -8,94 -8,76 -156,956 1646383879
1 1 21 -9,19 -8,69 -156,950 1646383880
1 1 21 -9,44 -8,76 -156,944 1646383880
1 1 21 -9,63 -8,94 -156,907 1646383880
1 1 21 -9,69 -9,19 -156,913 1646383880
1 1 21 -9,63 -9,44 -156,907 1646383881
1 1 21 -9,44 -9,63 -156,962 1646383881
1 1 21 -9,19 -9,69 -156,987 1646383881
1 1 21 -8,94 -9,63 -156,895 1646383881
1 1 21 -8,76 -9,44 -157,005 1646383882
1 1 22 -12,56 -3,36 -156,962 1646383882
1 1 22 -12,06 -3,36 -157,029 1646383883
1 1 22 -12,12 -3,11 -157,054 1646383883
1 1 22 -12,31 -2,93 -157,005 1646383883
1 1 22 -12,56 -2,86 -156,981 1646383884
1 1 22 -12,81 -2,93 -156,932 1646383884
1 1 22 -12,99 -3,11 -156,993 1646383884
1 1 22 -13,06 -3,36 -156,907 1646383884
1 1 22 -12,99 -3,61 -156,938 1646383884
1 1 22 -12,81 -3,80 -157,005 1646383885
1 1 22 -12,56 -3,86 -156,901 1646383885
1 1 22 -12,31 -3,80 -156,962 1646383885
1 1 22 -12,12 -3,61 -156,987 1646383885
1 1 23 -19,32 -5,18 -156,913 1646383886
1 1 23 -18,82 -5,18 -156,938 1646383887
1 1 23 -18,89 -4,93 -156,907 1646383887
1 1 23 -19,07 -4,74 -156,987 1646383887
1 1 23 -19,32 -4,68 -156,962 1646383888
1 1 23 -19,57 -4,74 -156,987 1646383888
1 1 23 -19,75 -4,93 -156,968 1646383888
1 1 23 -19,82 -5,18 -156,907 1646383888
1 1 23 -19,75 -5,43 -156,938 1646383888
1 1 23 -19,57 -5,61 -156,840 1646383889
1 1 23 -19,32 -5,68 -156,938 1646383889
1 1 23 -19,07 -5,61 -156,944 1646383889
1 1 23 -18,89 -5,43 -156,962 1646383889
1 1 24 -17,32 -10,00 -156,987 1646383890
1 1 24 -16,82 -10,00 -156,999 1646383891
1 1 24 -16,89 -9,75 -156,999 1646383891
1 1 24 -17,07 -9,57 -156,962 1646383891
1 1 24 -17,32 -9,50 -156,938 1646383891
1 1 24 -17,57 -9,57 -156,926 1646383892
1 1 24 -17,75 -9,75 -156,926 1646383892
1 1 24 -17,82 -10,00 -156,993 1646383892
1 1 24 -17,75 -10,25 -156,932 1646383892
1 1 24 -17,57 -10,43 -157,048 1646383893
1 1 24 -17,32 -10,50 -157,121 1646383893
1 1 24 -17,07 -10,43 -156,932 1646383893
1 1 24 -16,89 -10,25 -156,962 1646383893
1 1 25 -14,14 -14,14 -156,950 1646383894
1 1 25 -13,64 -14,14 -156,895 1646383895
1 1 25 -13,71 -13,89 -156,913 1646383895
1 1 25 -13,89 -13,71 -156,950 1646383895
1 1 25 -14,14 -13,64 -156,944 1646383895
1 1 25 -14,39 -13,71 -156,871 1646383896
1 1 25 -14,58 -13,89 -156,962 1646383896
1 1 25 -14,64 -14,14 -156,877 1646383896
1 1 25 -14,58 -14,39 -156,950 1646383896
1 1 25 -14,39 -14,58 -156,919 1646383896
1 1 25 -14,14 -14,64 -156,987 1646383897
1 1 25 -13,89 -14,58 -156,962 1646383897
1 1 25 -13,71 -14,39 -156,950 1646383897
1 1 26 -10,00 -17,32 -157,005 1646383898
1 1 26 -9,50 -17,32 -157,011 1646383898
1 1 26 -9,57 -17,07 -157,005 1646383899
1 1 26 -9,75 -16,89 -156,950 1646383899
1 1 26 -10,00 -16,82 -156,956 1646383899
1 1 26 -10,25 -16,89 -156,968 1646383899
1 1 26 -10,43 -17,07 -156,993 1646383899
1 1 26 -10,50 -17,32 -156,907 1646383900
1 1 26 -10,43 -17,57 -156,950 1646383900
1 1 26 -10,25 -17,75 -156,987 1646383900
1 1 26 -10,00 -17,82 -156,926 1646383900
1 1 26 -9,75 -17,75 -156,993 1646383901
1 1 26 -9,57 -17,57 -156,938 1646383901
1 1 27 -5,18 -19,32 -156,938 1646383902
1 1 27 -4,68 -19,32 -156,956 1646383902
1 1 27 -4,74 -19,07 -156,932 1646383902
1 1 27 -4,93 -18,89 -156,956 1646383903
1 1 27 -5,18 -18,82 -156,907 1646383903
1 1 27 -5,43 -18,89 -156,987 1646383903
1 1 27 -5,61 -19,07 -156,938 1646383903
1 1 27 -5,68 -19,32 -156,938 1646383904
1 1 27 -5,61 -19,57 -156,913 1646383904
1 1 27 -5,43 -19,75 -156,999 1646383904
1 1 27 -5,18 -19,82 -156,938 1646383904
1 1 27 -4,93 -19,75 -156,999 1646383904
1 1 27 -4,74 -19,57 -156,962 1646383905
1 1 28 5,18 -19,32 -156,852 1646383906
1 1 28 5,68 -19,32 -156,913 1646383906
1 1 28 5,61 -19,07 -156,944 1646383906
1 1 28 5,43 -18,89 -156,962 1646383907
1 1 28 5,18 -18,82 -156,907 1646383907
1 1 28 4,93 -18,89 -156,944 1646383907
1 1 28 4,74 -19,07 -156,889 1646383907
1 1 28 4,68 -19,32 -156,938 1646383908
1 1 28 4,74 -19,57 -156,950 1646383908
1 1 28 4,93 -19,75 -156,956 1646383908
1 1 28 5,18 -19,82 -156,938 1646383908
1 1 28 5,43 -19,75 -156,944 1646383909
1 1 28 5,61 -19,57 -156,913 1646383909
1 1 29 10,00 -17,32 -156,956 1646383910
1 1 29 10,50 -17,32 -156,987 1646383910
1 1 29 10,43 -17,07 -157,011 1646383910
1 1 29 10,25 -16,89 -156,926 1646383910
1 1 29 10,00 -16,82 -156,938 1646383911
1 1 29 9,75 -16,89 -156,993 1646383911
1 1 29 9,57 -17,07 -156,871 1646383911
1 1 29 9,50 -17,32 -156,993 1646383911
1 1 29 9,57 -17,57 -156,950 1646383912
1 1 29 9,75 -17,75 -156,950 1646383912
1 1 29 10,00 -17,82 -156,987 1646383912
1 1 29 10,25 -17,75 -156,919 1646383912
1 1 29 10,43 -17,57 -156,993 1646383913
1 1 30 14,14 -14,14 -156,889 1646383913
1 1 30 14,64 -14,14 -156,950 1646383914
1 1 30 14,58 -13,89 -156,962 1646383914
1 1 30 14,39 -13,71 -156,987 1646383914
1 1 30 14,14 -13,64 -156,981 1646383915
1 1 30 13,89 -13,71 -156,944 1646383915
1 1 30 13,71 -13,89 -156,907 1646383915
1 1 30 13,64 -14,14 -156,944 1646383915
1 1 30 13,71 -14,39 -156,938 1646383916
1 1 30 13,89 -14,58 -156,950 1646383916
1 1 30 14,14 -14,64 -156,999 1646383916
1 1 30 14,39 -14,58 -156,926 1646383916
1 1 30 14,58 -14,39 -156,907 1646383917
1 1 31 17,32 -10,00 -156,950 1646383917
1 1 31 17,82 -10,00 -156,950 1646383918
1 1 31 17,75 -9,75 -157,005 1646383918
1 1 31 17,57 -9,57 -156,871 1646383918
1 1 31 17,32 -9,50 -156,938 1646383918
1 1 31 17,07 -9,57 -156,956 1646383919
1 1 31 16,89 -9,75 -156,932 1646383919
1 1 31 16,82 -10,00 -156,950 1646383919
1 1 31 16,89 -10,25 -156,956 1646383919
1 1 31 17,07 -10,43 -156,901 1646383920
1 1 31 17,32 -10,50 -156,877 1646383920
1 1 31 17,57 -10,43 -156,987 1646383920
1 1 31 17,75 -10,25 -157,011 1646383920
1 1 32 19,32 -5,18 -156,919 1646383921
1 1 32 19,82 -5,18 -156,901 1646383922
1 1 32 19,75 -4,93 -156,926 1646383922
1 1 32 19,57 -4,74 -156,950 1646383922
1 1 32 19,32 -4,68 -157,042 1646383922
1 1 32 19,07 -4,74 -156,926 1646383923
1 1 32 18,89 -4,93 -156,944 1646383923
1 1 32 18,82 -5,18 -156,950 1646383923
1 1 32 18,89 -5,43 -156,944 1646383923
1 1 32 19,07 -5,61 -156,962 1646383923
1 1 32 19,32 -5,68 -156,938 1646383924
1 1 32 19,57 -5,61 -157,023 1646383924
1 1 32 19,75 -5,43 -156,987 1646383924
1 1 33 12,56 -3,36 -156,987 1646383925
1 1 33 13,06 -3,36 -156,950 1646383926
1 1 33 12,99 -3,11 -157,011 1646383926
1 1 33 12,81 -2,93 -156,883 1646383926
1 1 33 12,56 -2,86 -156,962 1646383926
1 1 33 12,31 -2,93 -156,919 1646383926
1 1 33 12,12 -3,11 -156,932 1646383927
1 1 33 12,06 -3,36 -156,938 1646383927
1 1 33 12,12 -3,61 -156,932 1646383927
1 1 33 12,31 -3,80 -156,987 1646383927
1 1 33 12,56 -3,86 -156,950 1646383928
1 1 33 12,81 -3,80 -156,907 1646383928
1 1 33 12,99 -3,61 -156,932 1646383928
1 1 34 9,19 -9,19 -156,944 1646383929
1 1 34 9,69 -9,19 -156,944 1646383929
1 1 34 9,63 -8,94 -156,938 1646383930
1 1 34 9,44 -8,76 -156,926 1646383930
1 1 34 9,19 -8,69 -156,999 1646383930
1 1 34 8,94 -8,76 -156,987 1646383930
1 1 34 8,76 -8,94 -156,950 1646383931
1 1 34 8,69 -9,19 -156,956 1646383931
1 1 34 8,76 -9,44 -156,950 1646383931
1 1 34 8,94 -9,63 -156,938 1646383931
1 1 34 9,19 -9,69 -156,987 1646383932
1 1 34 9,44 -9,63 -156,938 1646383932
1 1 34 9,63 -9,44 -156,938 1646383932
1 1 35 3,36 -12,56 -157,084 1646383933
1 1 35 3,86 -12,56 -156,901 1646383934
1 1 35 3,80 -12,31 -157,023 1646383934
1 1 35 3,61 -12,12 -156,950 1646383934
1 1 35 3,36 -12,06 -157,072 1646383935
1 1 35 3,11 -12,12 -156,926 1646383935
1 1 35 2,93 -12,31 -156,895 1646383935
1 1 35 2,86 -12,56 -156,962 1646383936
1 1 35 2,93 -12,81 -156,901 1646383936
1 1 35 3,11 -12,99 -156,987 1646383937
1 1 35 3,36 -13,06 -156,993 1646383937
1 1 35 3,61 -12,99 -156,938 1646383937
1 1 35 3,80 -12,81 -156,895 1646383938
1 1 36 4,24 -4,24 -156,974 1646383939
1 1 36 4,74 -4,24 -157,029 1646383939
1 1 36 4,68 -3,99 -157,017 1646383940
1 1 36 4,49 -3,81 -156,987 1646383940
1 1 36 4,24 -3,74 -156,956 1646383941
1 1 36 3,99 -3,81 -156,987 1646383941
1 1 36 3,81 -3,99 -156,938 1646383942
1 1 36 3,74 -4,24 -156,932 1646383942
1 1 36 3,81 -4,49 -156,950 1646383943
1 1 36 3,99 -4,68 -156,926 1646383943
1 1 36 4,24 -4,74 -156,968 1646383944
1 1 36 4,49 -4,68 -156,913 1646383944
1 1 36 4,68 -4,49 -156,981 1646383944
1 1 37 27,00 0,00 -156,950 1646383946
1 1 37 27,50 0,00 -156,889 1646383947
1 1 37 27,43 0,25 -156,968 1646383947
1 1 37 27,25 0,43 -156,944 1646383948
1 1 37 27,00 0,50 -156,950 1646383948
1 1 37 26,75 0,43 -157,035 1646383949
1 1 37 26,57 0,25 -156,871 1646383949
1 1 37 26,50 0,00 -156,938 1646383950
1 1 37 26,57 -0,25 -156,956 1646383950
1 1 37 26,75 -0,43 -156,987 1646383951
1 1 37 27,00 -0,50 -156,938 1646383951
1 1 37 27,25 -0,43 -156,987 1646383952
1 1 37 27,43 -0,25 -156,981 1646383952
1 1 38 26,08 6,99 -156,962 1646383953
1 1 38 26,58 6,99 -156,871 1646383954
1 1 38 26,51 7,24 -156,950 1646383954
1 1 38 26,33 7,42 -156,877 1646383955
1 1 38 26,08 7,49 -156,956 1646383955
1 1 38 25,83 7,42 -156,974 1646383956
1 1 38 25,65 7,24 -156,962 1646383956
1 1 38 25,58 6,99 -156,956 1646383957
1 1 38 25,65 6,74 -156,968 1646383957
1 1 38 25,83 6,56 -156,968 1646383957
1 1 38 26,08 6,49 -156,871 1646383958
1 1 38 26,33 6,56 -156,938 1646383959
1 1 38 26,51 6,74 -156,779 1646383959
1 1 39 23,38 13,50 -156,944 1646383960
1 1 39 23,88 13,50 -156,938 1646383960
1 1 39 23,82 13,75 -156,981 1646383961
1 1 39 23,63 13,93 -156,968 1646383961
1 1 39 23,38 14,00 -156,938 1646383962
1 1 39 23,13 13,93 -156,944 1646383962
1 1 39 22,95 13,75 -156,968 1646383963
1 1 39 22,88 13,50 -156,974 1646383963
1 1 39 22,95 13,25 -156,974 1646383964
1 1 39 23,13 13,07 -156,901 1646383964
1 1 39 23,38 13,00 -156,950 1646383965
1 1 39 23,63 13,07 -156,962 1646383965
1 1 39 23,82 13,25 -156,926 1646383965
1 1 40 19,09 19,09 -156,883 1646383966
1 1 40 19,59 19,09 -156,956 1646383967
1 1 40 19,52 19,34 -156,907 1646383967
1 1 40 19,34 19,52 -156,932 1646383968
1 1 40 19,09 19,59 -156,944 1646383968
1 1 40 18,84 19,52 -156,907 1646383969
1 1 40 18,66 19,34 -157,011 1646383969
1 1 40 18,59 19,09 -156,877 1646383970
1 1 40 18,66 18,84 -156,944 1646383971
1 1 40 18,84 18,66 -156,950 1646383971
1 1 40 19,09 18,59 -156,950 1646383971
1 1 40 19,34 18,66 -156,987 1646383972
1 1 40 19,52 18,84 -156,993 1646383972
1 1 41 13,50 23,38 -156,950 1646383973
1 1 41 14,00 23,38 -156,987 1646383973
1 1 41 13,93 23,63 -156,999 1646383974
1 1 41 13,75 23,82 -156,950 1646383974
1 1 41 13,50 23,88 -156,938 1646383974
1 1 41 13,25 23,82 -156,974 1646383975
1 1 41 13,07 23,63 -156,883 1646383976
1 1 41 13,00 23,38 -156,999 1646383976
1 1 41 13,07 23,13 -156,938 1646383977
1 1 41 13,25 22,95 -156,919 1646383977
1 1 41 13,50 22,88 -156,907 1646383978
1 1 41 13,75 22,95 -156,907 1646383979
1 1 41 13,93 23,13 -156,987 1646383979
1 1 42 6,99 26,08 -156,944 1646383980
1 1 42 7,49 26,08 -156,981 1646383980
1 1 42 7,42 26,33 -156,993 1646383981
1 1 42 7,24 26,51 -156,950 1646383981
1 1 42 6,99 26,58 -156,938 1646383982
1 1 42 6,74 26,51 -156,944 1646383983
1 1 42 6,56 26,33 -157,023 1646383983
1 1 42 6,49 26,08 -156,956 1646383983
1 1 42 6,56 25,83 -156,889 1646383984
1 1 42 6,74 25,65 -157,023 1646383984
1 1 42 6,99 25,58 -156,987 1646383985
1 1 42 7,24 25,65 -156,938 1646383985
1 1 42 7,42 25,83 -156,901 1646383986
1 1 43 0,00 27,00 -156,981 1646383987
1 1 43 0,50 27,00 -156,950 1646383987
1 1 43 0,43 27,25 -156,993 1646383987
1 1 43 0,25 27,43 -156,938 1646383988
1 1 43 0,00 27,50 -156,919 1646383989
1 1 43 -0,25 27,43 -156,932 1646383989
1 1 43 -0,43 27,25 -156,907 1646383990
1 1 43 -0,50 27,00 -156,968 1646383990
1 1 43 -0,43 26,75 -156,993 1646383991
1 1 43 -0,25 26,57 -156,950 1646383991
1 1 43 0,00 26,50 -156,981 1646383992
1 1 43 0,25 26,57 -156,907 1646383992
1 1 43 0,43 26,75 -156,987 1646383992
1 1 44 -6,99 26,08 -156,919 1646383993
1 1 44 -6,49 26,08 -156,913 1646383994
1 1 44 -6,56 26,33 -157,011 1646383994
1 1 44 -6,74 26,51 -156,907 1646383994
1 1 44 -6,99 26,58 -156,962 1646383995
1 1 44 -7,24 26,51 -156,883 1646383995
1 1 44 -7,42 26,33 -156,944 1646383996
1 1 44 -7,49 26,08 -156,840 1646383996
1 1 44 -7,42 25,83 -156,877 1646383997
1 1 44 -7,24 25,65 -156,938 1646383997
1 1 44 -6,99 25,58 -156,968 1646383998
1 1 44 -6,74 25,65 -156,944 1646383998
1 1 44 -6,56 25,83 -156,968 1646383998
1 1 45 -13,50 23,38 -156,938 1646383999
1 1 45 -13,00 23,38 -156,944 1646384000
1 1 45 -13,07 23,63 -156,962 1646384000
1 1 45 -13,25 23,82 -156,962 1646384001
1 1 45 -13,50 23,88 -156,987 1646384001
1 1 45 -13,75 23,82 -156,944 1646384001
1 1 45 -13,93 23,63 -157,029 1646384002
1 1 45 -14,00 23,38 -156,938 1646384002
1 1 45 -13,93 23,13 -156,987 1646384002
1 1 45 -13,75 22,95 -156,999 1646384003
1 1 45 -13,50 22,88 -157,005 1646384003
1 1 45 -13,25 22,95 -156,932 1646384003
1 1 45 -13,07 23,13 -156,907 1646384004
1 1 46 -19,09 19,09 -156,944 1646384005
1 1 46 -18,59 19,09 -156,950 1646384006
1 1 46 -18,66 19,34 -156,987 1646384006
1 1 46 -18,84 19,52 -156,956 1646384006
1 1 46 -19,09 19,59 -156,956 1646384007
1 1 46 -19,34 19,52 -156,938 1646384008
1 1 46 -19,52 19,34 -156,944 1646384008
1 1 46 -19,59 19,09 -157,011 1646384008
1 1 46 -19,52 18,84 -156,926 1646384009
1 1 46 -19,34 18,66 -156,999 1646384009
1 1 46 -19,09 18,59 -156,993 1646384010
1 1 46 -18,84 18,66 -156,993 1646384010
1 1 46 -18,66 18,84 -156,999 1646384011
1 1 47 -23,38 13,50 -156,968 1646384012
1 1 47 -22,88 13,50 -157,005 1646384012
1 1 47 -22,95 13,75 -156,987 1646384013
1 1 47 -23,13 13,93 -156,944 1646384013
1 1 47 -23,38 14,00 -156,919 1646384014
1 1 47 -23,63 13,93 -156,932 1646384014
1 1 47 -23,82 13,75 -156,987 1646384014
1 1 47 -23,88 13,50 -156,944 1646384015
1 1 47 -23,82 13,25 -156,901 1646384016
1 1 47 -23,63 13,07 -157,060 1646384016
1 1 47 -23,38 13,00 -156,950 1646384017
1 1 47 -23,13 13,07 -156,956 1646384017
1 1 47 -22,95 13,25 -156,956 1646384017
1 1 48 -26,08 6,99 -157,145 1646384018
1 1 48 -25,58 6,99 -156,871 1646384019
1 1 48 -25,65 7,24 -156,950 1646384019
1 1 48 -25,83 7,42 -156,938 1646384019
1 1 48 -26,08 7,49 -157,133 1646384020
1 1 48 -26,33 7,42 -156,718 1646384020
1 1 48 -26,51 7,24 -156,968 1646384021
1 1 48 -26,58 6,99 -156,962 1646384021
1 1 48 -26,51 6,74 -156,962 1646384022
1 1 48 -26,33 6,56 -156,919 1646384022
1 1 48 -26,08 6,49 -156,950 1646384023
1 1 48 -25,83 6,56 -156,938 1646384023
1 1 48 -25,65 6,74 -156,944 1646384024
1 1 49 -27,00 0,00 -156,974 1646384025
1 1 49 -26,50 0,00 -156,938 1646384025
1 1 49 -26,57 0,25 -156,993 1646384025
1 1 49 -26,75 0,43 -156,913 1646384026
1 1 49 -27,00 0,50 -156,889 1646384026
1 1 49 -27,25 0,43 -156,987 1646384026
1 1 49 -27,43 0,25 -156,987 1646384027
1 1 49 -27,50 0,00 -156,974 1646384027
1 1 49 -27,43 -0,25 -156,962 1646384027
1 1 49 -27,25 -0,43 -156,901 1646384028
1 1 49 -27,00 -0,50 -156,968 1646384028
1 1 49 -26,75 -0,43 -156,993 1646384028
1 1 49 -26,57 -0,25 -156,968 1646384029
1 1 50 -26,08 -6,99 -156,999 1646384030
1 1 50 -25,58 -6,99 -156,987 1646384030
1 1 50 -25,65 -6,74 -157,066 1646384031
1 1 50 -25,83 -6,56 -156,834 1646384031
1 1 50 -26,08 -6,49 -156,981 1646384031
1 1 50 -26,33 -6,56 -157,035 1646384032
1 1 50 -26,51 -6,74 -156,871 1646384032
1 1 50 -26,58 -6,99 -156,938 1646384032
1 1 50 -26,51 -7,24 -156,999 1646384033
1 1 50 -26,33 -7,42 -156,999 1646384033
1 1 50 -26,08 -7,49 -156,907 1646384034
1 1 50 -25,83 -7,42 -156,840 1646384035
1 1 50 -25,65 -7,24 -157,078 1646384035
1 1 51 -23,38 -13,50 -156,968 1646384036
1 1 51 -22,88 -13,50 -156,895 1646384036
1 1 51 -22,95 -13,25 -156,944 1646384037
1 1 51 -23,13 -13,07 -157,017 1646384037
1 1 51 -23,38 -13,00 -156,993 1646384038
1 1 51 -23,63 -13,07 -157,005 1646384039
1 1 51 -23,82 -13,25 -156,938 1646384039
1 1 51 -23,88 -13,50 -156,987 1646384039
1 1 51 -23,82 -13,75 -157,048 1646384040
1 1 51 -23,63 -13,93 -156,968 1646384040
1 1 51 -23,38 -14,00 -156,938 1646384041
1 1 51 -23,13 -13,93 -156,950 1646384041
1 1 51 -22,95 -13,75 -156,938 1646384042
1 1 52 -19,09 -19,09 -156,944 1646384042
1 1 52 -18,59 -19,09 -156,974 1646384043
1 1 52 -18,66 -18,84 -156,987 1646384043
1 1 52 -18,84 -18,66 -157,017 1646384044
1 1 52 -19,09 -18,59 -156,932 1646384044
1 1 52 -19,34 -18,66 -156,944 1646384045
1 1 52 -19,52 -18,84 -156,926 1646384045
1 1 52 -19,59 -19,09 -156,950 1646384046
1 1 52 -19,52 -19,34 -156,956 1646384047
1 1 52 -19,34 -19,52 -156,999 1646384047
1 1 52 -19,09 -19,59 -156,889 1646384047
1 1 52 -18,84 -19,52 -156,950 1646384048
1 1 52 -18,66 -19,34 -156,938 1646384048
1 1 53 -13,50 -23,38 -156,913 1646384049
1 1 53 -13,00 -23,38 -156,871 1646384050
1 1 53 -13,07 -23,13 -156,987 1646384050
1 1 53 -13,25 -22,95 -156,950 1646384051
1 1 53 -13,50 -22,88 -156,993 1646384051
1 1 53 -13,75 -22,95 -156,956 1646384052
1 1 53 -13,93 -23,13 -157,035 1646384052
1 1 53 -14,00 -23,38 -157,048 1646384053
1 1 53 -13,93 -23,63 -156,950 1646384053
1 1 53 -13,75 -23,82 -156,981 1646384054
1 1 53 -13,50 -23,88 -156,962 1646384054
1 1 53 -13,25 -23,82 -156,956 1646384055
1 1 53 -13,07 -23,63 -156,944 1646384055
1 1 54 -6,99 -26,08 -156,987 1646384056
1 1 54 -6,49 -26,08 -156,968 1646384057
1 1 54 -6,56 -25,83 -156,944 1646384057
1 1 54 -6,74 -25,65 -156,950 1646384057
1 1 54 -6,99 -25,58 -156,907 1646384058
1 1 54 -7,24 -25,65 -156,919 1646384059
1 1 54 -7,42 -25,83 -156,950 1646384059
1 1 54 -7,49 -26,08 -156,950 1646384059
1 1 54 -7,42 -26,33 -156,968 1646384060
1 1 54 -7,24 -26,51 -156,956 1646384060
1 1 54 -6,99 -26,58 -156,938 1646384061
1 1 54 -6,74 -26,51 -156,981 1646384062
1 1 54 -6,56 -26,33 -156,950 1646384062
1 1 55 -0,00 -27,00 -156,999 1646384063
1 1 55 0,50 -27,00 -156,950 1646384063
1 1 55 0,43 -26,75 -156,938 1646384064
1 1 55 0,25 -26,57 -156,962 1646384064
1 1 55 -0,00 -26,50 -156,907 1646384065
1 1 55 -0,25 -26,57 -156,950 1646384065
1 1 55 -0,43 -26,75 -156,981 1646384066
1 1 55 -0,50 -27,00 -157,011 1646384066
1 1 55 -0,43 -27,25 -156,962 1646384067
1 1 55 -0,25 -27,43 -156,956 1646384067
1 1 55 -0,00 -27,50 -156,932 1646384068
1 1 55 0,25 -27,43 -156,932 1646384068
1 1 55 0,43 -27,25 -156,950 1646384068
1 1 56 6,99 -26,08 -156,919 1646384069
1 1 56 7,49 -26,08 -156,865 1646384070
1 1 56 7,42 -25,83 -156,956 1646384071
1 1 56 7,24 -25,65 -156,987 1646384071
1 1 56 6,99 -25,58 -156,932 1646384071
1 1 56 6,74 -25,65 -156,907 1646384072
1 1 56 6,56 -25,83 -156,944 1646384072
1 1 56 6,49 -26,08 -156,895 1646384073
1 1 56 6,56 -26,33 -156,950 1646384073
1 1 56 6,74 -26,51 -156,938 1646384074
1 1 56 6,99 -26,58 -157,005 1646384074
1 1 56 7,24 -26,51 -156,962 1646384075
1 1 56 7,42 -26,33 -156,962 1646384075
1 1 57 13,50 -23,38 -156,950 1646384076
1 1 57 14,00 -23,38 -156,987 1646384076
1 1 57 13,93 -23,13 -156,956 1646384077
1 1 57 13,75 -22,95 -156,999 1646384077
1 1 57 13,50 -22,88 -156,950 1646384078
1 1 57 13,25 -22,95 -157,005 1646384078
1 1 57 13,07 -23,13 -157,005 1646384079
1 1 57 13,00 -23,38 -156,962 1646384079
1 1 57 13,07 -23,63 -156,987 1646384080
1 1 57 13,25 -23,82 -156,932 1646384080
1 1 57 13,50 -23,88 -157,005 1646384081
1 1 57 13,75 -23,82 -156,938 1646384081
1 1 57 13,93 -23,63 -156,987 1646384081
1 1 58 19,09 -19,09 -156,932 1646384082
1 1 58 19,59 -19,09 -156,938 1646384083
1 1 58 19,52 -18,84 -156,895 1646384083
1 1 58 19,34 -18,66 -156,913 1646384084
1 1 58 19,09 -18,59 -156,950 1646384084
1 1 58 18,84 -18,66 -157,042 1646384085
1 1 58 18,66 -18,84 -156,901 1646384085
1 1 58 18,59 -19,09 -156,981 1646384086
1 1 58 18,66 -19,34 -156,999 1646384087
1 1 58 18,84 -19,52 -156,938 1646384087
1 1 58 19,09 -19,59 -156,944 1646384087
1 1 58 19,34 -19,52 -156,871 1646384088
1 1 58 19,52 -19,34 -156,883 1646384088
1 1 59 23,38 -13,50 -156,901 1646384089
1 1 59 23,88 -13,50 -157,005 1646384090
1 1 59 23,82 -13,25 -156,938 1646384090
1 1 59 23,63 -13,07 -156,993 1646384090
1 1 59 23,38 -13,00 -156,932 1646384091
1 1 59 23,13 -13,07 -156,938 1646384091
1 1 59 22,95 -13,25 -156,950 1646384092
1 1 59 22,88 -13,50 -156,993 1646384092
1 1 59 22,95 -13,75 -156,987 1646384093
1 1 59 23,13 -13,93 -156,981 1646384093
1 1 59 23,38 -14,00 -156,913 1646384094
1 1 59 23,63 -13,93 -156,968 1646384094
1 1 59 23,82 -13,75 -156,901 1646384095
1 1 60 26,08 -6,99 -156,981 1646384096
1 1 60 26,58 -6,99 -156,962 1646384096
1 1 60 26,51 -6,74 -156,950 1646384097
1 1 60 26,33 -6,56 -157,005 1646384097
1 1 60 26,08 -6,49 -156,962 1646384098
1 1 60 25,83 -6,56 -157,011 1646384098
1 1 60 25,65 -6,74 -156,950 1646384099
1 1 60 25,58 -6,99 -156,956 1646384099
1 1 60 25,65 -7,24 -156,932 1646384100
1 1 60 25,83 -7,42 -156,950 1646384100
1 1 60 26,08 -7,49 -156,962 1646384101
1 1 60 26,33 -7,42 -156,987 1646384101
1 1 60 26,51 -7,24 -156,950 1646384101
