1 1 1 4,24 4,24 -156,950 1646387178
1 1 1 4,74 4,24 -156,956 1646387179
1 1 1 4,68 4,49 -157,017 1646387179
1 1 1 4,49 4,68 -156,962 1646387179
1 1 1 4,24 4,74 -156,877 1646387180
1 1 1 3,99 4,68 -156,907 1646387180
1 1 1 3,81 4,49 -156,846 1646387180
1 1 1 3,74 4,24 -156,950 1646387180
1 1 1 3,81 3,99 -156,932 1646387181
1 1 1 3,99 3,81 -156,938 1646387181
1 1 1 4,24 3,74 -156,889 1646387181
1 1 1 4,49 3,81 -156,950 1646387181
1 1 1 4,68 3,99 -156,932 1646387182
1 1 2 3,36 12,56 -156,816 1646387182
1 1 2 3,86 12,56 -156,944 1646387183
1 1 2 3,80 12,81 -156,993 1646387183
1 1 2 3,61 12,99 -156,877 1646387183
1 1 2 3,36 13,06 -156,852 1646387184
1 1 2 3,11 12,99 -156,889 1646387184
1 1 2 2,93 12,81 -156,938 1646387184
1 1 2 2,86 12,56 -156,901 1646387184
1 1 2 2,93 12,31 -156,846 1646387185
1 1 2 3,11 12,12 -156,950 1646387185
1 1 2 3,36 12,06 -156,938 1646387185
1 1 2 3,61 12,12 -156,987 1646387185
1 1 2 3,80 12,31 -156,871 1646387186
1 1 3 9,19 9,19 -156,956 1646387186
1 1 3 9,69 9,19 -156,901 1646387187
1 1 3 9,63 9,44 -156,846 1646387187
1 1 3 9,44 9,63 -156,883 1646387187
1 1 3 9,19 9,69 -156,956 1646387187
1 1 3 8,94 9,63 -156,950 1646387188
1 1 3 8,76 9,44 -156,907 1646387188
1 1 3 8,69 9,19 -156,883 1646387188
1 1 3 8,76 8,94 -156,932 1646387189
1 1 3 8,94 8,76 -156,950 1646387189
1 1 3 9,19 8,69 -156,950 1646387189
1 1 3 9,44 8,76 -156,901 1646387189
1 1 3 9,63 8,94 -156,938 1646387190
1 1 4 12,56 3,36 -156,883 1646387190
1 1 4 13,06 3,36 -156,901 1646387191
1 1 4 12,99 3,61 -156,944 1646387191
1 1 4 12,81 3,80 -156,883 1646387191
1 1 4 12,56 3,86 -156,907 1646387192
1 1 4 12,31 3,80 -156,889 1646387192
1 1 4 12,12 3,61 -156,907 1646387192
1 1 4 12,06 3,36 -156,938 1646387192
1 1 4 12,12 3,11 -156,877 1646387192
1 1 4 12,31 2,93 -156,871 1646387193
1 1 4 12,56 2,86 -156,926 1646387193
1 1 4 12,81 2,93 -156,871 1646387193
1 1 4 12,99 3,11 -156,944 1646387193
1 1 5 19,32 5,18 -156,987 1646387194
1 1 5 19,82 5,18 -156,938 1646387195
1 1 5 19,75 5,43 -156,938 1646387195
1 1 5 19,57 5,61 -156,895 1646387195
1 1 5 19,32 5,68 -156,846 1646387195
1 1 5 19,07 5,61 -156,913 1646387196
1 1 5 18,89 5,43 -156,852 1646387196
1 1 5 18,82 5,18 -156,907 1646387196
1 1 5 18,89 4,93 -156,858 1646387196
1 1 5 19,07 4,74 -156,938 1646387197
1 1 5 19,32 4,68 -156,895 1646387197
1 1 5 19,57 4,74 -156,877 1646387197
1 1 5 19,75 4,93 -156,956 1646387197
1 1 6 17,32 10,00 -156,987 1646387198
1 1 6 17,82 10,00 -156,846 1646387199
1 1 6 17,75 10,25 -156,913 1646387199
1 1 6 17,57 10,43 -156,907 1646387199
1 1 6 17,32 10,50 -156,895 1646387199
1 1 6 17,07 10,43 -156,901 1646387199
1 1 6 16,89 10,25 -156,926 1646387200
1 1 6 16,82 10,00 -156,919 1646387200
1 1 6 16,89 9,75 -156,871 1646387200
1 1 6 17,07 9,57 -156,877 1646387200
1 1 6 17,32 9,50 -156,987 1646387201
1 1 6 17,57 9,57 -156,981 1646387201
1 1 6 17,75 9,75 -156,877 1646387201
1 1 7 14,14 14,14 -156,901 1646387202
1 1 7 14,64 14,14 -156,919 1646387202
1 1 7 14,58 14,39 -156,944 1646387203
1 1 7 14,39 14,58 -156,871 1646387203
1 1 7 14,14 14,64 -156,926 1646387203
1 1 7 13,89 14,58 -156,956 1646387203
1 1 7 13,71 14,39 -156,889 1646387204
1 1 7 13,64 14,14 -156,938 1646387204
1 1 7 13,71 13,89 -156,919 1646387204
1 1 7 13,89 13,71 -156,883 1646387204
1 1 7 14,14 13,64 -156,895 1646387204
1 1 7 14,39 13,71 -156,865 1646387205
1 1 7 14,58 13,89 -156,926 1646387205
1 1 8 10,00 17,32 -156,907 1646387206
1 1 8 10,50 17,32 -156,919 1646387206
1 1 8 10,43 17,57 -156,907 1646387206
1 1 8 10,25 17,75 -156,828 1646387207
1 1 8 10,00 17,82 -156,950 1646387207
1 1 8 9,75 17,75 -156,889 1646387207
1 1 8 9,57 17,57 -156,883 1646387207
1 1 8 9,50 17,32 -156,877 1646387208
1 1 8 9,57 17,07 -156,871 1646387208
1 1 8 9,75 16,89 -156,950 1646387208
1 1 8 10,00 16,82 -156,938 1646387208
1 1 8 10,25 16,89 -156,926 1646387209
1 1 8 10,43 17,07 -156,913 1646387209
1 1 9 5,18 19,32 -156,932 1646387210
1 1 9 5,68 19,32 -156,901 1646387210
1 1 9 5,61 19,57 -156,895 1646387210
1 1 9 5,43 19,75 -156,926 1646387211
1 1 9 5,18 19,82 -156,913 1646387211
1 1 9 4,93 19,75 -156,883 1646387211
1 1 9 4,74 19,57 -156,883 1646387211
1 1 9 4,68 19,32 -156,895 1646387212
1 1 9 4,74 19,07 -156,907 1646387212
1 1 9 4,93 18,89 -156,956 1646387212
1 1 9 5,18 18,82 -156,907 1646387212
1 1 9 5,43 18,89 -156,950 1646387213
1 1 9 5,61 19,07 -156,938 1646387213
1 1 10 -5,18 19,32 -156,938 1646387214
1 1 10 -4,68 19,32 -156,913 1646387214
1 1 10 -4,74 19,57 -156,938 1646387215
1 1 10 -4,93 19,75 -156,907 1646387215
1 1 10 -5,18 19,82 -156,944 1646387215
1 1 10 -5,43 19,75 -156,950 1646387215
1 1 10 -5,61 19,57 -156,938 1646387215
1 1 10 -5,68 19,32 -156,944 1646387216
1 1 10 -5,61 19,07 -156,981 1646387216
1 1 10 -5,43 18,89 -156,950 1646387216
1 1 10 -5,18 18,82 -156,901 1646387216
1 1 10 -4,93 18,89 -157,005 1646387217
1 1 10 -4,74 19,07 -156,944 1646387217
1 1 11 -10,00 17,32 -156,926 1646387218
1 1 11 -9,50 17,32 -156,987 1646387218
1 1 11 -9,57 17,57 -156,987 1646387218
1 1 11 -9,75 17,75 -156,871 1646387219
1 1 11 -10,00 17,82 -156,907 1646387219
1 1 11 -10,25 17,75 -156,950 1646387219
1 1 11 -10,43 17,57 -156,974 1646387219
1 1 11 -10,50 17,32 -156,907 1646387220
1 1 11 -10,43 17,07 -156,901 1646387220
1 1 11 -10,25 16,89 -156,993 1646387220
1 1 11 -10,00 16,82 -156,907 1646387220
1 1 11 -9,75 16,89 -156,956 1646387220
1 1 11 -9,57 17,07 -156,956 1646387221
1 1 12 -14,14 14,14 -157,017 1646387221
1 1 12 -13,64 14,14 -156,950 1646387222
1 1 12 -13,71 14,39 -156,913 1646387222
1 1 12 -13,89 14,58 -156,950 1646387222
1 1 12 -14,14 14,64 -156,987 1646387223
1 1 12 -14,39 14,58 -156,956 1646387223
1 1 12 -14,58 14,39 -156,834 1646387223
1 1 12 -14,64 14,14 -156,877 1646387223
1 1 12 -14,58 13,89 -156,956 1646387224
1 1 12 -14,39 13,71 -156,987 1646387224
1 1 12 -14,14 13,64 -156,956 1646387224
1 1 12 -13,89 13,71 -156,932 1646387224
1 1 12 -13,71 13,89 -156,913 1646387225
1 1 13 -17,32 10,00 -156,932 1646387225
1 1 13 -16,82 10,00 -156,993 1646387226
1 1 13 -16,89 10,25 -156,956 1646387226
1 1 13 -17,07 10,43 -157,011 1646387226
1 1 13 -17,32 10,50 -156,993 1646387227
1 1 13 -17,57 10,43 -156,932 1646387227
1 1 13 -17,75 10,25 -156,956 1646387227
1 1 13 -17,82 10,00 -156,950 1646387227
1 1 13 -17,75 9,75 -156,950 1646387228
1 1 13 -17,57 9,57 -156,956 1646387228
1 1 13 -17,32 9,50 -156,974 1646387228
1 1 13 -17,07 9,57 -156,968 1646387228
1 1 13 -16,89 9,75 -156,944 1646387229
1 1 14 -19,32 5,18 -156,999 1646387230
1 1 14 -18,82 5,18 -156,987 1646387230
1 1 14 -18,89 5,43 -156,950 1646387230
1 1 14 -19,07 5,61 -156,901 1646387230
1 1 14 -19,32 5,68 -156,987 1646387231
1 1 14 -19,57 5,61 -156,828 1646387231
1 1 14 -19,75 5,43 -156,907 1646387232
1 1 14 -19,82 5,18 -156,889 1646387232
1 1 14 -19,75 4,93 -156,871 1646387232
1 1 14 -19,57 4,74 -156,919 1646387232
1 1 14 -19,32 4,68 -156,913 1646387233
1 1 14 -19,07 4,74 -156,938 1646387233
1 1 14 -18,89 4,93 -156,968 1646387233
1 1 15 -12,56 3,36 -156,932 1646387234
1 1 15 -12,06 3,36 -156,950 1646387234
1 1 15 -12,12 3,61 -156,944 1646387235
1 1 15 -12,31 3,80 -156,932 1646387235
1 1 15 -12,56 3,86 -156,938 1646387235
1 1 15 -12,81 3,80 -156,913 1646387235
1 1 15 -12,99 3,61 -156,834 1646387236
1 1 15 -13,06 3,36 -156,926 1646387236
1 1 15 -12,99 3,11 -156,938 1646387236
1 1 15 -12,81 2,93 -156,944 1646387236
1 1 15 -12,56 2,86 -156,962 1646387236
1 1 15 -12,31 2,93 -156,907 1646387237
1 1 15 -12,12 3,11 -156,968 1646387237
1 1 16 -9,19 9,19 -156,993 1646387238
1 1 16 -8,69 9,19 -156,919 1646387238
1 1 16 -8,76 9,44 -157,096 1646387238
1 1 16 -8,94 9,63 -156,895 1646387239
1 1 16 -9,19 9,69 -156,889 1646387239
1 1 16 -9,44 9,63 -156,950 1646387239
1 1 16 -9,63 9,44 -156,938 1646387239
1 1 16 -9,69 9,19 -156,944 1646387240
1 1 16 -9,63 8,94 -156,993 1646387240
1 1 16 -9,44 8,76 -156,932 1646387240
1 1 16 -9,19 8,69 -156,950 1646387240
1 1 16 -8,94 8,76 -156,974 1646387241
1 1 16 -8,76 8,94 -156,846 1646387241
1 1 17 -3,36 12,56 -156,932 1646387242
1 1 17 -2,86 12,56 -156,938 1646387242
1 1 17 -2,93 12,81 -156,956 1646387242
1 1 17 -3,11 12,99 -156,938 1646387243
1 1 17 -3,36 13,06 -156,938 1646387243
1 1 17 -3,61 12,99 -156,938 1646387243
1 1 17 -3,80 12,81 -156,907 1646387243
1 1 17 -3,86 12,56 -156,950 1646387243
1 1 17 -3,80 12,31 -156,907 1646387244
1 1 17 -3,61 12,12 -156,956 1646387244
1 1 17 -3,36 12,06 -156,956 1646387244
1 1 17 -3,11 12,12 -156,932 1646387244
1 1 17 -2,93 12,31 -156,993 1646387245
1 1 18 -4,24 4,24 -156,987 1646387246
1 1 18 -3,74 4,24 -156,938 1646387246
1 1 18 -3,81 4,49 -156,907 1646387246
1 1 18 -3,99 4,68 -156,950 1646387246
1 1 18 -4,24 4,74 -156,919 1646387247
1 1 18 -4,49 4,68 -156,987 1646387247
1 1 18 -4,68 4,49 -156,938 1646387247
1 1 18 -4,74 4,24 -156,883 1646387247
1 1 18 -4,68 3,99 -156,956 1646387248
1 1 18 -4,49 3,81 -156,840 1646387248
1 1 18 -4,24 3,74 -156,938 1646387248
1 1 18 -3,99 3,81 -156,950 1646387248
1 1 18 -3,81 3,99 -156,950 1646387249
1 1 19 -4,24 -4,24 -156,993 1646387249
1 1 19 -3,74 -4,24 -156,993 1646387250
1 1 19 -3,81 -3,99 -156,987 1646387250
1 1 19 -3,99 -3,81 -156,950 1646387250
1 1 19 -4,24 -3,74 -156,913 1646387251
1 1 19 -4,49 -3,81 -156,950 1646387251
1 1 19 -4,68 -3,99 -156,926 1646387251
1 1 19 -4,74 -4,24 -156,968 1646387251
1 1 19 -4,68 -4,49 -156,981 1646387252
1 1 19 -4,49 -4,68 -156,919 1646387252
1 1 19 -4,24 -4,74 -156,944 1646387252
1 1 19 -3,99 -4,68 -156,901 1646387252
1 1 19 -3,81 -4,49 -156,950 1646387252
1 1 20 -3,36 -12,56 -156,944 1646387254
1 1 20 -2,86 -12,56 -156,938 1646387254
1 1 20 -2,93 -12,31 -156,926 1646387254
1 1 20 -3,11 -12,12 -156,907 1646387254
1 1 20 -3,36 -12,06 -156,987 1646387255
1 1 20 -3,61 -12,12 -156,871 1646387255
1 1 20 -3,80 -12,31 -156,950 1646387255
1 1 20 -3,86 -12,56 -156,950 1646387256
1 1 20 -3,80 -12,81 -156,938 1646387256
1 1 20 -3,61 -12,99 -156,938 1646387256
1 1 20 -3,36 -13,06 -156,889 1646387256
1 1 20 -3,11 -12,99 -156,956 1646387257
1 1 20 -2,93 -12,81 -156,956 1646387257
1 1 21 -9,19 -9,19 -156,993 1646387258
1 1 21 -8,69 -9,19 -156,950 1646387258
1 1 21 -8,76 -8,94 -156,962 1646387258
1 1 21 -8,94 -8,76 -156,938 1646387259
1 1 21 -9,19 -8,69 -156,932 1646387259
1 1 21 -9,44 -8,76 -156,907 1646387259
1 1 21 -9,63 -8,94 -156,901 1646387259
1 1 21 -9,69 -9,19 -156,877 1646387259
1 1 21 -9,63 -9,44 -156,907 1646387260
1 1 21 -9,44 -9,63 -156,950 1646387260
1 1 21 -9,19 -9,69 -156,962 1646387260
1 1 21 -8,94 -9,63 -156,865 1646387260
1 1 21 -8,76 -9,44 -156,968 1646387261
1 1 22 -12,56 -3,36 -156,938 1646387261
1 1 22 -12,06 -3,36 -156,999 1646387262
1 1 22 -12,12 -3,11 -157,035 1646387262
1 1 22 -12,31 -2,93 -156,987 1646387262
1 1 22 -12,56 -2,86 -156,944 1646387263
1 1 22 -12,81 -2,93 -156,901 1646387263
1 1 22 -12,99 -3,11 -156,981 1646387263
1 1 22 -13,06 -3,36 -156,877 1646387263
1 1 22 -12,99 -3,61 -156,907 1646387264
1 1 22 -12,81 -3,80 -156,981 1646387264
1 1 22 -12,56 -3,86 -156,871 1646387264
1 1 22 -12,31 -3,80 -156,938 1646387264
1 1 22 -12,12 -3,61 -156,956 1646387264
1 1 23 -19,32 -5,18 -156,889 1646387265
1 1 23 -18,82 -5,18 -156,907 1646387266
1 1 23 -18,89 -4,93 -156,877 1646387266
1 1 23 -19,07 -4,74 -156,962 1646387266
1 1 23 -19,32 -4,68 -156,932 1646387267
1 1 23 -19,57 -4,74 -156,950 1646387267
1 1 23 -19,75 -4,93 -156,950 1646387267
1 1 23 -19,82 -5,18 -156,901 1646387267
1 1 23 -19,75 -5,43 -156,907 1646387267
1 1 23 -19,57 -5,61 -156,810 1646387268
1 1 23 -19,32 -5,68 -156,895 1646387268
1 1 23 -19,07 -5,61 -156,913 1646387268
1 1 23 -18,89 -5,43 -156,938 1646387268
1 1 24 -17,32 -10,00 -156,944 1646387269
1 1 24 -16,82 -10,00 -156,968 1646387270
1 1 24 -16,89 -9,75 -156,968 1646387270
1 1 24 -17,07 -9,57 -156,938 1646387270
1 1 24 -17,32 -9,50 -156,913 1646387270
1 1 24 -17,57 -9,57 -156,889 1646387271
1 1 24 -17,75 -9,75 -156,895 1646387271
1 1 24 -17,82 -10,00 -156,950 1646387271
1 1 24 -17,75 -10,25 -156,858 1646387271
1 1 24 -17,57 -10,43 -157,011 1646387272
1 1 24 -17,32 -10,50 -157,103 1646387272
1 1 24 -17,07 -10,43 -156,907 1646387272
1 1 24 -16,89 -10,25 -156,932 1646387272
1 1 25 -14,14 -14,14 -156,938 1646387273
1 1 25 -13,64 -14,14 -156,871 1646387273
1 1 25 -13,71 -13,89 -156,877 1646387274
1 1 25 -13,89 -13,71 -156,932 1646387274
1 1 25 -14,14 -13,64 -156,919 1646387274
1 1 25 -14,39 -13,71 -156,840 1646387274
1 1 25 -14,58 -13,89 -156,950 1646387275
1 1 25 -14,64 -14,14 -156,865 1646387275
1 1 25 -14,58 -14,39 -156,913 1646387275
1 1 25 -14,39 -14,58 -156,889 1646387275
1 1 25 -14,14 -14,64 -156,987 1646387275
1 1 25 -13,89 -14,58 -156,938 1646387276
1 1 25 -13,71 -14,39 -156,919 1646387276
1 1 26 -10,00 -17,32 -157,005 1646387277
1 1 26 -9,50 -17,32 -156,956 1646387277
1 1 26 -9,57 -17,07 -156,987 1646387278
1 1 26 -9,75 -16,89 -156,932 1646387278
1 1 26 -10,00 -16,82 -156,938 1646387279
1 1 26 -10,25 -16,89 -156,938 1646387279
1 1 26 -10,43 -17,07 -156,956 1646387280
1 1 26 -10,50 -17,32 -156,877 1646387280
1 1 26 -10,43 -17,57 -156,907 1646387281
1 1 26 -10,25 -17,75 -156,950 1646387281
1 1 26 -10,00 -17,82 -156,895 1646387282
1 1 26 -9,75 -17,75 -156,981 1646387282
1 1 26 -9,57 -17,57 -156,907 1646387283
1 1 27 -5,18 -19,32 -156,901 1646387284
1 1 27 -4,68 -19,32 -156,944 1646387284
1 1 27 -4,74 -19,07 -156,907 1646387284
1 1 27 -4,93 -18,89 -156,938 1646387285
1 1 27 -5,18 -18,82 -156,895 1646387285
1 1 27 -5,43 -18,89 -156,944 1646387285
1 1 27 -5,61 -19,07 -156,913 1646387286
1 1 27 -5,68 -19,32 -156,938 1646387287
1 1 27 -5,61 -19,57 -156,913 1646387287
1 1 27 -5,43 -19,75 -156,974 1646387287
1 1 27 -5,18 -19,82 -156,895 1646387288
1 1 27 -4,93 -19,75 -156,968 1646387288
1 1 27 -4,74 -19,57 -156,944 1646387289
1 1 28 5,18 -19,32 -156,834 1646387290
1 1 28 5,68 -19,32 -156,907 1646387290
1 1 28 5,61 -19,07 -156,926 1646387290
1 1 28 5,43 -18,89 -156,938 1646387291
1 1 28 5,18 -18,82 -156,895 1646387291
1 1 28 4,93 -18,89 -156,913 1646387292
1 1 28 4,74 -19,07 -156,883 1646387292
1 1 28 4,68 -19,32 -156,944 1646387292
1 1 28 4,74 -19,57 -156,956 1646387293
1 1 28 4,93 -19,75 -156,938 1646387293
1 1 28 5,18 -19,82 -156,919 1646387294
1 1 28 5,43 -19,75 -156,950 1646387295
1 1 28 5,61 -19,57 -156,907 1646387295
1 1 29 10,00 -17,32 -156,950 1646387296
1 1 29 10,50 -17,32 -156,956 1646387296
1 1 29 10,43 -17,07 -156,993 1646387296
1 1 29 10,25 -16,89 -156,907 1646387297
1 1 29 10,00 -16,82 -156,950 1646387297
1 1 29 9,75 -16,89 -156,974 1646387297
1 1 29 9,57 -17,07 -156,871 1646387298
1 1 29 9,50 -17,32 -156,993 1646387299
1 1 29 9,57 -17,57 -156,956 1646387299
1 1 29 9,75 -17,75 -156,938 1646387300
1 1 29 10,00 -17,82 -156,974 1646387300
1 1 29 10,25 -17,75 -156,901 1646387301
1 1 29 10,43 -17,57 -156,968 1646387301
1 1 30 14,14 -14,14 -156,877 1646387302
1 1 30 14,64 -14,14 -156,913 1646387302
1 1 30 14,58 -13,89 -156,938 1646387302
1 1 30 14,39 -13,71 -156,962 1646387303
1 1 30 14,14 -13,64 -156,987 1646387303
1 1 30 13,89 -13,71 -156,926 1646387303
1 1 30 13,71 -13,89 -156,877 1646387304
1 1 30 13,64 -14,14 -156,932 1646387304
1 1 30 13,71 -14,39 -156,913 1646387305
1 1 30 13,89 -14,58 -156,938 1646387305
1 1 30 14,14 -14,64 -156,987 1646387305
1 1 30 14,39 -14,58 -156,926 1646387306
1 1 30 14,58 -14,39 -156,895 1646387306
1 1 31 17,32 -10,00 -156,938 1646387307
1 1 31 17,82 -10,00 -156,907 1646387307
1 1 31 17,75 -9,75 -156,993 1646387308
1 1 31 17,57 -9,57 -156,858 1646387308
1 1 31 17,32 -9,50 -156,932 1646387309
1 1 31 17,07 -9,57 -156,932 1646387310
1 1 31 16,89 -9,75 -156,907 1646387310
1 1 31 16,82 -10,00 -156,950 1646387311
1 1 31 16,89 -10,25 -156,944 1646387311
1 1 31 17,07 -10,43 -156,901 1646387312
1 1 31 17,32 -10,50 -156,858 1646387312
1 1 31 17,57 -10,43 -156,974 1646387313
1 1 31 17,75 -10,25 -156,987 1646387313
1 1 32 19,32 -5,18 -156,913 1646387314
1 1 32 19,82 -5,18 -156,907 1646387314
1 1 32 19,75 -4,93 -156,901 1646387315
1 1 32 19,57 -4,74 -156,944 1646387315
1 1 32 19,32 -4,68 -157,005 1646387315
1 1 32 19,07 -4,74 -156,895 1646387316
1 1 32 18,89 -4,93 -156,926 1646387316
1 1 32 18,82 -5,18 -156,944 1646387316
1 1 32 18,89 -5,43 -156,938 1646387317
1 1 32 19,07 -5,61 -156,944 1646387317
1 1 32 19,32 -5,68 -156,901 1646387317
1 1 32 19,57 -5,61 -157,005 1646387318
1 1 32 19,75 -5,43 -156,974 1646387318
1 1 33 12,56 -3,36 -156,956 1646387319
1 1 33 13,06 -3,36 -156,944 1646387320
1 1 33 12,99 -3,11 -156,981 1646387320
1 1 33 12,81 -2,93 -156,852 1646387321
1 1 33 12,56 -2,86 -156,950 1646387321
1 1 33 12,31 -2,93 -156,871 1646387322
1 1 33 12,12 -3,11 -156,895 1646387322
1 1 33 12,06 -3,36 -156,932 1646387323
1 1 33 12,12 -3,61 -156,907 1646387323
1 1 33 12,31 -3,80 -156,962 1646387324
1 1 33 12,56 -3,86 -156,938 1646387324
1 1 33 12,81 -3,80 -156,877 1646387325
1 1 33 12,99 -3,61 -156,895 1646387325
1 1 34 9,19 -9,19 -156,938 1646387326
1 1 34 9,69 -9,19 -156,926 1646387327
1 1 34 9,63 -8,94 -156,907 1646387327
1 1 34 9,44 -8,76 -156,895 1646387327
1 1 34 9,19 -8,69 -156,993 1646387328
1 1 34 8,94 -8,76 -156,944 1646387329
1 1 34 8,76 -8,94 -156,938 1646387329
1 1 34 8,69 -9,19 -156,950 1646387329
1 1 34 8,76 -9,44 -156,907 1646387330
1 1 34 8,94 -9,63 -156,913 1646387330
1 1 34 9,19 -9,69 -156,938 1646387331
1 1 34 9,44 -9,63 -156,889 1646387331
1 1 34 9,63 -9,44 -156,919 1646387332
1 1 35 3,36 -12,56 -157,066 1646387333
1 1 35 3,86 -12,56 -156,883 1646387333
1 1 35 3,80 -12,31 -156,999 1646387334
1 1 35 3,61 -12,12 -156,938 1646387334
1 1 35 3,36 -12,06 -157,054 1646387335
1 1 35 3,11 -12,12 -156,883 1646387335
1 1 35 2,93 -12,31 -156,871 1646387335
1 1 35 2,86 -12,56 -156,968 1646387336
1 1 35 2,93 -12,81 -156,877 1646387337
1 1 35 3,11 -12,99 -156,974 1646387337
1 1 35 3,36 -13,06 -156,956 1646387338
1 1 35 3,61 -12,99 -156,907 1646387338
1 1 35 3,80 -12,81 -156,865 1646387339
1 1 36 4,24 -4,24 -156,938 1646387339
1 1 36 4,74 -4,24 -157,005 1646387340
1 1 36 4,68 -3,99 -156,993 1646387341
1 1 36 4,49 -3,81 -156,968 1646387341
1 1 36 4,24 -3,74 -156,932 1646387342
1 1 36 3,99 -3,81 -156,962 1646387342
1 1 36 3,81 -3,99 -156,919 1646387342
1 1 36 3,74 -4,24 -156,907 1646387343
1 1 36 3,81 -4,49 -156,938 1646387344
1 1 36 3,99 -4,68 -156,889 1646387344
1 1 36 4,24 -4,74 -156,944 1646387344
1 1 36 4,49 -4,68 -156,907 1646387345
1 1 36 4,68 -4,49 -156,956 1646387345
1 1 37 27,00 0,00 -156,926 1646387347
1 1 37 27,50 0,00 -156,871 1646387347
1 1 37 27,43 0,25 -156,938 1646387348
1 1 37 27,25 0,43 -156,907 1646387348
1 1 37 27,00 0,50 -156,938 1646387349
1 1 37 26,75 0,43 -156,999 1646387349
1 1 37 26,57 0,25 -156,852 1646387350
1 1 37 26,50 0,00 -156,895 1646387350
1 1 37 26,57 -0,25 -156,919 1646387351
1 1 37 26,75 -0,43 -156,950 1646387351
1 1 37 27,00 -0,50 -156,901 1646387352
1 1 37 27,25 -0,43 -156,950 1646387352
1 1 37 27,43 -0,25 -156,944 1646387353
1 1 38 26,08 6,99 -156,919 1646387354
1 1 38 26,58 6,99 -156,846 1646387354
1 1 38 26,51 7,24 -156,913 1646387355
1 1 38 26,33 7,42 -156,852 1646387355
1 1 38 26,08 7,49 -156,932 1646387356
1 1 38 25,83 7,42 -156,938 1646387356
1 1 38 25,65 7,24 -156,938 1646387357
1 1 38 25,58 6,99 -156,913 1646387357
1 1 38 25,65 6,74 -156,932 1646387358
1 1 38 25,83 6,56 -156,938 1646387358
1 1 38 26,08 6,49 -156,852 1646387359
1 1 38 26,33 6,56 -156,883 1646387359
1 1 38 26,51 6,74 -156,742 1646387360
1 1 39 23,38 13,50 -156,883 1646387360
1 1 39 23,88 13,50 -156,883 1646387361
1 1 39 23,82 13,75 -156,944 1646387362
1 1 39 23,63 13,93 -156,938 1646387362
1 1 39 23,38 14,00 -156,883 1646387363
1 1 39 23,13 13,93 -156,907 1646387363
1 1 39 22,95 13,75 -156,938 1646387364
1 1 39 22,88 13,50 -156,944 1646387364
1 1 39 22,95 13,25 -156,944 1646387365
1 1 39 23,13 13,07 -156,865 1646387365
1 1 39 23,38 13,00 -156,907 1646387366
1 1 39 23,63 13,07 -156,938 1646387366
1 1 39 23,82 13,25 -156,877 1646387366
1 1 40 19,09 19,09 -156,846 1646387367
1 1 40 19,59 19,09 -156,919 1646387368
1 1 40 19,52 19,34 -156,871 1646387368
1 1 40 19,34 19,52 -156,858 1646387369
1 1 40 19,09 19,59 -156,907 1646387369
1 1 40 18,84 19,52 -156,871 1646387370
1 1 40 18,66 19,34 -156,962 1646387370
1 1 40 18,59 19,09 -156,852 1646387371
1 1 40 18,66 18,84 -156,901 1646387371
1 1 40 18,84 18,66 -156,932 1646387371
1 1 40 19,09 18,59 -156,913 1646387372
1 1 40 19,34 18,66 -156,956 1646387373
1 1 40 19,52 18,84 -156,968 1646387373
1 1 41 13,50 23,38 -156,944 1646387374
1 1 41 14,00 23,38 -156,950 1646387374
1 1 41 13,93 23,63 -156,950 1646387375
1 1 41 13,75 23,82 -156,913 1646387375
1 1 41 13,50 23,88 -156,907 1646387376
1 1 41 13,25 23,82 -156,956 1646387376
1 1 41 13,07 23,63 -156,840 1646387377
1 1 41 13,00 23,38 -156,987 1646387377
1 1 41 13,07 23,13 -156,871 1646387378
1 1 41 13,25 22,95 -156,889 1646387378
1 1 41 13,50 22,88 -156,858 1646387379
1 1 41 13,75 22,95 -156,895 1646387379
1 1 41 13,93 23,13 -156,944 1646387380
1 1 42 6,99 26,08 -156,913 1646387381
1 1 42 7,49 26,08 -156,962 1646387381
1 1 42 7,42 26,33 -156,987 1646387381
1 1 42 7,24 26,51 -156,919 1646387382
1 1 42 6,99 26,58 -156,907 1646387382
1 1 42 6,74 26,51 -156,926 1646387382
1 1 42 6,56 26,33 -156,981 1646387383
1 1 42 6,49 26,08 -156,944 1646387383
1 1 42 6,56 25,83 -156,901 1646387383
1 1 42 6,74 25,65 -156,999 1646387384
1 1 42 6,99 25,58 -156,938 1646387385
1 1 42 7,24 25,65 -156,901 1646387385
1 1 42 7,42 25,83 -156,871 1646387385
1 1 43 0,00 27,00 -156,932 1646387386
1 1 43 0,50 27,00 -156,950 1646387387
1 1 43 0,43 27,25 -156,993 1646387387
1 1 43 0,25 27,43 -156,913 1646387388
1 1 43 0,00 27,50 -156,926 1646387388
1 1 43 -0,25 27,43 -156,919 1646387389
1 1 43 -0,43 27,25 -156,901 1646387389
1 1 43 -0,50 27,00 -156,956 1646387390
1 1 43 -0,43 26,75 -156,956 1646387390
1 1 43 -0,25 26,57 -156,944 1646387391
1 1 43 0,00 26,50 -156,968 1646387391
1 1 43 0,25 26,57 -156,883 1646387392
1 1 43 0,43 26,75 -156,962 1646387392
1 1 44 -6,99 26,08 -156,901 1646387393
1 1 44 -6,49 26,08 -156,950 1646387393
1 1 44 -6,56 26,33 -156,999 1646387394
1 1 44 -6,74 26,51 -156,907 1646387394
1 1 44 -6,99 26,58 -156,950 1646387395
1 1 44 -7,24 26,51 -156,871 1646387396
1 1 44 -7,42 26,33 -156,950 1646387396
1 1 44 -7,49 26,08 -156,840 1646387396
1 1 44 -7,42 25,83 -156,865 1646387397
1 1 44 -7,24 25,65 -156,938 1646387397
1 1 44 -6,99 25,58 -156,987 1646387398
1 1 44 -6,74 25,65 -156,926 1646387398
1 1 44 -6,56 25,83 -156,956 1646387399
1 1 45 -13,50 23,38 -156,938 1646387400
1 1 45 -13,00 23,38 -156,956 1646387400
1 1 45 -13,07 23,63 -156,956 1646387401
1 1 45 -13,25 23,82 -156,962 1646387401
1 1 45 -13,50 23,88 -156,987 1646387402
1 1 45 -13,75 23,82 -156,926 1646387402
1 1 45 -13,93 23,63 -157,011 1646387403
1 1 45 -14,00 23,38 -156,919 1646387403
1 1 45 -13,93 23,13 -156,981 1646387404
1 1 45 -13,75 22,95 -156,999 1646387404
1 1 45 -13,50 22,88 -156,987 1646387405
1 1 45 -13,25 22,95 -156,919 1646387405
1 1 45 -13,07 23,13 -156,913 1646387406
1 1 46 -19,09 19,09 -156,919 1646387407
1 1 46 -18,59 19,09 -156,932 1646387407
1 1 46 -18,66 19,34 -156,987 1646387407
1 1 46 -18,84 19,52 -156,944 1646387408
1 1 46 -19,09 19,59 -156,944 1646387409
1 1 46 -19,34 19,52 -156,907 1646387409
1 1 46 -19,52 19,34 -156,944 1646387410
1 1 46 -19,59 19,09 -156,968 1646387410
1 1 46 -19,52 18,84 -156,913 1646387411
1 1 46 -19,34 18,66 -156,981 1646387411
1 1 46 -19,09 18,59 -156,981 1646387412
1 1 46 -18,84 18,66 -156,981 1646387413
1 1 46 -18,66 18,84 -156,999 1646387413
1 1 47 -23,38 13,50 -156,950 1646387414
1 1 47 -22,88 13,50 -156,981 1646387414
1 1 47 -22,95 13,75 -156,987 1646387415
1 1 47 -23,13 13,93 -156,944 1646387415
1 1 47 -23,38 14,00 -156,889 1646387416
1 1 47 -23,63 13,93 -156,913 1646387417
1 1 47 -23,82 13,75 -156,987 1646387417
1 1 47 -23,88 13,50 -156,926 1646387418
1 1 47 -23,82 13,25 -156,877 1646387418
1 1 47 -23,63 13,07 -157,042 1646387419
1 1 47 -23,38 13,00 -156,938 1646387419
1 1 47 -23,13 13,07 -156,938 1646387420
1 1 47 -22,95 13,25 -156,956 1646387420
1 1 48 -26,08 6,99 -157,096 1646387421
1 1 48 -25,58 6,99 -156,852 1646387421
1 1 48 -25,65 7,24 -156,944 1646387422
1 1 48 -25,83 7,42 -156,901 1646387423
1 1 48 -26,08 7,49 -157,133 1646387423
1 1 48 -26,33 7,42 -156,688 1646387424
1 1 48 -26,51 7,24 -156,938 1646387424
1 1 48 -26,58 6,99 -156,950 1646387425
1 1 48 -26,51 6,74 -156,950 1646387425
1 1 48 -26,33 6,56 -156,895 1646387425
1 1 48 -26,08 6,49 -156,938 1646387426
1 1 48 -25,83 6,56 -156,919 1646387426
1 1 48 -25,65 6,74 -156,883 1646387427
1 1 49 -27,00 0,00 -156,944 1646387428
1 1 49 -26,50 0,00 -156,895 1646387428
1 1 49 -26,57 0,25 -156,950 1646387429
1 1 49 -26,75 0,43 -156,901 1646387429
1 1 49 -27,00 0,50 -156,871 1646387430
1 1 49 -27,25 0,43 -156,956 1646387430
1 1 49 -27,43 0,25 -156,944 1646387431
1 1 49 -27,50 0,00 -156,950 1646387431
1 1 49 -27,43 -0,25 -156,938 1646387432
1 1 49 -27,25 -0,43 -156,846 1646387432
1 1 49 -27,00 -0,50 -156,950 1646387433
1 1 49 -26,75 -0,43 -156,956 1646387433
1 1 49 -26,57 -0,25 -156,944 1646387433
1 1 50 -26,08 -6,99 -156,962 1646387434
1 1 50 -25,58 -6,99 -156,962 1646387435
1 1 50 -25,65 -6,74 -157,042 1646387436
1 1 50 -25,83 -6,56 -156,785 1646387436
1 1 50 -26,08 -6,49 -156,950 1646387437
1 1 50 -26,33 -6,56 -156,993 1646387437
1 1 50 -26,51 -6,74 -156,828 1646387437
1 1 50 -26,58 -6,99 -156,913 1646387438
1 1 50 -26,51 -7,24 -156,987 1646387439
1 1 50 -26,33 -7,42 -156,981 1646387439
1 1 50 -26,08 -7,49 -156,865 1646387439
1 1 50 -25,83 -7,42 -156,797 1646387440
1 1 50 -25,65 -7,24 -157,054 1646387440
1 1 51 -23,38 -13,50 -156,932 1646387441
1 1 51 -22,88 -13,50 -156,871 1646387442
1 1 51 -22,95 -13,25 -156,895 1646387442
1 1 51 -23,13 -13,07 -156,993 1646387443
1 1 51 -23,38 -13,00 -156,950 1646387443
1 1 51 -23,63 -13,07 -156,962 1646387444
1 1 51 -23,82 -13,25 -156,907 1646387444
1 1 51 -23,88 -13,50 -156,968 1646387444
1 1 51 -23,82 -13,75 -157,035 1646387445
1 1 51 -23,63 -13,93 -156,938 1646387445
1 1 51 -23,38 -14,00 -156,907 1646387446
1 1 51 -23,13 -13,93 -156,938 1646387446
1 1 51 -22,95 -13,75 -156,889 1646387447
1 1 52 -19,09 -19,09 -156,932 1646387448
1 1 52 -18,59 -19,09 -156,950 1646387448
1 1 52 -18,66 -18,84 -156,993 1646387448
1 1 52 -18,84 -18,66 -156,987 1646387449
1 1 52 -19,09 -18,59 -156,883 1646387450
1 1 52 -19,34 -18,66 -156,932 1646387450
1 1 52 -19,52 -18,84 -156,883 1646387450
1 1 52 -19,59 -19,09 -156,913 1646387451
1 1 52 -19,52 -19,34 -156,932 1646387452
1 1 52 -19,34 -19,52 -156,987 1646387452
1 1 52 -19,09 -19,59 -156,871 1646387452
1 1 52 -18,84 -19,52 -156,907 1646387453
1 1 52 -18,66 -19,34 -156,907 1646387453
1 1 53 -13,50 -23,38 -156,877 1646387454
1 1 53 -13,00 -23,38 -156,858 1646387454
1 1 53 -13,07 -23,13 -156,944 1646387455
1 1 53 -13,25 -22,95 -156,932 1646387455
1 1 53 -13,50 -22,88 -156,981 1646387455
1 1 53 -13,75 -22,95 -156,950 1646387456
1 1 53 -13,93 -23,13 -157,011 1646387456
1 1 53 -14,00 -23,38 -157,042 1646387456
1 1 53 -13,93 -23,63 -156,932 1646387457
1 1 53 -13,75 -23,82 -156,956 1646387457
1 1 53 -13,50 -23,88 -156,938 1646387458
1 1 53 -13,25 -23,82 -156,962 1646387458
1 1 53 -13,07 -23,63 -156,907 1646387459
1 1 54 -6,99 -26,08 -156,950 1646387460
1 1 54 -6,49 -26,08 -156,950 1646387460
1 1 54 -6,56 -25,83 -156,926 1646387460
1 1 54 -6,74 -25,65 -156,950 1646387461
1 1 54 -6,99 -25,58 -156,883 1646387462
1 1 54 -7,24 -25,65 -156,907 1646387462
1 1 54 -7,42 -25,83 -156,950 1646387462
1 1 54 -7,49 -26,08 -156,932 1646387463
1 1 54 -7,42 -26,33 -156,950 1646387464
1 1 54 -7,24 -26,51 -156,932 1646387464
1 1 54 -6,99 -26,58 -156,907 1646387464
1 1 54 -6,74 -26,51 -156,950 1646387465
1 1 54 -6,56 -26,33 -156,974 1646387465
1 1 55 -0,00 -27,00 -156,981 1646387466
1 1 55 0,50 -27,00 -156,938 1646387466
1 1 55 0,43 -26,75 -156,907 1646387467
1 1 55 0,25 -26,57 -156,938 1646387467
1 1 55 -0,00 -26,50 -156,907 1646387468
1 1 55 -0,25 -26,57 -156,926 1646387469
1 1 55 -0,43 -26,75 -156,938 1646387469
1 1 55 -0,50 -27,00 -156,987 1646387470
1 1 55 -0,43 -27,25 -156,968 1646387470
1 1 55 -0,25 -27,43 -156,950 1646387470
1 1 55 -0,00 -27,50 -156,901 1646387471
1 1 55 0,25 -27,43 -156,919 1646387472
1 1 55 0,43 -27,25 -156,913 1646387472
1 1 56 6,99 -26,08 -156,907 1646387473
1 1 56 7,49 -26,08 -156,865 1646387473
1 1 56 7,42 -25,83 -156,956 1646387473
1 1 56 7,24 -25,65 -156,981 1646387474
1 1 56 6,99 -25,58 -156,901 1646387474
1 1 56 6,74 -25,65 -156,907 1646387474
1 1 56 6,56 -25,83 -156,932 1646387475
1 1 56 6,49 -26,08 -156,889 1646387476
1 1 56 6,56 -26,33 -156,938 1646387476
1 1 56 6,74 -26,51 -156,919 1646387476
1 1 56 6,99 -26,58 -156,993 1646387477
1 1 56 7,24 -26,51 -156,962 1646387478
1 1 56 7,42 -26,33 -156,981 1646387478
1 1 57 13,50 -23,38 -156,950 1646387479
1 1 57 14,00 -23,38 -156,950 1646387479
1 1 57 13,93 -23,13 -156,950 1646387480
1 1 57 13,75 -22,95 -157,005 1646387480
1 1 57 13,50 -22,88 -156,944 1646387481
1 1 57 13,25 -22,95 -156,993 1646387481
1 1 57 13,07 -23,13 -156,999 1646387482
1 1 57 13,00 -23,38 -156,956 1646387482
1 1 57 13,07 -23,63 -156,987 1646387483
1 1 57 13,25 -23,82 -156,938 1646387483
1 1 57 13,50 -23,88 -156,968 1646387484
1 1 57 13,75 -23,82 -156,938 1646387484
1 1 57 13,93 -23,63 -156,999 1646387485
1 1 58 19,09 -19,09 -156,907 1646387485
1 1 58 19,59 -19,09 -156,919 1646387486
1 1 58 19,52 -18,84 -156,895 1646387486
1 1 58 19,34 -18,66 -156,901 1646387486
1 1 58 19,09 -18,59 -156,950 1646387487
1 1 58 18,84 -18,66 -157,035 1646387487
1 1 58 18,66 -18,84 -156,907 1646387488
1 1 58 18,59 -19,09 -156,944 1646387488
1 1 58 18,66 -19,34 -156,993 1646387489
1 1 58 18,84 -19,52 -156,926 1646387489
1 1 58 19,09 -19,59 -156,938 1646387490
1 1 58 19,34 -19,52 -156,852 1646387490
1 1 58 19,52 -19,34 -156,889 1646387491
1 1 59 23,38 -13,50 -156,895 1646387492
1 1 59 23,88 -13,50 -156,987 1646387492
1 1 59 23,82 -13,25 -156,926 1646387492
1 1 59 23,63 -13,07 -156,974 1646387493
1 1 59 23,38 -13,00 -156,907 1646387493
1 1 59 23,13 -13,07 -156,913 1646387493
1 1 59 22,95 -13,25 -156,938 1646387494
1 1 59 22,88 -13,50 -156,968 1646387495
1 1 59 22,95 -13,75 -156,956 1646387495
1 1 59 23,13 -13,93 -156,950 1646387495
1 1 59 23,38 -14,00 -156,889 1646387496
1 1 59 23,63 -13,93 -156,944 1646387496
1 1 59 23,82 -13,75 -156,889 1646387497
1 1 60 26,08 -6,99 -156,944 1646387498
1 1 60 26,58 -6,99 -156,938 1646387498
1 1 60 26,51 -6,74 -156,932 1646387498
1 1 60 26,33 -6,56 -156,981 1646387499
1 1 60 26,08 -6,49 -156,938 1646387499
1 1 60 25,83 -6,56 -156,981 1646387500
1 1 60 25,65 -6,74 -156,950 1646387500
1 1 60 25,58 -6,99 -156,932 1646387501
1 1 60 25,65 -7,24 -156,889 1646387501
1 1 60 25,83 -7,42 -156,913 1646387502
1 1 60 26,08 -7,49 -156,938 1646387502
1 1 60 26,33 -7,42 -156,950 1646387503
1 1 60 26,51 -7,24 -156,938 1646387503
