1 1 1 4,24 4,24 -156,968 1646383380
1 1 1 4,74 4,24 -156,987 1646383380
1 1 1 4,68 4,49 -157,060 1646383380
1 1 1 4,49 4,68 -156,999 1646383381
1 1 1 4,24 4,74 -156,913 1646383381
1 1 1 3,99 4,68 -156,932 1646383381
1 1 1 3,81 4,49 -156,871 1646383381
1 1 1 3,74 4,24 -156,974 1646383381
1 1 1 3,81 3,99 -156,950 1646383382
1 1 1 3,99 3,81 -156,950 1646383382
1 1 1 4,24 3,74 -156,932 1646383382
1 1 1 4,49 3,81 -156,974 1646383382
1 1 1 4,68 3,99 -156,950 1646383383
1 1 2 3,36 12,56 -156,822 1646383384
1 1 2 3,86 12,56 -156,968 1646383385
1 1 2 3,80 12,81 -157,011 1646383385
1 1 2 3,61 12,99 -156,907 1646383386
1 1 2 3,36 13,06 -156,865 1646383386
1 1 2 3,11 12,99 -156,901 1646383386
1 1 2 2,93 12,81 -156,950 1646383386
1 1 2 2,86 12,56 -156,938 1646383387
1 1 2 2,93 12,31 -156,871 1646383387
1 1 2 3,11 12,12 -156,968 1646383387
1 1 2 3,36 12,06 -156,968 1646383387
1 1 2 3,61 12,12 -157,011 1646383388
1 1 2 3,80 12,31 -156,907 1646383388
1 1 3 9,19 9,19 -156,987 1646383389
1 1 3 9,69 9,19 -156,938 1646383389
1 1 3 9,63 9,44 -156,871 1646383389
1 1 3 9,44 9,63 -156,913 1646383390
1 1 3 9,19 9,69 -156,987 1646383390
1 1 3 8,94 9,63 -156,974 1646383390
1 1 3 8,76 9,44 -156,944 1646383390
1 1 3 8,69 9,19 -156,913 1646383391
1 1 3 8,76 8,94 -156,950 1646383391
1 1 3 8,94 8,76 -156,987 1646383391
1 1 3 9,19 8,69 -156,987 1646383391
1 1 3 9,44 8,76 -156,938 1646383391
1 1 3 9,63 8,94 -156,944 1646383392
1 1 4 12,56 3,36 -156,926 1646383392
1 1 4 13,06 3,36 -156,938 1646383393
1 1 4 12,99 3,61 -156,981 1646383393
1 1 4 12,81 3,80 -156,913 1646383393
1 1 4 12,56 3,86 -156,938 1646383394
1 1 4 12,31 3,80 -156,926 1646383394
1 1 4 12,12 3,61 -156,938 1646383394
1 1 4 12,06 3,36 -156,956 1646383394
1 1 4 12,12 3,11 -156,919 1646383395
1 1 4 12,31 2,93 -156,901 1646383395
1 1 4 12,56 2,86 -156,962 1646383395
1 1 4 12,81 2,93 -156,907 1646383395
1 1 4 12,99 3,11 -156,950 1646383395
1 1 5 19,32 5,18 -157,011 1646383396
1 1 5 19,82 5,18 -156,962 1646383397
1 1 5 19,75 5,43 -156,962 1646383397
1 1 5 19,57 5,61 -156,932 1646383397
1 1 5 19,32 5,68 -156,889 1646383397
1 1 5 19,07 5,61 -156,944 1646383398
1 1 5 18,89 5,43 -156,901 1646383398
1 1 5 18,82 5,18 -156,932 1646383398
1 1 5 18,89 4,93 -156,883 1646383398
1 1 5 19,07 4,74 -156,968 1646383399
1 1 5 19,32 4,68 -156,932 1646383399
1 1 5 19,57 4,74 -156,938 1646383399
1 1 5 19,75 4,93 -156,987 1646383399
1 1 6 17,32 10,00 -156,993 1646383400
1 1 6 17,82 10,00 -156,877 1646383401
1 1 6 17,75 10,25 -156,932 1646383401
1 1 6 17,57 10,43 -156,938 1646383401
1 1 6 17,32 10,50 -156,932 1646383401
1 1 6 17,07 10,43 -156,950 1646383402
1 1 6 16,89 10,25 -156,950 1646383402
1 1 6 16,82 10,00 -156,956 1646383402
1 1 6 16,89 9,75 -156,913 1646383402
1 1 6 17,07 9,57 -156,901 1646383402
1 1 6 17,32 9,50 -156,999 1646383403
1 1 6 17,57 9,57 -156,993 1646383403
1 1 6 17,75 9,75 -156,932 1646383403
1 1 7 14,14 14,14 -156,926 1646383404
1 1 7 14,64 14,14 -156,938 1646383404
1 1 7 14,58 14,39 -156,987 1646383405
1 1 7 14,39 14,58 -156,907 1646383405
1 1 7 14,14 14,64 -156,956 1646383405
1 1 7 13,89 14,58 -156,987 1646383405
1 1 7 13,71 14,39 -156,944 1646383406
1 1 7 13,64 14,14 -156,987 1646383406
1 1 7 13,71 13,89 -156,938 1646383406
1 1 7 13,89 13,71 -156,938 1646383406
1 1 7 14,14 13,64 -156,901 1646383407
1 1 7 14,39 13,71 -156,907 1646383407
1 1 7 14,58 13,89 -156,956 1646383407
1 1 8 10,00 17,32 -156,938 1646383408
1 1 8 10,50 17,32 -156,944 1646383408
1 1 8 10,43 17,57 -156,938 1646383408
1 1 8 10,25 17,75 -156,858 1646383409
1 1 8 10,00 17,82 -156,993 1646383409
1 1 8 9,75 17,75 -156,913 1646383409
1 1 8 9,57 17,57 -156,919 1646383409
1 1 8 9,50 17,32 -156,926 1646383410
1 1 8 9,57 17,07 -156,913 1646383410
1 1 8 9,75 16,89 -156,968 1646383410
1 1 8 10,00 16,82 -156,956 1646383410
1 1 8 10,25 16,89 -156,956 1646383411
1 1 8 10,43 17,07 -156,932 1646383411
1 1 9 5,18 19,32 -156,950 1646383412
1 1 9 5,68 19,32 -156,926 1646383412
1 1 9 5,61 19,57 -156,919 1646383412
1 1 9 5,43 19,75 -156,944 1646383413
1 1 9 5,18 19,82 -156,938 1646383413
1 1 9 4,93 19,75 -156,901 1646383413
1 1 9 4,74 19,57 -156,907 1646383413
1 1 9 4,68 19,32 -156,938 1646383413
1 1 9 4,74 19,07 -156,926 1646383414
1 1 9 4,93 18,89 -156,987 1646383414
1 1 9 5,18 18,82 -156,950 1646383414
1 1 9 5,43 18,89 -156,968 1646383414
1 1 9 5,61 19,07 -156,987 1646383415
1 1 10 -5,18 19,32 -156,968 1646383416
1 1 10 -4,68 19,32 -156,932 1646383416
1 1 10 -4,74 19,57 -156,968 1646383416
1 1 10 -4,93 19,75 -156,919 1646383417
1 1 10 -5,18 19,82 -156,950 1646383417
1 1 10 -5,43 19,75 -156,981 1646383417
1 1 10 -5,61 19,57 -156,950 1646383417
1 1 10 -5,68 19,32 -156,956 1646383418
1 1 10 -5,61 19,07 -157,011 1646383418
1 1 10 -5,43 18,89 -156,962 1646383418
1 1 10 -5,18 18,82 -156,956 1646383418
1 1 10 -4,93 18,89 -157,017 1646383418
1 1 10 -4,74 19,07 -156,950 1646383419
1 1 11 -10,00 17,32 -156,950 1646383420
1 1 11 -9,50 17,32 -156,999 1646383420
1 1 11 -9,57 17,57 -156,993 1646383420
1 1 11 -9,75 17,75 -156,907 1646383421
1 1 11 -10,00 17,82 -156,913 1646383422
1 1 11 -10,25 17,75 -156,987 1646383422
1 1 11 -10,43 17,57 -156,987 1646383422
1 1 11 -10,50 17,32 -156,944 1646383423
1 1 11 -10,43 17,07 -156,932 1646383424
1 1 11 -10,25 16,89 -157,017 1646383424
1 1 11 -10,00 16,82 -156,932 1646383424
1 1 11 -9,75 16,89 -156,974 1646383425
1 1 11 -9,57 17,07 -156,981 1646383425
1 1 12 -14,14 14,14 -157,023 1646383426
1 1 12 -13,64 14,14 -156,968 1646383427
1 1 12 -13,71 14,39 -156,938 1646383427
1 1 12 -13,89 14,58 -156,956 1646383428
1 1 12 -14,14 14,64 -157,005 1646383428
1 1 12 -14,39 14,58 -156,987 1646383429
1 1 12 -14,58 14,39 -156,852 1646383429
1 1 12 -14,64 14,14 -156,926 1646383430
1 1 12 -14,58 13,89 -156,968 1646383430
1 1 12 -14,39 13,71 -156,993 1646383430
1 1 12 -14,14 13,64 -156,968 1646383431
1 1 12 -13,89 13,71 -156,944 1646383432
1 1 12 -13,71 13,89 -156,938 1646383432
1 1 13 -17,32 10,00 -156,938 1646383433
1 1 13 -16,82 10,00 -157,029 1646383433
1 1 13 -16,89 10,25 -156,956 1646383434
1 1 13 -17,07 10,43 -157,035 1646383434
1 1 13 -17,32 10,50 -157,005 1646383435
1 1 13 -17,57 10,43 -156,950 1646383435
1 1 13 -17,75 10,25 -156,974 1646383435
1 1 13 -17,82 10,00 -156,987 1646383436
1 1 13 -17,75 9,75 -156,981 1646383436
1 1 13 -17,57 9,57 -156,987 1646383437
1 1 13 -17,32 9,50 -156,999 1646383437
1 1 13 -17,07 9,57 -156,987 1646383438
1 1 13 -16,89 9,75 -156,968 1646383438
1 1 14 -19,32 5,18 -157,017 1646383439
1 1 14 -18,82 5,18 -156,999 1646383440
1 1 14 -18,89 5,43 -156,950 1646383440
1 1 14 -19,07 5,61 -156,938 1646383440
1 1 14 -19,32 5,68 -156,999 1646383441
1 1 14 -19,57 5,61 -156,834 1646383442
1 1 14 -19,75 5,43 -156,913 1646383442
1 1 14 -19,82 5,18 -156,938 1646383443
1 1 14 -19,75 4,93 -156,907 1646383443
1 1 14 -19,57 4,74 -156,950 1646383443
1 1 14 -19,32 4,68 -156,938 1646383444
1 1 14 -19,07 4,74 -156,962 1646383445
1 1 14 -18,89 4,93 -156,999 1646383445
1 1 15 -12,56 3,36 -156,950 1646383446
1 1 15 -12,06 3,36 -156,987 1646383446
1 1 15 -12,12 3,61 -156,956 1646383447
1 1 15 -12,31 3,80 -156,944 1646383447
1 1 15 -12,56 3,86 -156,950 1646383448
1 1 15 -12,81 3,80 -156,938 1646383448
1 1 15 -12,99 3,61 -156,865 1646383449
1 1 15 -13,06 3,36 -156,981 1646383449
1 1 15 -12,99 3,11 -156,950 1646383450
1 1 15 -12,81 2,93 -156,981 1646383450
1 1 15 -12,56 2,86 -156,993 1646383451
1 1 15 -12,31 2,93 -156,938 1646383451
1 1 15 -12,12 3,11 -156,999 1646383451
1 1 16 -9,19 9,19 -156,993 1646383452
1 1 16 -8,69 9,19 -156,938 1646383453
1 1 16 -8,76 9,44 -157,115 1646383454
1 1 16 -8,94 9,63 -156,926 1646383454
1 1 16 -9,19 9,69 -156,907 1646383454
1 1 16 -9,44 9,63 -156,981 1646383455
1 1 16 -9,63 9,44 -156,950 1646383455
1 1 16 -9,69 9,19 -156,968 1646383456
1 1 16 -9,63 8,94 -157,017 1646383456
1 1 16 -9,44 8,76 -156,944 1646383457
1 1 16 -9,19 8,69 -156,974 1646383457
1 1 16 -8,94 8,76 -156,999 1646383458
1 1 16 -8,76 8,94 -156,871 1646383458
1 1 17 -3,36 12,56 -156,950 1646383459
1 1 17 -2,86 12,56 -156,956 1646383459
1 1 17 -2,93 12,81 -156,956 1646383460
1 1 17 -3,11 12,99 -156,950 1646383460
1 1 17 -3,36 13,06 -156,950 1646383461
1 1 17 -3,61 12,99 -156,962 1646383462
1 1 17 -3,80 12,81 -156,926 1646383462
1 1 17 -3,86 12,56 -156,987 1646383462
1 1 17 -3,80 12,31 -156,944 1646383463
1 1 17 -3,61 12,12 -156,987 1646383463
1 1 17 -3,36 12,06 -156,987 1646383464
1 1 17 -3,11 12,12 -156,950 1646383464
1 1 17 -2,93 12,31 -157,023 1646383465
1 1 18 -4,24 4,24 -156,999 1646383466
1 1 18 -3,74 4,24 -156,962 1646383466
1 1 18 -3,81 4,49 -156,932 1646383467
1 1 18 -3,99 4,68 -156,987 1646383467
1 1 18 -4,24 4,74 -156,932 1646383468
1 1 18 -4,49 4,68 -157,011 1646383468
1 1 18 -4,68 4,49 -156,956 1646383469
1 1 18 -4,74 4,24 -156,926 1646383469
1 1 18 -4,68 3,99 -156,993 1646383470
1 1 18 -4,49 3,81 -156,871 1646383470
1 1 18 -4,24 3,74 -156,950 1646383471
1 1 18 -3,99 3,81 -156,981 1646383471
1 1 18 -3,81 3,99 -156,981 1646383472
1 1 19 -4,24 -4,24 -157,011 1646383473
1 1 19 -3,74 -4,24 -157,029 1646383473
1 1 19 -3,81 -3,99 -157,005 1646383474
1 1 19 -3,99 -3,81 -156,968 1646383474
1 1 19 -4,24 -3,74 -156,938 1646383474
1 1 19 -4,49 -3,81 -156,981 1646383475
1 1 19 -4,68 -3,99 -156,950 1646383475
1 1 19 -4,74 -4,24 -156,993 1646383475
1 1 19 -4,68 -4,49 -157,005 1646383476
1 1 19 -4,49 -4,68 -156,944 1646383476
1 1 19 -4,24 -4,74 -156,956 1646383477
1 1 19 -3,99 -4,68 -156,926 1646383477
1 1 19 -3,81 -4,49 -156,968 1646383478
1 1 20 -3,36 -12,56 -156,974 1646383479
1 1 20 -2,86 -12,56 -156,950 1646383479
1 1 20 -2,93 -12,31 -156,938 1646383480
1 1 20 -3,11 -12,12 -156,932 1646383480
1 1 20 -3,36 -12,06 -157,017 1646383480
1 1 20 -3,61 -12,12 -156,889 1646383481
1 1 20 -3,80 -12,31 -156,968 1646383481
1 1 20 -3,86 -12,56 -156,993 1646383482
1 1 20 -3,80 -12,81 -156,956 1646383482
1 1 20 -3,61 -12,99 -156,962 1646383483
1 1 20 -3,36 -13,06 -156,919 1646383483
1 1 20 -3,11 -12,99 -156,987 1646383484
1 1 20 -2,93 -12,81 -156,987 1646383484
1 1 21 -9,19 -9,19 -157,017 1646383485
1 1 21 -8,69 -9,19 -156,987 1646383485
1 1 21 -8,76 -8,94 -156,987 1646383486
1 1 21 -8,94 -8,76 -156,956 1646383486
1 1 21 -9,19 -8,69 -156,950 1646383486
1 1 21 -9,44 -8,76 -156,950 1646383487
1 1 21 -9,63 -8,94 -156,907 1646383487
1 1 21 -9,69 -9,19 -156,926 1646383487
1 1 21 -9,63 -9,44 -156,913 1646383488
1 1 21 -9,44 -9,63 -156,968 1646383488
1 1 21 -9,19 -9,69 -156,987 1646383489
1 1 21 -8,94 -9,63 -156,895 1646383490
1 1 21 -8,76 -9,44 -156,999 1646383490
1 1 22 -12,56 -3,36 -156,956 1646383491
1 1 22 -12,06 -3,36 -157,029 1646383491
1 1 22 -12,12 -3,11 -157,060 1646383492
1 1 22 -12,31 -2,93 -157,011 1646383492
1 1 22 -12,56 -2,86 -156,981 1646383493
1 1 22 -12,81 -2,93 -156,932 1646383493
1 1 22 -12,99 -3,11 -156,999 1646383494
1 1 22 -13,06 -3,36 -156,926 1646383494
1 1 22 -12,99 -3,61 -156,938 1646383495
1 1 22 -12,81 -3,80 -157,005 1646383495
1 1 22 -12,56 -3,86 -156,901 1646383496
1 1 22 -12,31 -3,80 -156,962 1646383496
1 1 22 -12,12 -3,61 -156,987 1646383496
1 1 23 -19,32 -5,18 -156,913 1646383497
1 1 23 -18,82 -5,18 -156,938 1646383498
1 1 23 -18,89 -4,93 -156,907 1646383499
1 1 23 -19,07 -4,74 -156,987 1646383499
1 1 23 -19,32 -4,68 -156,968 1646383500
1 1 23 -19,57 -4,74 -156,987 1646383500
1 1 23 -19,75 -4,93 -156,968 1646383500
1 1 23 -19,82 -5,18 -156,938 1646383501
1 1 23 -19,75 -5,43 -156,944 1646383501
1 1 23 -19,57 -5,61 -156,840 1646383502
1 1 23 -19,32 -5,68 -156,932 1646383502
1 1 23 -19,07 -5,61 -156,944 1646383503
1 1 23 -18,89 -5,43 -156,956 1646383503
1 1 24 -17,32 -10,00 -156,981 1646383504
1 1 24 -16,82 -10,00 -156,999 1646383504
1 1 24 -16,89 -9,75 -157,005 1646383505
1 1 24 -17,07 -9,57 -156,962 1646383505
1 1 24 -17,32 -9,50 -156,944 1646383505
1 1 24 -17,57 -9,57 -156,919 1646383506
1 1 24 -17,75 -9,75 -156,938 1646383506
1 1 24 -17,82 -10,00 -156,993 1646383507
1 1 24 -17,75 -10,25 -156,907 1646383508
1 1 24 -17,57 -10,43 -157,042 1646383508
1 1 24 -17,32 -10,50 -157,121 1646383508
1 1 24 -17,07 -10,43 -156,932 1646383509
1 1 24 -16,89 -10,25 -156,968 1646383509
1 1 25 -14,14 -14,14 -156,950 1646383510
1 1 25 -13,64 -14,14 -156,895 1646383511
1 1 25 -13,71 -13,89 -156,901 1646383511
1 1 25 -13,89 -13,71 -156,950 1646383511
1 1 25 -14,14 -13,64 -156,950 1646383512
1 1 25 -14,39 -13,71 -156,871 1646383513
1 1 25 -14,58 -13,89 -156,968 1646383513
1 1 25 -14,64 -14,14 -156,883 1646383513
1 1 25 -14,58 -14,39 -156,956 1646383514
1 1 25 -14,39 -14,58 -156,932 1646383514
1 1 25 -14,14 -14,64 -156,987 1646383515
1 1 25 -13,89 -14,58 -156,962 1646383516
1 1 25 -13,71 -14,39 -156,950 1646383516
1 1 26 -10,00 -17,32 -156,999 1646383517
1 1 26 -9,50 -17,32 -157,011 1646383518
1 1 26 -9,57 -17,07 -157,011 1646383518
1 1 26 -9,75 -16,89 -156,944 1646383518
1 1 26 -10,00 -16,82 -156,962 1646383519
1 1 26 -10,25 -16,89 -156,968 1646383519
1 1 26 -10,43 -17,07 -156,993 1646383520
1 1 26 -10,50 -17,32 -156,926 1646383520
1 1 26 -10,43 -17,57 -156,944 1646383521
1 1 26 -10,25 -17,75 -156,974 1646383521
1 1 26 -10,00 -17,82 -156,926 1646383522
1 1 26 -9,75 -17,75 -156,993 1646383522
1 1 26 -9,57 -17,57 -156,944 1646383522
1 1 27 -5,18 -19,32 -156,938 1646383523
1 1 27 -4,68 -19,32 -156,962 1646383524
1 1 27 -4,74 -19,07 -156,926 1646383524
1 1 27 -4,93 -18,89 -156,962 1646383524
1 1 27 -5,18 -18,82 -156,919 1646383525
1 1 27 -5,43 -18,89 -156,987 1646383525
1 1 27 -5,61 -19,07 -156,938 1646383525
1 1 27 -5,68 -19,32 -156,938 1646383526
1 1 27 -5,61 -19,57 -156,926 1646383526
1 1 27 -5,43 -19,75 -156,999 1646383527
1 1 27 -5,18 -19,82 -156,938 1646383527
1 1 27 -4,93 -19,75 -156,999 1646383528
1 1 27 -4,74 -19,57 -156,962 1646383528
1 1 28 5,18 -19,32 -156,852 1646383529
1 1 28 5,68 -19,32 -156,913 1646383530
1 1 28 5,61 -19,07 -156,938 1646383531
1 1 28 5,43 -18,89 -156,962 1646383531
1 1 28 5,18 -18,82 -156,907 1646383531
1 1 28 4,93 -18,89 -156,950 1646383532
1 1 28 4,74 -19,07 -156,895 1646383532
1 1 28 4,68 -19,32 -156,962 1646383533
1 1 28 4,74 -19,57 -156,950 1646383533
1 1 28 4,93 -19,75 -156,950 1646383534
1 1 28 5,18 -19,82 -156,938 1646383534
1 1 28 5,43 -19,75 -156,950 1646383535
1 1 28 5,61 -19,57 -156,919 1646383535
1 1 29 10,00 -17,32 -156,956 1646383536
1 1 29 10,50 -17,32 -156,987 1646383536
1 1 29 10,43 -17,07 -157,011 1646383537
1 1 29 10,25 -16,89 -156,919 1646383537
1 1 29 10,00 -16,82 -156,944 1646383537
1 1 29 9,75 -16,89 -156,993 1646383538
1 1 29 9,57 -17,07 -156,877 1646383538
1 1 29 9,50 -17,32 -156,999 1646383538
1 1 29 9,57 -17,57 -156,950 1646383539
1 1 29 9,75 -17,75 -156,950 1646383539
1 1 29 10,00 -17,82 -156,981 1646383540
1 1 29 10,25 -17,75 -156,926 1646383541
1 1 29 10,43 -17,57 -157,005 1646383541
1 1 30 14,14 -14,14 -156,889 1646383542
1 1 30 14,64 -14,14 -156,956 1646383542
1 1 30 14,58 -13,89 -156,962 1646383542
1 1 30 14,39 -13,71 -156,987 1646383543
1 1 30 14,14 -13,64 -156,987 1646383543
1 1 30 13,89 -13,71 -156,944 1646383543
1 1 30 13,71 -13,89 -156,913 1646383544
1 1 30 13,64 -14,14 -156,944 1646383544
1 1 30 13,71 -14,39 -156,932 1646383544
1 1 30 13,89 -14,58 -156,950 1646383545
1 1 30 14,14 -14,64 -156,999 1646383546
1 1 30 14,39 -14,58 -156,926 1646383546
1 1 30 14,58 -14,39 -156,907 1646383547
1 1 31 17,32 -10,00 -156,956 1646383548
1 1 31 17,82 -10,00 -156,950 1646383548
1 1 31 17,75 -9,75 -156,993 1646383549
1 1 31 17,57 -9,57 -156,871 1646383549
1 1 31 17,32 -9,50 -156,938 1646383550
1 1 31 17,07 -9,57 -156,962 1646383550
1 1 31 16,89 -9,75 -156,932 1646383551
1 1 31 16,82 -10,00 -156,956 1646383551
1 1 31 16,89 -10,25 -156,950 1646383552
1 1 31 17,07 -10,43 -156,901 1646383552
1 1 31 17,32 -10,50 -156,871 1646383553
1 1 31 17,57 -10,43 -156,987 1646383553
1 1 31 17,75 -10,25 -157,005 1646383553
1 1 32 19,32 -5,18 -156,919 1646383554
1 1 32 19,82 -5,18 -156,907 1646383555
1 1 32 19,75 -4,93 -156,907 1646383556
1 1 32 19,57 -4,74 -156,950 1646383556
1 1 32 19,32 -4,68 -157,042 1646383556
1 1 32 19,07 -4,74 -156,926 1646383557
1 1 32 18,89 -4,93 -156,944 1646383557
1 1 32 18,82 -5,18 -156,968 1646383558
1 1 32 18,89 -5,43 -156,962 1646383558
1 1 32 19,07 -5,61 -156,968 1646383559
1 1 32 19,32 -5,68 -156,938 1646383559
1 1 32 19,57 -5,61 -157,029 1646383560
1 1 32 19,75 -5,43 -156,987 1646383560
1 1 33 12,56 -3,36 -156,987 1646383561
1 1 33 13,06 -3,36 -156,950 1646383562
1 1 33 12,99 -3,11 -157,005 1646383562
1 1 33 12,81 -2,93 -156,883 1646383563
1 1 33 12,56 -2,86 -156,968 1646383563
1 1 33 12,31 -2,93 -156,926 1646383564
1 1 33 12,12 -3,11 -156,938 1646383564
1 1 33 12,06 -3,36 -156,950 1646383565
1 1 33 12,12 -3,61 -156,938 1646383565
1 1 33 12,31 -3,80 -156,993 1646383565
1 1 33 12,56 -3,86 -156,950 1646383566
1 1 33 12,81 -3,80 -156,907 1646383567
1 1 33 12,99 -3,61 -156,932 1646383567
1 1 34 9,19 -9,19 -156,944 1646383568
1 1 34 9,69 -9,19 -156,944 1646383569
1 1 34 9,63 -8,94 -156,938 1646383569
1 1 34 9,44 -8,76 -156,926 1646383570
1 1 34 9,19 -8,69 -156,999 1646383570
1 1 34 8,94 -8,76 -156,987 1646383571
1 1 34 8,76 -8,94 -156,944 1646383571
1 1 34 8,69 -9,19 -156,968 1646383572
1 1 34 8,76 -9,44 -156,950 1646383572
1 1 34 8,94 -9,63 -156,938 1646383573
1 1 34 9,19 -9,69 -156,987 1646383573
1 1 34 9,44 -9,63 -156,932 1646383574
1 1 34 9,63 -9,44 -156,950 1646383574
1 1 35 3,36 -12,56 -157,084 1646383575
1 1 35 3,86 -12,56 -156,901 1646383575
1 1 35 3,80 -12,31 -157,023 1646383576
1 1 35 3,61 -12,12 -156,950 1646383576
1 1 35 3,36 -12,06 -157,072 1646383577
1 1 35 3,11 -12,12 -156,932 1646383578
1 1 35 2,93 -12,31 -156,901 1646383578
1 1 35 2,86 -12,56 -156,987 1646383578
1 1 35 2,93 -12,81 -156,913 1646383579
1 1 35 3,11 -12,99 -156,987 1646383579
1 1 35 3,36 -13,06 -156,993 1646383580
1 1 35 3,61 -12,99 -156,938 1646383580
1 1 35 3,80 -12,81 -156,901 1646383581
1 1 36 4,24 -4,24 -156,981 1646383582
1 1 36 4,74 -4,24 -157,035 1646383582
1 1 36 4,68 -3,99 -157,035 1646383582
1 1 36 4,49 -3,81 -156,987 1646383583
1 1 36 4,24 -3,74 -156,956 1646383584
1 1 36 3,99 -3,81 -156,987 1646383584
1 1 36 3,81 -3,99 -156,938 1646383584
1 1 36 3,74 -4,24 -156,938 1646383585
1 1 36 3,81 -4,49 -156,950 1646383586
1 1 36 3,99 -4,68 -156,913 1646383586
1 1 36 4,24 -4,74 -156,981 1646383586
1 1 36 4,49 -4,68 -156,913 1646383587
1 1 36 4,68 -4,49 -156,987 1646383587
1 1 37 27,00 0,00 -156,950 1646383589
1 1 37 27,50 0,00 -156,895 1646383590
1 1 37 27,43 0,25 -156,968 1646383590
1 1 37 27,25 0,43 -156,944 1646383590
1 1 37 27,00 0,50 -156,950 1646383591
1 1 37 26,75 0,43 -157,042 1646383592
1 1 37 26,57 0,25 -156,871 1646383592
1 1 37 26,50 0,00 -156,938 1646383592
1 1 37 26,57 -0,25 -156,956 1646383593
1 1 37 26,75 -0,43 -156,987 1646383593
1 1 37 27,00 -0,50 -156,938 1646383594
1 1 37 27,25 -0,43 -156,993 1646383594
1 1 37 27,43 -0,25 -156,974 1646383595
1 1 38 26,08 6,99 -156,962 1646383596
1 1 38 26,58 6,99 -156,871 1646383596
1 1 38 26,51 7,24 -156,950 1646383597
1 1 38 26,33 7,42 -156,883 1646383597
1 1 38 26,08 7,49 -156,962 1646383598
1 1 38 25,83 7,42 -156,981 1646383598
1 1 38 25,65 7,24 -156,962 1646383598
1 1 38 25,58 6,99 -156,956 1646383599
1 1 38 25,65 6,74 -156,974 1646383600
1 1 38 25,83 6,56 -156,968 1646383600
1 1 38 26,08 6,49 -156,871 1646383600
1 1 38 26,33 6,56 -156,938 1646383601
1 1 38 26,51 6,74 -156,779 1646383601
1 1 39 23,38 13,50 -156,950 1646383602
1 1 39 23,88 13,50 -156,938 1646383603
1 1 39 23,82 13,75 -156,999 1646383603
1 1 39 23,63 13,93 -156,956 1646383603
1 1 39 23,38 14,00 -156,938 1646383604
1 1 39 23,13 13,93 -156,938 1646383604
1 1 39 22,95 13,75 -156,968 1646383605
1 1 39 22,88 13,50 -156,981 1646383605
1 1 39 22,95 13,25 -156,974 1646383606
1 1 39 23,13 13,07 -156,901 1646383606
1 1 39 23,38 13,00 -156,950 1646383607
1 1 39 23,63 13,07 -156,962 1646383607
1 1 39 23,82 13,25 -156,932 1646383608
1 1 40 19,09 19,09 -156,889 1646383608
1 1 40 19,59 19,09 -156,962 1646383609
1 1 40 19,52 19,34 -156,907 1646383609
1 1 40 19,34 19,52 -156,932 1646383610
1 1 40 19,09 19,59 -156,950 1646383610
1 1 40 18,84 19,52 -156,907 1646383611
1 1 40 18,66 19,34 -157,017 1646383611
1 1 40 18,59 19,09 -156,877 1646383612
1 1 40 18,66 18,84 -156,950 1646383613
1 1 40 18,84 18,66 -156,950 1646383613
1 1 40 19,09 18,59 -156,956 1646383614
1 1 40 19,34 18,66 -156,993 1646383614
1 1 40 19,52 18,84 -157,005 1646383614
1 1 41 13,50 23,38 -156,950 1646383615
1 1 41 14,00 23,38 -156,987 1646383616
1 1 41 13,93 23,63 -156,993 1646383616
1 1 41 13,75 23,82 -156,956 1646383616
1 1 41 13,50 23,88 -156,932 1646383617
1 1 41 13,25 23,82 -156,981 1646383617
1 1 41 13,07 23,63 -156,889 1646383618
1 1 41 13,00 23,38 -156,999 1646383618
1 1 41 13,07 23,13 -156,938 1646383619
1 1 41 13,25 22,95 -156,932 1646383619
1 1 41 13,50 22,88 -156,907 1646383620
1 1 41 13,75 22,95 -156,913 1646383620
1 1 41 13,93 23,13 -156,993 1646383621
1 1 42 6,99 26,08 -156,944 1646383622
1 1 42 7,49 26,08 -156,987 1646383622
1 1 42 7,42 26,33 -156,993 1646383623
1 1 42 7,24 26,51 -156,944 1646383623
1 1 42 6,99 26,58 -156,938 1646383624
1 1 42 6,74 26,51 -156,944 1646383624
1 1 42 6,56 26,33 -157,029 1646383624
1 1 42 6,49 26,08 -156,956 1646383625
1 1 42 6,56 25,83 -156,889 1646383626
1 1 42 6,74 25,65 -157,023 1646383626
1 1 42 6,99 25,58 -156,993 1646383626
1 1 42 7,24 25,65 -156,938 1646383627
1 1 42 7,42 25,83 -156,907 1646383627
1 1 43 0,00 27,00 -156,987 1646383628
1 1 43 0,50 27,00 -156,950 1646383629
1 1 43 0,43 27,25 -156,999 1646383629
1 1 43 0,25 27,43 -156,938 1646383629
1 1 43 0,00 27,50 -156,913 1646383630
1 1 43 -0,25 27,43 -156,932 1646383630
1 1 43 -0,43 27,25 -156,926 1646383631
1 1 43 -0,50 27,00 -156,968 1646383631
1 1 43 -0,43 26,75 -156,993 1646383632
1 1 43 -0,25 26,57 -156,950 1646383632
1 1 43 0,00 26,50 -156,987 1646383633
1 1 43 0,25 26,57 -156,907 1646383633
1 1 43 0,43 26,75 -156,987 1646383634
1 1 44 -6,99 26,08 -156,919 1646383635
1 1 44 -6,49 26,08 -156,919 1646383635
1 1 44 -6,56 26,33 -157,005 1646383636
1 1 44 -6,74 26,51 -156,907 1646383636
1 1 44 -6,99 26,58 -156,956 1646383637
1 1 44 -7,24 26,51 -156,901 1646383637
1 1 44 -7,42 26,33 -156,944 1646383637
1 1 44 -7,49 26,08 -156,846 1646383638
1 1 44 -7,42 25,83 -156,889 1646383639
1 1 44 -7,24 25,65 -156,932 1646383639
1 1 44 -6,99 25,58 -156,974 1646383639
1 1 44 -6,74 25,65 -156,944 1646383640
1 1 44 -6,56 25,83 -156,968 1646383640
1 1 45 -13,50 23,38 -156,938 1646383641
1 1 45 -13,00 23,38 -156,950 1646383642
1 1 45 -13,07 23,63 -156,962 1646383642
1 1 45 -13,25 23,82 -156,968 1646383643
1 1 45 -13,50 23,88 -156,993 1646383643
1 1 45 -13,75 23,82 -156,944 1646383644
1 1 45 -13,93 23,63 -157,029 1646383644
1 1 45 -14,00 23,38 -156,950 1646383645
1 1 45 -13,93 23,13 -156,999 1646383645
1 1 45 -13,75 22,95 -157,005 1646383646
1 1 45 -13,50 22,88 -157,005 1646383646
1 1 45 -13,25 22,95 -156,932 1646383647
1 1 45 -13,07 23,13 -156,926 1646383647
1 1 46 -19,09 19,09 -156,950 1646383648
1 1 46 -18,59 19,09 -156,950 1646383648
1 1 46 -18,66 19,34 -156,999 1646383648
1 1 46 -18,84 19,52 -156,956 1646383649
1 1 46 -19,09 19,59 -156,956 1646383650
1 1 46 -19,34 19,52 -156,938 1646383651
1 1 46 -19,52 19,34 -156,950 1646383651
1 1 46 -19,59 19,09 -157,011 1646383651
1 1 46 -19,52 18,84 -156,932 1646383652
1 1 46 -19,34 18,66 -156,999 1646383652
1 1 46 -19,09 18,59 -156,999 1646383653
1 1 46 -18,84 18,66 -156,993 1646383653
1 1 46 -18,66 18,84 -156,999 1646383654
1 1 47 -23,38 13,50 -156,974 1646383654
1 1 47 -22,88 13,50 -157,005 1646383655
1 1 47 -22,95 13,75 -156,993 1646383655
1 1 47 -23,13 13,93 -156,950 1646383656
1 1 47 -23,38 14,00 -156,926 1646383656
1 1 47 -23,63 13,93 -156,932 1646383656
1 1 47 -23,82 13,75 -156,993 1646383657
1 1 47 -23,88 13,50 -156,950 1646383657
1 1 47 -23,82 13,25 -156,907 1646383658
1 1 47 -23,63 13,07 -157,066 1646383658
1 1 47 -23,38 13,00 -156,956 1646383659
1 1 47 -23,13 13,07 -156,956 1646383659
1 1 47 -22,95 13,25 -156,962 1646383660
1 1 48 -26,08 6,99 -157,151 1646383661
1 1 48 -25,58 6,99 -156,871 1646383661
1 1 48 -25,65 7,24 -156,956 1646383661
1 1 48 -25,83 7,42 -156,938 1646383662
1 1 48 -26,08 7,49 -157,145 1646383662
1 1 48 -26,33 7,42 -156,724 1646383662
1 1 48 -26,51 7,24 -156,962 1646383663
1 1 48 -26,58 6,99 -156,962 1646383663
1 1 48 -26,51 6,74 -156,956 1646383663
1 1 48 -26,33 6,56 -156,932 1646383664
1 1 48 -26,08 6,49 -156,950 1646383665
1 1 48 -25,83 6,56 -156,944 1646383665
1 1 48 -25,65 6,74 -156,932 1646383665
1 1 49 -27,00 0,00 -156,981 1646383666
1 1 49 -26,50 0,00 -156,938 1646383667
1 1 49 -26,57 0,25 -156,993 1646383667
1 1 49 -26,75 0,43 -156,913 1646383668
1 1 49 -27,00 0,50 -156,895 1646383669
1 1 49 -27,25 0,43 -156,987 1646383669
1 1 49 -27,43 0,25 -156,987 1646383669
1 1 49 -27,50 0,00 -156,987 1646383670
1 1 49 -27,43 -0,25 -156,987 1646383671
1 1 49 -27,25 -0,43 -156,907 1646383671
1 1 49 -27,00 -0,50 -156,981 1646383672
1 1 49 -26,75 -0,43 -156,993 1646383672
1 1 49 -26,57 -0,25 -156,968 1646383672
1 1 50 -26,08 -6,99 -156,999 1646383673
1 1 50 -25,58 -6,99 -156,987 1646383674
1 1 50 -25,65 -6,74 -157,060 1646383675
1 1 50 -25,83 -6,56 -156,834 1646383675
1 1 50 -26,08 -6,49 -156,987 1646383675
1 1 50 -26,33 -6,56 -157,035 1646383676
1 1 50 -26,51 -6,74 -156,871 1646383676
1 1 50 -26,58 -6,99 -156,950 1646383677
1 1 50 -26,51 -7,24 -157,005 1646383678
1 1 50 -26,33 -7,42 -156,999 1646383678
1 1 50 -26,08 -7,49 -156,907 1646383678
1 1 50 -25,83 -7,42 -156,846 1646383679
1 1 50 -25,65 -7,24 -157,084 1646383679
1 1 51 -23,38 -13,50 -156,968 1646383680
1 1 51 -22,88 -13,50 -156,907 1646383681
1 1 51 -22,95 -13,25 -156,950 1646383682
1 1 51 -23,13 -13,07 -157,023 1646383682
1 1 51 -23,38 -13,00 -156,993 1646383682
1 1 51 -23,63 -13,07 -157,005 1646383683
1 1 51 -23,82 -13,25 -156,938 1646383683
1 1 51 -23,88 -13,50 -156,987 1646383684
1 1 51 -23,82 -13,75 -157,054 1646383684
1 1 51 -23,63 -13,93 -156,974 1646383685
1 1 51 -23,38 -14,00 -156,938 1646383685
1 1 51 -23,13 -13,93 -156,950 1646383686
1 1 51 -22,95 -13,75 -156,944 1646383686
1 1 52 -19,09 -19,09 -156,950 1646383687
1 1 52 -18,59 -19,09 -156,981 1646383687
1 1 52 -18,66 -18,84 -157,011 1646383688
1 1 52 -18,84 -18,66 -157,017 1646383688
1 1 52 -19,09 -18,59 -156,932 1646383689
1 1 52 -19,34 -18,66 -156,944 1646383690
1 1 52 -19,52 -18,84 -156,932 1646383690
1 1 52 -19,59 -19,09 -156,950 1646383690
1 1 52 -19,52 -19,34 -156,962 1646383691
1 1 52 -19,34 -19,52 -156,999 1646383691
1 1 52 -19,09 -19,59 -156,895 1646383692
1 1 52 -18,84 -19,52 -156,950 1646383692
1 1 52 -18,66 -19,34 -156,932 1646383693
1 1 53 -13,50 -23,38 -156,913 1646383693
1 1 53 -13,00 -23,38 -156,871 1646383694
1 1 53 -13,07 -23,13 -156,993 1646383694
1 1 53 -13,25 -22,95 -156,950 1646383695
1 1 53 -13,50 -22,88 -156,993 1646383696
1 1 53 -13,75 -22,95 -156,956 1646383696
1 1 53 -13,93 -23,13 -157,035 1646383696
1 1 53 -14,00 -23,38 -157,054 1646383697
1 1 53 -13,93 -23,63 -156,956 1646383698
1 1 53 -13,75 -23,82 -156,987 1646383698
1 1 53 -13,50 -23,88 -156,968 1646383698
1 1 53 -13,25 -23,82 -156,962 1646383699
1 1 53 -13,07 -23,63 -156,944 1646383699
1 1 54 -6,99 -26,08 -156,987 1646383700
1 1 54 -6,49 -26,08 -156,981 1646383700
1 1 54 -6,56 -25,83 -156,950 1646383701
1 1 54 -6,74 -25,65 -156,956 1646383701
1 1 54 -6,99 -25,58 -156,907 1646383701
1 1 54 -7,24 -25,65 -156,913 1646383702
1 1 54 -7,42 -25,83 -156,956 1646383702
1 1 54 -7,49 -26,08 -156,950 1646383703
1 1 54 -7,42 -26,33 -156,974 1646383703
1 1 54 -7,24 -26,51 -156,962 1646383704
1 1 54 -6,99 -26,58 -156,938 1646383704
1 1 54 -6,74 -26,51 -156,981 1646383705
1 1 54 -6,56 -26,33 -156,956 1646383705
1 1 55 -0,00 -27,00 -156,993 1646383706
1 1 55 0,50 -27,00 -156,956 1646383706
1 1 55 0,43 -26,75 -156,944 1646383707
1 1 55 0,25 -26,57 -156,962 1646383707
1 1 55 -0,00 -26,50 -156,907 1646383708
1 1 55 -0,25 -26,57 -156,956 1646383709
1 1 55 -0,43 -26,75 -156,987 1646383709
1 1 55 -0,50 -27,00 -157,011 1646383709
1 1 55 -0,43 -27,25 -156,962 1646383710
1 1 55 -0,25 -27,43 -156,956 1646383710
1 1 55 -0,00 -27,50 -156,938 1646383711
1 1 55 0,25 -27,43 -156,938 1646383711
1 1 55 0,43 -27,25 -156,950 1646383712
1 1 56 6,99 -26,08 -156,926 1646383713
1 1 56 7,49 -26,08 -156,865 1646383713
1 1 56 7,42 -25,83 -156,956 1646383714
1 1 56 7,24 -25,65 -156,993 1646383714
1 1 56 6,99 -25,58 -156,938 1646383715
1 1 56 6,74 -25,65 -156,907 1646383715
1 1 56 6,56 -25,83 -156,944 1646383715
1 1 56 6,49 -26,08 -156,901 1646383716
1 1 56 6,56 -26,33 -156,950 1646383717
1 1 56 6,74 -26,51 -156,938 1646383717
1 1 56 6,99 -26,58 -157,005 1646383717
1 1 56 7,24 -26,51 -156,968 1646383718
1 1 56 7,42 -26,33 -156,968 1646383718
1 1 57 13,50 -23,38 -156,950 1646383719
1 1 57 14,00 -23,38 -156,987 1646383719
1 1 57 13,93 -23,13 -156,974 1646383720
1 1 57 13,75 -22,95 -156,999 1646383720
1 1 57 13,50 -22,88 -156,950 1646383720
1 1 57 13,25 -22,95 -157,011 1646383721
1 1 57 13,07 -23,13 -157,011 1646383721
1 1 57 13,00 -23,38 -156,968 1646383722
1 1 57 13,07 -23,63 -156,987 1646383723
1 1 57 13,25 -23,82 -156,938 1646383723
1 1 57 13,50 -23,88 -157,005 1646383723
1 1 57 13,75 -23,82 -156,938 1646383724
1 1 57 13,93 -23,63 -156,987 1646383724
1 1 58 19,09 -19,09 -156,932 1646383725
1 1 58 19,59 -19,09 -156,938 1646383726
1 1 58 19,52 -18,84 -156,883 1646383726
1 1 58 19,34 -18,66 -156,919 1646383727
1 1 58 19,09 -18,59 -156,956 1646383727
1 1 58 18,84 -18,66 -157,042 1646383728
1 1 58 18,66 -18,84 -156,901 1646383728
1 1 58 18,59 -19,09 -156,981 1646383729
1 1 58 18,66 -19,34 -156,999 1646383729
1 1 58 18,84 -19,52 -156,938 1646383730
1 1 58 19,09 -19,59 -156,950 1646383730
1 1 58 19,34 -19,52 -156,871 1646383731
1 1 58 19,52 -19,34 -156,901 1646383731
1 1 59 23,38 -13,50 -156,901 1646383732
1 1 59 23,88 -13,50 -157,005 1646383732
1 1 59 23,82 -13,25 -156,926 1646383733
1 1 59 23,63 -13,07 -156,993 1646383733
1 1 59 23,38 -13,00 -156,938 1646383734
1 1 59 23,13 -13,07 -156,944 1646383734
1 1 59 22,95 -13,25 -156,944 1646383735
1 1 59 22,88 -13,50 -156,993 1646383735
1 1 59 22,95 -13,75 -156,987 1646383736
1 1 59 23,13 -13,93 -156,981 1646383736
1 1 59 23,38 -14,00 -156,919 1646383737
1 1 59 23,63 -13,93 -156,974 1646383737
1 1 59 23,82 -13,75 -156,907 1646383738
1 1 60 26,08 -6,99 -156,981 1646383739
1 1 60 26,58 -6,99 -156,962 1646383739
1 1 60 26,51 -6,74 -156,950 1646383739
1 1 60 26,33 -6,56 -157,011 1646383740
1 1 60 26,08 -6,49 -156,968 1646383740
1 1 60 25,83 -6,56 -157,005 1646383740
1 1 60 25,65 -6,74 -156,950 1646383741
1 1 60 25,58 -6,99 -156,956 1646383742
1 1 60 25,65 -7,24 -156,938 1646383742
1 1 60 25,83 -7,42 -156,950 1646383742
1 1 60 26,08 -7,49 -156,968 1646383743
1 1 60 26,33 -7,42 -156,987 1646383743
1 1 60 26,51 -7,24 -156,956 1646383744
