1 1 1 4,24 4,24 -156,962 1646386545
1 1 1 4,74 4,24 -156,981 1646386545
1 1 1 4,68 4,49 -157,048 1646386545
1 1 1 4,49 4,68 -156,987 1646386546
1 1 1 4,24 4,74 -156,901 1646386546
1 1 1 3,99 4,68 -156,919 1646386547
1 1 1 3,81 4,49 -156,871 1646386547
1 1 1 3,74 4,24 -156,968 1646386547
1 1 1 3,81 3,99 -156,950 1646386548
1 1 1 3,99 3,81 -156,956 1646386548
1 1 1 4,24 3,74 -156,926 1646386548
1 1 1 4,49 3,81 -156,962 1646386549
1 1 1 4,68 3,99 -156,944 1646386549
1 1 2 3,36 12,56 -156,822 1646386550
1 1 2 3,86 12,56 -156,956 1646386550
1 1 2 3,80 12,81 -157,011 1646386550
1 1 2 3,61 12,99 -156,907 1646386551
1 1 2 3,36 13,06 -156,858 1646386551
1 1 2 3,11 12,99 -156,883 1646386551
1 1 2 2,93 12,81 -156,950 1646386551
1 1 2 2,86 12,56 -156,919 1646386552
1 1 2 2,93 12,31 -156,901 1646386552
1 1 2 3,11 12,12 -156,962 1646386552
1 1 2 3,36 12,06 -156,956 1646386553
1 1 2 3,61 12,12 -157,005 1646386553
1 1 2 3,80 12,31 -156,901 1646386553
1 1 3 9,19 9,19 -156,981 1646386554
1 1 3 9,69 9,19 -156,932 1646386555
1 1 3 9,63 9,44 -156,865 1646386555
1 1 3 9,44 9,63 -156,907 1646386556
1 1 3 9,19 9,69 -156,981 1646386556
1 1 3 8,94 9,63 -156,968 1646386557
1 1 3 8,76 9,44 -156,938 1646386557
1 1 3 8,69 9,19 -156,901 1646386557
1 1 3 8,76 8,94 -156,944 1646386558
1 1 3 8,94 8,76 -156,974 1646386558
1 1 3 9,19 8,69 -156,981 1646386558
1 1 3 9,44 8,76 -156,932 1646386558
1 1 3 9,63 8,94 -156,938 1646386559
1 1 4 12,56 3,36 -156,913 1646386559
1 1 4 13,06 3,36 -156,938 1646386560
1 1 4 12,99 3,61 -156,968 1646386560
1 1 4 12,81 3,80 -156,907 1646386560
1 1 4 12,56 3,86 -156,938 1646386560
1 1 4 12,31 3,80 -156,913 1646386561
1 1 4 12,12 3,61 -156,932 1646386561
1 1 4 12,06 3,36 -156,956 1646386561
1 1 4 12,12 3,11 -156,907 1646386561
1 1 4 12,31 2,93 -156,889 1646386562
1 1 4 12,56 2,86 -156,956 1646386562
1 1 4 12,81 2,93 -156,907 1646386562
1 1 4 12,99 3,11 -156,944 1646386562
1 1 5 19,32 5,18 -157,011 1646386563
1 1 5 19,82 5,18 -156,956 1646386564
1 1 5 19,75 5,43 -156,956 1646386564
1 1 5 19,57 5,61 -156,919 1646386564
1 1 5 19,32 5,68 -156,877 1646386564
1 1 5 19,07 5,61 -156,938 1646386565
1 1 5 18,89 5,43 -156,883 1646386565
1 1 5 18,82 5,18 -156,913 1646386565
1 1 5 18,89 4,93 -156,877 1646386565
1 1 5 19,07 4,74 -156,962 1646386565
1 1 5 19,32 4,68 -156,919 1646386566
1 1 5 19,57 4,74 -156,919 1646386566
1 1 5 19,75 4,93 -156,981 1646386566
1 1 6 17,32 10,00 -156,987 1646386567
1 1 6 17,82 10,00 -156,871 1646386567
1 1 6 17,75 10,25 -156,932 1646386568
1 1 6 17,57 10,43 -156,926 1646386568
1 1 6 17,32 10,50 -156,926 1646386568
1 1 6 17,07 10,43 -156,950 1646386568
1 1 6 16,89 10,25 -156,938 1646386569
1 1 6 16,82 10,00 -156,950 1646386569
1 1 6 16,89 9,75 -156,907 1646386569
1 1 6 17,07 9,57 -156,883 1646386569
1 1 6 17,32 9,50 -156,993 1646386570
1 1 6 17,57 9,57 -156,993 1646386570
1 1 6 17,75 9,75 -156,926 1646386570
1 1 7 14,14 14,14 -156,913 1646386571
1 1 7 14,64 14,14 -156,938 1646386571
1 1 7 14,58 14,39 -156,981 1646386572
1 1 7 14,39 14,58 -156,907 1646386572
1 1 7 14,14 14,64 -156,956 1646386572
1 1 7 13,89 14,58 -156,974 1646386572
1 1 7 13,71 14,39 -156,938 1646386572
1 1 7 13,64 14,14 -156,981 1646386573
1 1 7 13,71 13,89 -156,932 1646386573
1 1 7 13,89 13,71 -156,926 1646386573
1 1 7 14,14 13,64 -156,889 1646386573
1 1 7 14,39 13,71 -156,901 1646386574
1 1 7 14,58 13,89 -156,950 1646386574
1 1 8 10,00 17,32 -156,932 1646386575
1 1 8 10,50 17,32 -156,938 1646386575
1 1 8 10,43 17,57 -156,932 1646386575
1 1 8 10,25 17,75 -156,852 1646386576
1 1 8 10,00 17,82 -156,987 1646386576
1 1 8 9,75 17,75 -156,907 1646386576
1 1 8 9,57 17,57 -156,907 1646386576
1 1 8 9,50 17,32 -156,919 1646386577
1 1 8 9,57 17,07 -156,907 1646386577
1 1 8 9,75 16,89 -156,956 1646386577
1 1 8 10,00 16,82 -156,950 1646386577
1 1 8 10,25 16,89 -156,950 1646386577
1 1 8 10,43 17,07 -156,919 1646386578
1 1 9 5,18 19,32 -156,938 1646386578
1 1 9 5,68 19,32 -156,907 1646386579
1 1 9 5,61 19,57 -156,907 1646386579
1 1 9 5,43 19,75 -156,938 1646386579
1 1 9 5,18 19,82 -156,932 1646386580
1 1 9 4,93 19,75 -156,883 1646386580
1 1 9 4,74 19,57 -156,901 1646386580
1 1 9 4,68 19,32 -156,938 1646386581
1 1 9 4,74 19,07 -156,907 1646386581
1 1 9 4,93 18,89 -156,974 1646386581
1 1 9 5,18 18,82 -156,944 1646386581
1 1 9 5,43 18,89 -156,956 1646386582
1 1 9 5,61 19,07 -156,987 1646386582
1 1 10 -5,18 19,32 -156,962 1646386583
1 1 10 -4,68 19,32 -156,919 1646386583
1 1 10 -4,74 19,57 -156,950 1646386583
1 1 10 -4,93 19,75 -156,907 1646386584
1 1 10 -5,18 19,82 -156,944 1646386584
1 1 10 -5,43 19,75 -156,968 1646386584
1 1 10 -5,61 19,57 -156,938 1646386584
1 1 10 -5,68 19,32 -156,950 1646386585
1 1 10 -5,61 19,07 -157,011 1646386585
1 1 10 -5,43 18,89 -156,950 1646386585
1 1 10 -5,18 18,82 -156,944 1646386585
1 1 10 -4,93 18,89 -157,011 1646386586
1 1 10 -4,74 19,07 -156,944 1646386586
1 1 11 -10,00 17,32 -156,938 1646386587
1 1 11 -9,50 17,32 -156,993 1646386587
1 1 11 -9,57 17,57 -156,987 1646386587
1 1 11 -9,75 17,75 -156,907 1646386588
1 1 11 -10,00 17,82 -156,907 1646386588
1 1 11 -10,25 17,75 -156,974 1646386588
1 1 11 -10,43 17,57 -156,987 1646386588
1 1 11 -10,50 17,32 -156,926 1646386588
1 1 11 -10,43 17,07 -156,919 1646386589
1 1 11 -10,25 16,89 -157,005 1646386589
1 1 11 -10,00 16,82 -156,932 1646386589
1 1 11 -9,75 16,89 -156,962 1646386589
1 1 11 -9,57 17,07 -156,974 1646386590
1 1 12 -14,14 14,14 -157,017 1646386590
1 1 12 -13,64 14,14 -156,962 1646386591
1 1 12 -13,71 14,39 -156,938 1646386591
1 1 12 -13,89 14,58 -156,962 1646386591
1 1 12 -14,14 14,64 -156,999 1646386592
1 1 12 -14,39 14,58 -156,981 1646386592
1 1 12 -14,58 14,39 -156,834 1646386592
1 1 12 -14,64 14,14 -156,907 1646386592
1 1 12 -14,58 13,89 -156,956 1646386593
1 1 12 -14,39 13,71 -156,987 1646386593
1 1 12 -14,14 13,64 -156,962 1646386593
1 1 12 -13,89 13,71 -156,938 1646386593
1 1 12 -13,71 13,89 -156,913 1646386593
1 1 13 -17,32 10,00 -156,932 1646386594
1 1 13 -16,82 10,00 -157,017 1646386595
1 1 13 -16,89 10,25 -156,956 1646386595
1 1 13 -17,07 10,43 -157,029 1646386595
1 1 13 -17,32 10,50 -156,999 1646386595
1 1 13 -17,57 10,43 -156,938 1646386596
1 1 13 -17,75 10,25 -156,962 1646386596
1 1 13 -17,82 10,00 -156,956 1646386596
1 1 13 -17,75 9,75 -156,956 1646386596
1 1 13 -17,57 9,57 -156,974 1646386596
1 1 13 -17,32 9,50 -156,993 1646386597
1 1 13 -17,07 9,57 -156,981 1646386597
1 1 13 -16,89 9,75 -156,962 1646386597
1 1 14 -19,32 5,18 -157,011 1646386598
1 1 14 -18,82 5,18 -156,993 1646386598
1 1 14 -18,89 5,43 -156,962 1646386599
1 1 14 -19,07 5,61 -156,926 1646386599
1 1 14 -19,32 5,68 -156,987 1646386599
1 1 14 -19,57 5,61 -156,834 1646386599
1 1 14 -19,75 5,43 -156,901 1646386600
1 1 14 -19,82 5,18 -156,907 1646386600
1 1 14 -19,75 4,93 -156,877 1646386600
1 1 14 -19,57 4,74 -156,938 1646386600
1 1 14 -19,32 4,68 -156,938 1646386601
1 1 14 -19,07 4,74 -156,956 1646386601
1 1 14 -18,89 4,93 -156,993 1646386601
1 1 15 -12,56 3,36 -156,950 1646386602
1 1 15 -12,06 3,36 -156,974 1646386602
1 1 15 -12,12 3,61 -156,962 1646386603
1 1 15 -12,31 3,80 -156,938 1646386603
1 1 15 -12,56 3,86 -156,938 1646386603
1 1 15 -12,81 3,80 -156,932 1646386603
1 1 15 -12,99 3,61 -156,852 1646386603
1 1 15 -13,06 3,36 -156,950 1646386604
1 1 15 -12,99 3,11 -156,944 1646386604
1 1 15 -12,81 2,93 -156,962 1646386604
1 1 15 -12,56 2,86 -156,987 1646386604
1 1 15 -12,31 2,93 -156,938 1646386605
1 1 15 -12,12 3,11 -156,993 1646386605
1 1 16 -9,19 9,19 -156,993 1646386606
1 1 16 -8,69 9,19 -156,932 1646386606
1 1 16 -8,76 9,44 -157,115 1646386606
1 1 16 -8,94 9,63 -156,913 1646386607
1 1 16 -9,19 9,69 -156,901 1646386607
1 1 16 -9,44 9,63 -156,968 1646386607
1 1 16 -9,63 9,44 -156,944 1646386607
1 1 16 -9,69 9,19 -156,950 1646386608
1 1 16 -9,63 8,94 -156,993 1646386608
1 1 16 -9,44 8,76 -156,938 1646386608
1 1 16 -9,19 8,69 -156,962 1646386608
1 1 16 -8,94 8,76 -156,993 1646386608
1 1 16 -8,76 8,94 -156,871 1646386609
1 1 17 -3,36 12,56 -156,944 1646386609
1 1 17 -2,86 12,56 -156,950 1646386610
1 1 17 -2,93 12,81 -156,974 1646386610
1 1 17 -3,11 12,99 -156,950 1646386610
1 1 17 -3,36 13,06 -156,944 1646386611
1 1 17 -3,61 12,99 -156,956 1646386611
1 1 17 -3,80 12,81 -156,913 1646386611
1 1 17 -3,86 12,56 -156,968 1646386611
1 1 17 -3,80 12,31 -156,919 1646386612
1 1 17 -3,61 12,12 -156,974 1646386612
1 1 17 -3,36 12,06 -156,974 1646386612
1 1 17 -3,11 12,12 -156,944 1646386612
1 1 17 -2,93 12,31 -157,011 1646386613
1 1 18 -4,24 4,24 -156,993 1646386613
1 1 18 -3,74 4,24 -156,956 1646386614
1 1 18 -3,81 4,49 -156,926 1646386614
1 1 18 -3,99 4,68 -156,974 1646386614
1 1 18 -4,24 4,74 -156,919 1646386615
1 1 18 -4,49 4,68 -156,999 1646386615
1 1 18 -4,68 4,49 -156,950 1646386615
1 1 18 -4,74 4,24 -156,907 1646386615
1 1 18 -4,68 3,99 -156,974 1646386616
1 1 18 -4,49 3,81 -156,846 1646386616
1 1 18 -4,24 3,74 -156,950 1646386616
1 1 18 -3,99 3,81 -156,968 1646386616
1 1 18 -3,81 3,99 -156,962 1646386616
1 1 19 -4,24 -4,24 -157,005 1646386617
1 1 19 -3,74 -4,24 -157,017 1646386618
1 1 19 -3,81 -3,99 -156,999 1646386618
1 1 19 -3,99 -3,81 -156,956 1646386619
1 1 19 -4,24 -3,74 -156,938 1646386619
1 1 19 -4,49 -3,81 -156,962 1646386619
1 1 19 -4,68 -3,99 -156,944 1646386619
1 1 19 -4,74 -4,24 -156,993 1646386619
1 1 19 -4,68 -4,49 -156,993 1646386620
1 1 19 -4,49 -4,68 -156,938 1646386620
1 1 19 -4,24 -4,74 -156,956 1646386620
1 1 19 -3,99 -4,68 -156,919 1646386620
1 1 19 -3,81 -4,49 -156,962 1646386621
1 1 20 -3,36 -12,56 -156,968 1646386622
1 1 20 -2,86 -12,56 -156,944 1646386622
1 1 20 -2,93 -12,31 -156,938 1646386622
1 1 20 -3,11 -12,12 -156,926 1646386622
1 1 20 -3,36 -12,06 -157,011 1646386623
1 1 20 -3,61 -12,12 -156,877 1646386623
1 1 20 -3,80 -12,31 -156,956 1646386623
1 1 20 -3,86 -12,56 -156,987 1646386623
1 1 20 -3,80 -12,81 -156,956 1646386624
1 1 20 -3,61 -12,99 -156,956 1646386624
1 1 20 -3,36 -13,06 -156,907 1646386624
1 1 20 -3,11 -12,99 -156,987 1646386624
1 1 20 -2,93 -12,81 -156,968 1646386625
1 1 21 -9,19 -9,19 -157,011 1646386625
1 1 21 -8,69 -9,19 -156,987 1646386626
1 1 21 -8,76 -8,94 -156,981 1646386626
1 1 21 -8,94 -8,76 -156,950 1646386626
1 1 21 -9,19 -8,69 -156,944 1646386627
1 1 21 -9,44 -8,76 -156,944 1646386627
1 1 21 -9,63 -8,94 -156,901 1646386627
1 1 21 -9,69 -9,19 -156,907 1646386627
1 1 21 -9,63 -9,44 -156,901 1646386627
1 1 21 -9,44 -9,63 -156,956 1646386628
1 1 21 -9,19 -9,69 -156,987 1646386628
1 1 21 -8,94 -9,63 -156,883 1646386628
1 1 21 -8,76 -9,44 -156,999 1646386628
1 1 22 -12,56 -3,36 -156,950 1646386629
1 1 22 -12,06 -3,36 -157,017 1646386630
1 1 22 -12,12 -3,11 -157,048 1646386630
1 1 22 -12,31 -2,93 -156,999 1646386630
1 1 22 -12,56 -2,86 -156,962 1646386630
1 1 22 -12,81 -2,93 -156,926 1646386631
1 1 22 -12,99 -3,11 -156,993 1646386631
1 1 22 -13,06 -3,36 -156,907 1646386631
1 1 22 -12,99 -3,61 -156,932 1646386631
1 1 22 -12,81 -3,80 -156,993 1646386632
1 1 22 -12,56 -3,86 -156,895 1646386632
1 1 22 -12,31 -3,80 -156,950 1646386632
1 1 22 -12,12 -3,61 -156,981 1646386632
1 1 23 -19,32 -5,18 -156,907 1646386633
1 1 23 -18,82 -5,18 -156,932 1646386634
1 1 23 -18,89 -4,93 -156,895 1646386634
1 1 23 -19,07 -4,74 -156,981 1646386634
1 1 23 -19,32 -4,68 -156,956 1646386634
1 1 23 -19,57 -4,74 -156,987 1646386635
1 1 23 -19,75 -4,93 -156,956 1646386635
1 1 23 -19,82 -5,18 -156,901 1646386635
1 1 23 -19,75 -5,43 -156,932 1646386635
1 1 23 -19,57 -5,61 -156,828 1646386635
1 1 23 -19,32 -5,68 -156,919 1646386636
1 1 23 -19,07 -5,61 -156,938 1646386636
1 1 23 -18,89 -5,43 -156,956 1646386636
1 1 24 -17,32 -10,00 -156,968 1646386637
1 1 24 -16,82 -10,00 -156,993 1646386637
1 1 24 -16,89 -9,75 -156,993 1646386638
1 1 24 -17,07 -9,57 -156,956 1646386638
1 1 24 -17,32 -9,50 -156,932 1646386638
1 1 24 -17,57 -9,57 -156,907 1646386638
1 1 24 -17,75 -9,75 -156,913 1646386639
1 1 24 -17,82 -10,00 -156,993 1646386639
1 1 24 -17,75 -10,25 -156,919 1646386639
1 1 24 -17,57 -10,43 -157,035 1646386639
1 1 24 -17,32 -10,50 -157,115 1646386640
1 1 24 -17,07 -10,43 -156,919 1646386640
1 1 24 -16,89 -10,25 -156,962 1646386640
1 1 25 -14,14 -14,14 -156,950 1646386641
1 1 25 -13,64 -14,14 -156,883 1646386641
1 1 25 -13,71 -13,89 -156,907 1646386641
1 1 25 -13,89 -13,71 -156,950 1646386642
1 1 25 -14,14 -13,64 -156,944 1646386642
1 1 25 -14,39 -13,71 -156,865 1646386642
1 1 25 -14,58 -13,89 -156,956 1646386642
1 1 25 -14,64 -14,14 -156,871 1646386643
1 1 25 -14,58 -14,39 -156,950 1646386643
1 1 25 -14,39 -14,58 -156,913 1646386643
1 1 25 -14,14 -14,64 -156,987 1646386643
1 1 25 -13,89 -14,58 -156,956 1646386643
1 1 25 -13,71 -14,39 -156,950 1646386644
1 1 26 -10,00 -17,32 -156,993 1646386644
1 1 26 -9,50 -17,32 -156,999 1646386645
1 1 26 -9,57 -17,07 -156,999 1646386645
1 1 26 -9,75 -16,89 -156,938 1646386645
1 1 26 -10,00 -16,82 -156,950 1646386646
1 1 26 -10,25 -16,89 -156,968 1646386646
1 1 26 -10,43 -17,07 -156,987 1646386646
1 1 26 -10,50 -17,32 -156,907 1646386647
1 1 26 -10,43 -17,57 -156,938 1646386647
1 1 26 -10,25 -17,75 -156,968 1646386647
1 1 26 -10,00 -17,82 -156,913 1646386647
1 1 26 -9,75 -17,75 -156,987 1646386647
1 1 26 -9,57 -17,57 -156,938 1646386648
1 1 27 -5,18 -19,32 -156,932 1646386648
1 1 27 -4,68 -19,32 -156,950 1646386649
1 1 27 -4,74 -19,07 -156,913 1646386649
1 1 27 -4,93 -18,89 -156,950 1646386649
1 1 27 -5,18 -18,82 -156,907 1646386650
1 1 27 -5,43 -18,89 -156,987 1646386650
1 1 27 -5,61 -19,07 -156,932 1646386650
1 1 27 -5,68 -19,32 -156,938 1646386650
1 1 27 -5,61 -19,57 -156,907 1646386651
1 1 27 -5,43 -19,75 -156,993 1646386651
1 1 27 -5,18 -19,82 -156,926 1646386651
1 1 27 -4,93 -19,75 -156,993 1646386651
1 1 27 -4,74 -19,57 -156,956 1646386651
1 1 28 5,18 -19,32 -156,852 1646386653
1 1 28 5,68 -19,32 -156,907 1646386653
1 1 28 5,61 -19,07 -156,938 1646386653
1 1 28 5,43 -18,89 -156,956 1646386653
1 1 28 5,18 -18,82 -156,907 1646386654
1 1 28 4,93 -18,89 -156,944 1646386654
1 1 28 4,74 -19,07 -156,889 1646386654
1 1 28 4,68 -19,32 -156,938 1646386654
1 1 28 4,74 -19,57 -156,944 1646386655
1 1 28 4,93 -19,75 -156,950 1646386655
1 1 28 5,18 -19,82 -156,932 1646386655
1 1 28 5,43 -19,75 -156,944 1646386655
1 1 28 5,61 -19,57 -156,907 1646386656
1 1 29 10,00 -17,32 -156,950 1646386656
1 1 29 10,50 -17,32 -156,981 1646386657
1 1 29 10,43 -17,07 -157,011 1646386657
1 1 29 10,25 -16,89 -156,913 1646386657
1 1 29 10,00 -16,82 -156,938 1646386657
1 1 29 9,75 -16,89 -156,987 1646386658
1 1 29 9,57 -17,07 -156,871 1646386658
1 1 29 9,50 -17,32 -156,999 1646386658
1 1 29 9,57 -17,57 -156,944 1646386658
1 1 29 9,75 -17,75 -156,950 1646386659
1 1 29 10,00 -17,82 -156,981 1646386659
1 1 29 10,25 -17,75 -156,913 1646386659
1 1 29 10,43 -17,57 -156,993 1646386660
1 1 30 14,14 -14,14 -156,883 1646386660
1 1 30 14,64 -14,14 -156,950 1646386661
1 1 30 14,58 -13,89 -156,956 1646386661
1 1 30 14,39 -13,71 -156,987 1646386661
1 1 30 14,14 -13,64 -156,981 1646386661
1 1 30 13,89 -13,71 -156,938 1646386662
1 1 30 13,71 -13,89 -156,907 1646386662
1 1 30 13,64 -14,14 -156,938 1646386662
1 1 30 13,71 -14,39 -156,919 1646386662
1 1 30 13,89 -14,58 -156,944 1646386663
1 1 30 14,14 -14,64 -156,993 1646386663
1 1 30 14,39 -14,58 -156,919 1646386663
1 1 30 14,58 -14,39 -156,901 1646386663
1 1 31 17,32 -10,00 -156,950 1646386664
1 1 31 17,82 -10,00 -156,944 1646386664
1 1 31 17,75 -9,75 -156,993 1646386665
1 1 31 17,57 -9,57 -156,871 1646386665
1 1 31 17,32 -9,50 -156,938 1646386665
1 1 31 17,07 -9,57 -156,950 1646386665
1 1 31 16,89 -9,75 -156,926 1646386666
1 1 31 16,82 -10,00 -156,944 1646386666
1 1 31 16,89 -10,25 -156,956 1646386666
1 1 31 17,07 -10,43 -156,895 1646386666
1 1 31 17,32 -10,50 -156,871 1646386667
1 1 31 17,57 -10,43 -156,987 1646386667
1 1 31 17,75 -10,25 -156,999 1646386667
1 1 32 19,32 -5,18 -156,919 1646386668
1 1 32 19,82 -5,18 -156,901 1646386668
1 1 32 19,75 -4,93 -156,913 1646386669
1 1 32 19,57 -4,74 -156,944 1646386669
1 1 32 19,32 -4,68 -157,035 1646386669
1 1 32 19,07 -4,74 -156,913 1646386669
1 1 32 18,89 -4,93 -156,944 1646386670
1 1 32 18,82 -5,18 -156,956 1646386670
1 1 32 18,89 -5,43 -156,944 1646386670
1 1 32 19,07 -5,61 -156,956 1646386670
1 1 32 19,32 -5,68 -156,932 1646386671
1 1 32 19,57 -5,61 -157,017 1646386671
1 1 32 19,75 -5,43 -156,981 1646386671
1 1 33 12,56 -3,36 -156,981 1646386672
1 1 33 13,06 -3,36 -156,944 1646386672
1 1 33 12,99 -3,11 -157,005 1646386673
1 1 33 12,81 -2,93 -156,877 1646386673
1 1 33 12,56 -2,86 -156,956 1646386673
1 1 33 12,31 -2,93 -156,913 1646386673
1 1 33 12,12 -3,11 -156,919 1646386674
1 1 33 12,06 -3,36 -156,938 1646386674
1 1 33 12,12 -3,61 -156,919 1646386674
1 1 33 12,31 -3,80 -156,981 1646386674
1 1 33 12,56 -3,86 -156,950 1646386675
1 1 33 12,81 -3,80 -156,901 1646386675
1 1 33 12,99 -3,61 -156,919 1646386675
1 1 34 9,19 -9,19 -156,938 1646386676
1 1 34 9,69 -9,19 -156,938 1646386676
1 1 34 9,63 -8,94 -156,938 1646386677
1 1 34 9,44 -8,76 -156,913 1646386677
1 1 34 9,19 -8,69 -156,999 1646386677
1 1 34 8,94 -8,76 -156,981 1646386677
1 1 34 8,76 -8,94 -156,944 1646386678
1 1 34 8,69 -9,19 -156,950 1646386678
1 1 34 8,76 -9,44 -156,932 1646386678
1 1 34 8,94 -9,63 -156,926 1646386678
1 1 34 9,19 -9,69 -156,974 1646386679
1 1 34 9,44 -9,63 -156,926 1646386679
1 1 34 9,63 -9,44 -156,938 1646386679
1 1 35 3,36 -12,56 -157,078 1646386680
1 1 35 3,86 -12,56 -156,889 1646386680
1 1 35 3,80 -12,31 -157,011 1646386681
1 1 35 3,61 -12,12 -156,950 1646386681
1 1 35 3,36 -12,06 -157,060 1646386681
1 1 35 3,11 -12,12 -156,913 1646386681
1 1 35 2,93 -12,31 -156,883 1646386681
1 1 35 2,86 -12,56 -156,956 1646386682
1 1 35 2,93 -12,81 -156,901 1646386682
1 1 35 3,11 -12,99 -156,981 1646386682
1 1 35 3,36 -13,06 -156,987 1646386682
1 1 35 3,61 -12,99 -156,926 1646386683
1 1 35 3,80 -12,81 -156,883 1646386683
1 1 36 4,24 -4,24 -156,962 1646386684
1 1 36 4,74 -4,24 -157,023 1646386684
1 1 36 4,68 -3,99 -157,029 1646386684
1 1 36 4,49 -3,81 -156,981 1646386685
1 1 36 4,24 -3,74 -156,944 1646386685
1 1 36 3,99 -3,81 -156,981 1646386685
1 1 36 3,81 -3,99 -156,932 1646386685
1 1 36 3,74 -4,24 -156,919 1646386686
1 1 36 3,81 -4,49 -156,932 1646386686
1 1 36 3,99 -4,68 -156,913 1646386686
1 1 36 4,24 -4,74 -156,968 1646386686
1 1 36 4,49 -4,68 -156,919 1646386687
1 1 36 4,68 -4,49 -156,981 1646386687
1 1 37 27,00 0,00 -156,944 1646386688
1 1 37 27,50 0,00 -156,883 1646386689
1 1 37 27,43 0,25 -156,962 1646386689
1 1 37 27,25 0,43 -156,938 1646386689
1 1 37 27,00 0,50 -156,950 1646386690
1 1 37 26,75 0,43 -157,035 1646386690
1 1 37 26,57 0,25 -156,852 1646386690
1 1 37 26,50 0,00 -156,913 1646386690
1 1 37 26,57 -0,25 -156,938 1646386690
1 1 37 26,75 -0,43 -156,981 1646386691
1 1 37 27,00 -0,50 -156,919 1646386691
1 1 37 27,25 -0,43 -156,987 1646386691
1 1 37 27,43 -0,25 -156,981 1646386691
1 1 38 26,08 6,99 -156,950 1646386692
1 1 38 26,58 6,99 -156,865 1646386693
1 1 38 26,51 7,24 -156,956 1646386693
1 1 38 26,33 7,42 -156,871 1646386693
1 1 38 26,08 7,49 -156,950 1646386694
1 1 38 25,83 7,42 -156,962 1646386694
1 1 38 25,65 7,24 -156,950 1646386694
1 1 38 25,58 6,99 -156,938 1646386694
1 1 38 25,65 6,74 -156,956 1646386694
1 1 38 25,83 6,56 -156,956 1646386695
1 1 38 26,08 6,49 -156,871 1646386695
1 1 38 26,33 6,56 -156,932 1646386695
1 1 38 26,51 6,74 -156,773 1646386695
1 1 39 23,38 13,50 -156,938 1646386696
1 1 39 23,88 13,50 -156,932 1646386697
1 1 39 23,82 13,75 -156,987 1646386697
1 1 39 23,63 13,93 -156,956 1646386697
1 1 39 23,38 14,00 -156,938 1646386697
1 1 39 23,13 13,93 -156,938 1646386698
1 1 39 22,95 13,75 -156,956 1646386698
1 1 39 22,88 13,50 -156,956 1646386698
1 1 39 22,95 13,25 -156,956 1646386698
1 1 39 23,13 13,07 -156,895 1646386699
1 1 39 23,38 13,00 -156,950 1646386699
1 1 39 23,63 13,07 -156,956 1646386699
1 1 39 23,82 13,25 -156,919 1646386699
1 1 40 19,09 19,09 -156,877 1646386700
1 1 40 19,59 19,09 -156,956 1646386701
1 1 40 19,52 19,34 -156,907 1646386701
1 1 40 19,34 19,52 -156,919 1646386701
1 1 40 19,09 19,59 -156,938 1646386701
1 1 40 18,84 19,52 -156,895 1646386702
1 1 40 18,66 19,34 -157,011 1646386702
1 1 40 18,59 19,09 -156,865 1646386702
1 1 40 18,66 18,84 -156,938 1646386703
1 1 40 18,84 18,66 -156,950 1646386703
1 1 40 19,09 18,59 -156,950 1646386703
1 1 40 19,34 18,66 -156,987 1646386703
1 1 40 19,52 18,84 -156,999 1646386703
1 1 41 13,50 23,38 -156,950 1646386704
1 1 41 14,00 23,38 -156,974 1646386705
1 1 41 13,93 23,63 -156,993 1646386705
1 1 41 13,75 23,82 -156,938 1646386705
1 1 41 13,50 23,88 -156,932 1646386705
1 1 41 13,25 23,82 -156,968 1646386706
1 1 41 13,07 23,63 -156,877 1646386706
1 1 41 13,00 23,38 -156,987 1646386706
1 1 41 13,07 23,13 -156,901 1646386706
1 1 41 13,25 22,95 -156,913 1646386707
1 1 41 13,50 22,88 -156,901 1646386707
1 1 41 13,75 22,95 -156,901 1646386707
1 1 41 13,93 23,13 -156,981 1646386707
1 1 42 6,99 26,08 -156,938 1646386708
1 1 42 7,49 26,08 -156,968 1646386709
1 1 42 7,42 26,33 -156,999 1646386709
1 1 42 7,24 26,51 -156,938 1646386709
1 1 42 6,99 26,58 -156,932 1646386709
1 1 42 6,74 26,51 -156,938 1646386710
1 1 42 6,56 26,33 -157,011 1646386710
1 1 42 6,49 26,08 -156,938 1646386710
1 1 42 6,56 25,83 -156,871 1646386710
1 1 42 6,74 25,65 -157,011 1646386711
1 1 42 6,99 25,58 -156,987 1646386711
1 1 42 7,24 25,65 -156,926 1646386711
1 1 42 7,42 25,83 -156,889 1646386711
1 1 43 0,00 27,00 -156,974 1646386712
1 1 43 0,50 27,00 -156,944 1646386713
1 1 43 0,43 27,25 -156,993 1646386713
1 1 43 0,25 27,43 -156,932 1646386713
1 1 43 0,00 27,50 -156,907 1646386713
1 1 43 -0,25 27,43 -156,913 1646386714
1 1 43 -0,43 27,25 -156,907 1646386714
1 1 43 -0,50 27,00 -156,944 1646386714
1 1 43 -0,43 26,75 -156,974 1646386714
1 1 43 -0,25 26,57 -156,944 1646386715
1 1 43 0,00 26,50 -156,968 1646386715
1 1 43 0,25 26,57 -156,901 1646386715
1 1 43 0,43 26,75 -156,987 1646386715
1 1 44 -6,99 26,08 -156,913 1646386716
1 1 44 -6,49 26,08 -156,907 1646386717
1 1 44 -6,56 26,33 -156,999 1646386717
1 1 44 -6,74 26,51 -156,907 1646386717
1 1 44 -6,99 26,58 -156,956 1646386717
1 1 44 -7,24 26,51 -156,883 1646386718
1 1 44 -7,42 26,33 -156,938 1646386718
1 1 44 -7,49 26,08 -156,822 1646386718
1 1 44 -7,42 25,83 -156,871 1646386718
1 1 44 -7,24 25,65 -156,926 1646386718
1 1 44 -6,99 25,58 -156,956 1646386719
1 1 44 -6,74 25,65 -156,938 1646386719
1 1 44 -6,56 25,83 -156,956 1646386719
1 1 45 -13,50 23,38 -156,938 1646386720
1 1 45 -13,00 23,38 -156,938 1646386721
1 1 45 -13,07 23,63 -156,962 1646386721
1 1 45 -13,25 23,82 -156,956 1646386721
1 1 45 -13,50 23,88 -156,987 1646386721
1 1 45 -13,75 23,82 -156,938 1646386721
1 1 45 -13,93 23,63 -157,023 1646386722
1 1 45 -14,00 23,38 -156,932 1646386722
1 1 45 -13,93 23,13 -156,987 1646386722
1 1 45 -13,75 22,95 -156,993 1646386722
1 1 45 -13,50 22,88 -157,005 1646386723
1 1 45 -13,25 22,95 -156,926 1646386723
1 1 45 -13,07 23,13 -156,913 1646386723
1 1 46 -19,09 19,09 -156,938 1646386724
1 1 46 -18,59 19,09 -156,950 1646386724
1 1 46 -18,66 19,34 -156,987 1646386725
1 1 46 -18,84 19,52 -156,950 1646386725
1 1 46 -19,09 19,59 -156,950 1646386725
1 1 46 -19,34 19,52 -156,932 1646386725
1 1 46 -19,52 19,34 -156,938 1646386726
1 1 46 -19,59 19,09 -156,987 1646386726
1 1 46 -19,52 18,84 -156,907 1646386726
1 1 46 -19,34 18,66 -156,993 1646386726
1 1 46 -19,09 18,59 -156,987 1646386726
1 1 46 -18,84 18,66 -156,993 1646386727
1 1 46 -18,66 18,84 -156,993 1646386727
1 1 47 -23,38 13,50 -156,962 1646386728
1 1 47 -22,88 13,50 -156,993 1646386728
1 1 47 -22,95 13,75 -156,987 1646386728
1 1 47 -23,13 13,93 -156,938 1646386729
1 1 47 -23,38 14,00 -156,913 1646386729
1 1 47 -23,63 13,93 -156,919 1646386729
1 1 47 -23,82 13,75 -156,987 1646386729
1 1 47 -23,88 13,50 -156,926 1646386730
1 1 47 -23,82 13,25 -156,883 1646386730
1 1 47 -23,63 13,07 -157,060 1646386730
1 1 47 -23,38 13,00 -156,950 1646386730
1 1 47 -23,13 13,07 -156,950 1646386731
1 1 47 -22,95 13,25 -156,956 1646386731
1 1 48 -26,08 6,99 -157,139 1646386732
1 1 48 -25,58 6,99 -156,865 1646386732
1 1 48 -25,65 7,24 -156,950 1646386732
1 1 48 -25,83 7,42 -156,932 1646386733
1 1 48 -26,08 7,49 -157,139 1646386733
1 1 48 -26,33 7,42 -156,718 1646386733
1 1 48 -26,51 7,24 -156,956 1646386733
1 1 48 -26,58 6,99 -156,950 1646386733
1 1 48 -26,51 6,74 -156,950 1646386734
1 1 48 -26,33 6,56 -156,913 1646386734
1 1 48 -26,08 6,49 -156,938 1646386734
1 1 48 -25,83 6,56 -156,944 1646386734
1 1 48 -25,65 6,74 -156,938 1646386735
1 1 49 -27,00 0,00 -156,968 1646386736
1 1 49 -26,50 0,00 -156,932 1646386736
1 1 49 -26,57 0,25 -156,987 1646386736
1 1 49 -26,75 0,43 -156,907 1646386736
1 1 49 -27,00 0,50 -156,883 1646386737
1 1 49 -27,25 0,43 -156,974 1646386737
1 1 49 -27,43 0,25 -156,974 1646386737
1 1 49 -27,50 0,00 -156,968 1646386737
1 1 49 -27,43 -0,25 -156,950 1646386738
1 1 49 -27,25 -0,43 -156,895 1646386738
1 1 49 -27,00 -0,50 -156,968 1646386738
1 1 49 -26,75 -0,43 -156,987 1646386738
1 1 49 -26,57 -0,25 -156,962 1646386739
1 1 50 -26,08 -6,99 -156,993 1646386739
1 1 50 -25,58 -6,99 -156,981 1646386740
1 1 50 -25,65 -6,74 -157,060 1646386740
1 1 50 -25,83 -6,56 -156,828 1646386740
1 1 50 -26,08 -6,49 -156,968 1646386741
1 1 50 -26,33 -6,56 -157,029 1646386741
1 1 50 -26,51 -6,74 -156,871 1646386741
1 1 50 -26,58 -6,99 -156,938 1646386741
1 1 50 -26,51 -7,24 -156,993 1646386742
1 1 50 -26,33 -7,42 -156,993 1646386742
1 1 50 -26,08 -7,49 -156,907 1646386742
1 1 50 -25,83 -7,42 -156,846 1646386742
1 1 50 -25,65 -7,24 -157,078 1646386742
1 1 51 -23,38 -13,50 -156,962 1646386743
1 1 51 -22,88 -13,50 -156,895 1646386744
1 1 51 -22,95 -13,25 -156,938 1646386744
1 1 51 -23,13 -13,07 -157,011 1646386744
1 1 51 -23,38 -13,00 -156,987 1646386744
1 1 51 -23,63 -13,07 -156,999 1646386745
1 1 51 -23,82 -13,25 -156,932 1646386745
1 1 51 -23,88 -13,50 -156,968 1646386745
1 1 51 -23,82 -13,75 -157,035 1646386745
1 1 51 -23,63 -13,93 -156,962 1646386746
1 1 51 -23,38 -14,00 -156,932 1646386746
1 1 51 -23,13 -13,93 -156,944 1646386746
1 1 51 -22,95 -13,75 -156,938 1646386746
1 1 52 -19,09 -19,09 -156,944 1646386747
1 1 52 -18,59 -19,09 -156,968 1646386748
1 1 52 -18,66 -18,84 -157,005 1646386748
1 1 52 -18,84 -18,66 -157,005 1646386748
1 1 52 -19,09 -18,59 -156,913 1646386749
1 1 52 -19,34 -18,66 -156,950 1646386749
1 1 52 -19,52 -18,84 -156,919 1646386750
1 1 52 -19,59 -19,09 -156,950 1646386750
1 1 52 -19,52 -19,34 -156,956 1646386751
1 1 52 -19,34 -19,52 -156,993 1646386751
1 1 52 -19,09 -19,59 -156,883 1646386752
1 1 52 -18,84 -19,52 -156,944 1646386752
1 1 52 -18,66 -19,34 -156,932 1646386752
1 1 53 -13,50 -23,38 -156,907 1646386753
1 1 53 -13,00 -23,38 -156,871 1646386754
1 1 53 -13,07 -23,13 -156,981 1646386754
1 1 53 -13,25 -22,95 -156,950 1646386755
1 1 53 -13,50 -22,88 -156,987 1646386755
1 1 53 -13,75 -22,95 -156,950 1646386756
1 1 53 -13,93 -23,13 -157,023 1646386756
1 1 53 -14,00 -23,38 -157,042 1646386757
1 1 53 -13,93 -23,63 -156,950 1646386757
1 1 53 -13,75 -23,82 -156,968 1646386757
1 1 53 -13,50 -23,88 -156,956 1646386758
1 1 53 -13,25 -23,82 -156,956 1646386758
1 1 53 -13,07 -23,63 -156,938 1646386759
1 1 54 -6,99 -26,08 -156,981 1646386760
1 1 54 -6,49 -26,08 -156,962 1646386760
1 1 54 -6,56 -25,83 -156,944 1646386761
1 1 54 -6,74 -25,65 -156,950 1646386761
1 1 54 -6,99 -25,58 -156,907 1646386762
1 1 54 -7,24 -25,65 -156,907 1646386762
1 1 54 -7,42 -25,83 -156,950 1646386763
1 1 54 -7,49 -26,08 -156,944 1646386763
1 1 54 -7,42 -26,33 -156,968 1646386764
1 1 54 -7,24 -26,51 -156,956 1646386764
1 1 54 -6,99 -26,58 -156,932 1646386765
1 1 54 -6,74 -26,51 -156,974 1646386765
1 1 54 -6,56 -26,33 -156,950 1646386766
1 1 55 -0,00 -27,00 -156,993 1646386766
1 1 55 0,50 -27,00 -156,950 1646386767
1 1 55 0,43 -26,75 -156,938 1646386768
1 1 55 0,25 -26,57 -156,962 1646386768
1 1 55 -0,00 -26,50 -156,901 1646386769
1 1 55 -0,25 -26,57 -156,950 1646386769
1 1 55 -0,43 -26,75 -156,981 1646386769
1 1 55 -0,50 -27,00 -157,005 1646386770
1 1 55 -0,43 -27,25 -156,956 1646386771
1 1 55 -0,25 -27,43 -156,950 1646386771
1 1 55 -0,00 -27,50 -156,938 1646386771
1 1 55 0,25 -27,43 -156,919 1646386772
1 1 55 0,43 -27,25 -156,944 1646386772
1 1 56 6,99 -26,08 -156,907 1646386773
1 1 56 7,49 -26,08 -156,858 1646386774
1 1 56 7,42 -25,83 -156,956 1646386774
1 1 56 7,24 -25,65 -156,987 1646386775
1 1 56 6,99 -25,58 -156,932 1646386775
1 1 56 6,74 -25,65 -156,907 1646386776
1 1 56 6,56 -25,83 -156,938 1646386776
1 1 56 6,49 -26,08 -156,889 1646386777
1 1 56 6,56 -26,33 -156,938 1646386777
1 1 56 6,74 -26,51 -156,932 1646386778
1 1 56 6,99 -26,58 -156,999 1646386778
1 1 56 7,24 -26,51 -156,956 1646386779
1 1 56 7,42 -26,33 -156,962 1646386779
1 1 57 13,50 -23,38 -156,944 1646386780
1 1 57 14,00 -23,38 -156,987 1646386780
1 1 57 13,93 -23,13 -156,956 1646386781
1 1 57 13,75 -22,95 -156,999 1646386781
1 1 57 13,50 -22,88 -156,944 1646386781
1 1 57 13,25 -22,95 -157,005 1646386782
1 1 57 13,07 -23,13 -157,005 1646386782
1 1 57 13,00 -23,38 -156,956 1646386783
1 1 57 13,07 -23,63 -156,981 1646386784
1 1 57 13,25 -23,82 -156,932 1646386784
1 1 57 13,50 -23,88 -157,005 1646386784
1 1 57 13,75 -23,82 -156,938 1646386785
1 1 57 13,93 -23,63 -156,987 1646386785
1 1 58 19,09 -19,09 -156,932 1646386786
1 1 58 19,59 -19,09 -156,932 1646386787
1 1 58 19,52 -18,84 -156,877 1646386787
1 1 58 19,34 -18,66 -156,907 1646386788
1 1 58 19,09 -18,59 -156,950 1646386788
1 1 58 18,84 -18,66 -157,035 1646386789
1 1 58 18,66 -18,84 -156,889 1646386789
1 1 58 18,59 -19,09 -156,968 1646386790
1 1 58 18,66 -19,34 -156,999 1646386790
1 1 58 18,84 -19,52 -156,932 1646386790
1 1 58 19,09 -19,59 -156,944 1646386791
1 1 58 19,34 -19,52 -156,871 1646386791
1 1 58 19,52 -19,34 -156,889 1646386792
1 1 59 23,38 -13,50 -156,901 1646386793
1 1 59 23,88 -13,50 -156,999 1646386793
1 1 59 23,82 -13,25 -156,938 1646386793
1 1 59 23,63 -13,07 -156,987 1646386794
1 1 59 23,38 -13,00 -156,919 1646386795
1 1 59 23,13 -13,07 -156,938 1646386795
1 1 59 22,95 -13,25 -156,944 1646386795
1 1 59 22,88 -13,50 -156,987 1646386796
1 1 59 22,95 -13,75 -156,987 1646386797
1 1 59 23,13 -13,93 -156,968 1646386797
1 1 59 23,38 -14,00 -156,907 1646386797
1 1 59 23,63 -13,93 -156,962 1646386798
1 1 59 23,82 -13,75 -156,895 1646386798
1 1 60 26,08 -6,99 -156,968 1646386799
1 1 60 26,58 -6,99 -156,956 1646386800
1 1 60 26,51 -6,74 -156,950 1646386800
1 1 60 26,33 -6,56 -156,999 1646386801
1 1 60 26,08 -6,49 -156,956 1646386801
1 1 60 25,83 -6,56 -157,011 1646386802
1 1 60 25,65 -6,74 -156,950 1646386802
1 1 60 25,58 -6,99 -156,950 1646386803
1 1 60 25,65 -7,24 -156,926 1646386803
1 1 60 25,83 -7,42 -156,944 1646386804
1 1 60 26,08 -7,49 -156,956 1646386804
1 1 60 26,33 -7,42 -156,987 1646386805
1 1 60 26,51 -7,24 -156,950 1646386805
