1 1 1 4,24 4,24 -157,072 1646317848
1 1 1 4,74 4,24 -157,017 1646317849
1 1 1 4,68 4,49 -157,011 1646317849
1 1 1 4,49 4,68 -156,993 1646317849
1 1 1 4,24 4,74 -157,042 1646317849
1 1 1 3,99 4,68 -157,029 1646317849
1 1 1 3,81 4,49 -157,017 1646317850
1 1 1 3,74 4,24 -157,011 1646317850
1 1 1 3,81 3,99 -157,042 1646317850
1 1 1 3,99 3,81 -157,060 1646317850
1 1 1 4,24 3,74 -157,035 1646317851
1 1 1 4,49 3,81 -157,035 1646317851
1 1 1 4,68 3,99 -157,060 1646317851
1 1 2 3,36 12,56 -157,011 1646317852
1 1 2 3,86 12,56 -157,084 1646317853
1 1 2 3,80 12,81 -157,029 1646317854
1 1 2 3,61 12,99 -157,023 1646317854
1 1 2 3,36 13,06 -157,103 1646317855
1 1 2 3,11 12,99 -157,072 1646317855
1 1 2 2,93 12,81 -156,993 1646317856
1 1 2 2,86 12,56 -157,060 1646317856
1 1 2 2,93 12,31 -156,987 1646317857
1 1 2 3,11 12,12 -157,029 1646317857
1 1 2 3,36 12,06 -157,035 1646317858
1 1 2 3,61 12,12 -157,029 1646317858
1 1 2 3,80 12,31 -157,078 1646317858
1 1 3 9,19 9,19 -157,035 1646317859
1 1 3 9,69 9,19 -157,029 1646317860
1 1 3 9,63 9,44 -157,084 1646317860
1 1 3 9,44 9,63 -157,035 1646317861
1 1 3 9,19 9,69 -157,072 1646317861
1 1 3 8,94 9,63 -156,999 1646317862
1 1 3 8,76 9,44 -157,060 1646317862
1 1 3 8,69 9,19 -157,066 1646317863
1 1 3 8,76 8,94 -157,017 1646317863
1 1 3 8,94 8,76 -157,035 1646317864
1 1 3 9,19 8,69 -157,023 1646317864
1 1 3 9,44 8,76 -157,017 1646317865
1 1 3 9,63 8,94 -157,042 1646317865
1 1 4 12,56 3,36 -157,060 1646317866
1 1 4 13,06 3,36 -157,072 1646317866
1 1 4 12,99 3,61 -157,011 1646317867
1 1 4 12,81 3,80 -157,035 1646317867
1 1 4 12,56 3,86 -157,017 1646317868
1 1 4 12,31 3,80 -157,011 1646317868
1 1 4 12,12 3,61 -157,035 1646317869
1 1 4 12,06 3,36 -157,078 1646317869
1 1 4 12,12 3,11 -156,993 1646317869
1 1 4 12,31 2,93 -157,042 1646317870
1 1 4 12,56 2,86 -157,066 1646317870
1 1 4 12,81 2,93 -157,048 1646317871
1 1 4 12,99 3,11 -156,999 1646317871
1 1 5 19,32 5,18 -157,042 1646317872
1 1 5 19,82 5,18 -157,066 1646317872
1 1 5 19,75 5,43 -157,084 1646317873
1 1 5 19,57 5,61 -157,060 1646317873
1 1 5 19,32 5,68 -157,048 1646317873
1 1 5 19,07 5,61 -157,072 1646317874
1 1 5 18,89 5,43 -157,066 1646317874
1 1 5 18,82 5,18 -157,005 1646317874
1 1 5 18,89 4,93 -157,029 1646317875
1 1 5 19,07 4,74 -156,993 1646317876
1 1 5 19,32 4,68 -157,035 1646317876
1 1 5 19,57 4,74 -157,029 1646317877
1 1 5 19,75 4,93 -157,035 1646317877
1 1 6 17,32 10,00 -157,005 1646317878
1 1 6 17,82 10,00 -157,060 1646317879
1 1 6 17,75 10,25 -157,048 1646317879
1 1 6 17,57 10,43 -157,005 1646317879
1 1 6 17,32 10,50 -157,054 1646317880
1 1 6 17,07 10,43 -157,066 1646317880
1 1 6 16,89 10,25 -157,035 1646317881
1 1 6 16,82 10,00 -157,035 1646317882
1 1 6 16,89 9,75 -157,035 1646317882
1 1 6 17,07 9,57 -157,072 1646317882
1 1 6 17,32 9,50 -157,066 1646317883
1 1 6 17,57 9,57 -157,011 1646317884
1 1 6 17,75 9,75 -157,072 1646317884
1 1 7 14,14 14,14 -157,011 1646317885
1 1 7 14,64 14,14 -157,084 1646317885
1 1 7 14,58 14,39 -156,993 1646317886
1 1 7 14,39 14,58 -157,042 1646317886
1 1 7 14,14 14,64 -157,084 1646317887
1 1 7 13,89 14,58 -157,078 1646317887
1 1 7 13,71 14,39 -157,048 1646317888
1 1 7 13,64 14,14 -157,005 1646317888
1 1 7 13,71 13,89 -157,054 1646317889
1 1 7 13,89 13,71 -156,987 1646317889
1 1 7 14,14 13,64 -157,042 1646317889
1 1 7 14,39 13,71 -157,035 1646317890
1 1 7 14,58 13,89 -157,035 1646317890
1 1 8 10,00 17,32 -157,072 1646317891
1 1 8 10,50 17,32 -157,029 1646317892
1 1 8 10,43 17,57 -157,060 1646317892
1 1 8 10,25 17,75 -157,048 1646317892
1 1 8 10,00 17,82 -157,084 1646317893
1 1 8 9,75 17,75 -157,066 1646317894
1 1 8 9,57 17,57 -157,023 1646317894
1 1 8 9,50 17,32 -157,084 1646317894
1 1 8 9,57 17,07 -157,109 1646317895
1 1 8 9,75 16,89 -157,042 1646317895
1 1 8 10,00 16,82 -157,005 1646317896
1 1 8 10,25 16,89 -157,035 1646317897
1 1 8 10,43 17,07 -157,048 1646317897
1 1 9 5,18 19,32 -157,029 1646317898
1 1 9 5,68 19,32 -156,993 1646317898
1 1 9 5,61 19,57 -157,084 1646317898
1 1 9 5,43 19,75 -156,987 1646317899
1 1 9 5,18 19,82 -157,029 1646317900
1 1 9 4,93 19,75 -157,072 1646317900
1 1 9 4,74 19,57 -157,011 1646317900
1 1 9 4,68 19,32 -157,029 1646317901
1 1 9 4,74 19,07 -157,042 1646317902
1 1 9 4,93 18,89 -157,072 1646317902
1 1 9 5,18 18,82 -157,005 1646317902
1 1 9 5,43 18,89 -157,048 1646317903
1 1 9 5,61 19,07 -157,035 1646317903
1 1 10 -5,18 19,32 -157,042 1646317904
1 1 10 -4,68 19,32 -157,042 1646317905
1 1 10 -4,74 19,57 -157,078 1646317905
1 1 10 -4,93 19,75 -157,035 1646317905
1 1 10 -5,18 19,82 -157,023 1646317906
1 1 10 -5,43 19,75 -157,109 1646317906
1 1 10 -5,61 19,57 -157,072 1646317907
1 1 10 -5,68 19,32 -157,005 1646317907
1 1 10 -5,61 19,07 -157,017 1646317908
1 1 10 -5,43 18,89 -157,066 1646317908
1 1 10 -5,18 18,82 -157,048 1646317909
1 1 10 -4,93 18,89 -157,072 1646317909
1 1 10 -4,74 19,07 -157,078 1646317909
1 1 11 -10,00 17,32 -157,072 1646317910
1 1 11 -9,50 17,32 -157,029 1646317911
1 1 11 -9,57 17,57 -157,042 1646317911
1 1 11 -9,75 17,75 -157,011 1646317912
1 1 11 -10,00 17,82 -157,072 1646317912
1 1 11 -10,25 17,75 -157,042 1646317913
1 1 11 -10,43 17,57 -157,054 1646317913
1 1 11 -10,50 17,32 -157,005 1646317914
1 1 11 -10,43 17,07 -157,029 1646317914
1 1 11 -10,25 16,89 -157,066 1646317915
1 1 11 -10,00 16,82 -157,066 1646317915
1 1 11 -9,75 16,89 -157,011 1646317916
1 1 11 -9,57 17,07 -157,072 1646317916
1 1 12 -14,14 14,14 -156,999 1646317917
1 1 12 -13,64 14,14 -157,035 1646317917
1 1 12 -13,71 14,39 -157,048 1646317918
1 1 12 -13,89 14,58 -157,035 1646317918
1 1 12 -14,14 14,64 -157,011 1646317919
1 1 12 -14,39 14,58 -157,066 1646317919
1 1 12 -14,58 14,39 -157,054 1646317920
1 1 12 -14,64 14,14 -157,066 1646317920
1 1 12 -14,58 13,89 -157,096 1646317921
1 1 12 -14,39 13,71 -156,993 1646317921
1 1 12 -14,14 13,64 -157,054 1646317922
1 1 12 -13,89 13,71 -157,029 1646317922
1 1 12 -13,71 13,89 -157,017 1646317922
1 1 13 -17,32 10,00 -157,072 1646317923
1 1 13 -16,82 10,00 -157,115 1646317924
1 1 13 -16,89 10,25 -157,035 1646317924
1 1 13 -17,07 10,43 -157,054 1646317925
1 1 13 -17,32 10,50 -157,072 1646317925
1 1 13 -17,57 10,43 -157,035 1646317926
1 1 13 -17,75 10,25 -157,096 1646317926
1 1 13 -17,82 10,00 -157,078 1646317927
1 1 13 -17,75 9,75 -157,054 1646317927
1 1 13 -17,57 9,57 -157,042 1646317927
1 1 13 -17,32 9,50 -157,042 1646317928
1 1 13 -17,07 9,57 -156,999 1646317929
1 1 13 -16,89 9,75 -157,090 1646317929
1 1 14 -19,32 5,18 -156,968 1646317930
1 1 14 -18,82 5,18 -157,005 1646317930
1 1 14 -18,89 5,43 -157,096 1646317930
1 1 14 -19,07 5,61 -157,023 1646317931
1 1 14 -19,32 5,68 -157,054 1646317932
1 1 14 -19,57 5,61 -157,023 1646317932
1 1 14 -19,75 5,43 -157,011 1646317932
1 1 14 -19,82 5,18 -156,999 1646317933
1 1 14 -19,75 4,93 -157,023 1646317934
1 1 14 -19,57 4,74 -156,999 1646317934
1 1 14 -19,32 4,68 -157,066 1646317935
1 1 14 -19,07 4,74 -157,029 1646317935
1 1 14 -18,89 4,93 -156,993 1646317935
1 1 15 -12,56 3,36 -157,054 1646317936
1 1 15 -12,06 3,36 -157,066 1646317937
1 1 15 -12,12 3,61 -157,011 1646317937
1 1 15 -12,31 3,80 -157,035 1646317938
1 1 15 -12,56 3,86 -157,060 1646317939
1 1 15 -12,81 3,80 -157,042 1646317939
1 1 15 -12,99 3,61 -157,029 1646317939
1 1 15 -13,06 3,36 -157,029 1646317940
1 1 15 -12,99 3,11 -157,029 1646317940
1 1 15 -12,81 2,93 -156,987 1646317941
1 1 15 -12,56 2,86 -157,072 1646317941
1 1 15 -12,31 2,93 -157,042 1646317942
1 1 15 -12,12 3,11 -157,048 1646317942
1 1 16 -9,19 9,19 -156,974 1646317943
1 1 16 -8,69 9,19 -157,011 1646317943
1 1 16 -8,76 9,44 -157,060 1646317944
1 1 16 -8,94 9,63 -157,035 1646317944
1 1 16 -9,19 9,69 -157,029 1646317944
1 1 16 -9,44 9,63 -157,011 1646317945
1 1 16 -9,63 9,44 -156,938 1646317945
1 1 16 -9,69 9,19 -156,804 1646317945
1 1 16 -9,63 8,94 -157,029 1646317946
1 1 16 -9,44 8,76 -157,035 1646317947
1 1 16 -9,19 8,69 -157,035 1646317947
1 1 16 -8,94 8,76 -156,688 1646317948
1 1 16 -8,76 8,94 -157,023 1646317948
1 1 17 -3,36 12,56 -157,035 1646317949
1 1 17 -2,86 12,56 -156,987 1646317949
1 1 17 -2,93 12,81 -157,011 1646317950
1 1 17 -3,11 12,99 -157,084 1646317950
1 1 17 -3,36 13,06 -157,017 1646317951
1 1 17 -3,61 12,99 -157,011 1646317952
1 1 17 -3,80 12,81 -157,029 1646317952
1 1 17 -3,86 12,56 -157,035 1646317952
1 1 17 -3,80 12,31 -157,054 1646317953
1 1 17 -3,61 12,12 -157,029 1646317953
1 1 17 -3,36 12,06 -157,017 1646317954
1 1 17 -3,11 12,12 -157,054 1646317954
1 1 17 -2,93 12,31 -157,011 1646317955
1 1 18 -4,24 4,24 -157,017 1646317956
1 1 18 -3,74 4,24 -156,999 1646317956
1 1 18 -3,81 4,49 -157,035 1646317956
1 1 18 -3,99 4,68 -157,054 1646317957
1 1 18 -4,24 4,74 -157,035 1646317957
1 1 18 -4,49 4,68 -156,993 1646317957
1 1 18 -4,68 4,49 -156,968 1646317958
1 1 18 -4,74 4,24 -157,054 1646317959
1 1 18 -4,68 3,99 -157,048 1646317959
1 1 18 -4,49 3,81 -157,054 1646317959
1 1 18 -4,24 3,74 -156,999 1646317960
1 1 18 -3,99 3,81 -157,084 1646317960
1 1 18 -3,81 3,99 -157,011 1646317960
1 1 19 -4,24 -4,24 -157,060 1646317962
1 1 19 -3,74 -4,24 -157,054 1646317962
1 1 19 -3,81 -3,99 -157,011 1646317963
1 1 19 -3,99 -3,81 -157,023 1646317963
1 1 19 -4,24 -3,74 -157,048 1646317963
1 1 19 -4,49 -3,81 -156,987 1646317964
1 1 19 -4,68 -3,99 -156,999 1646317964
1 1 19 -4,74 -4,24 -157,005 1646317965
1 1 19 -4,68 -4,49 -157,011 1646317966
1 1 19 -4,49 -4,68 -157,054 1646317966
1 1 19 -4,24 -4,74 -156,981 1646317966
1 1 19 -3,99 -4,68 -157,103 1646317967
1 1 19 -3,81 -4,49 -157,048 1646317968
1 1 20 -3,36 -12,56 -157,042 1646317969
1 1 20 -2,86 -12,56 -157,029 1646317969
1 1 20 -2,93 -12,31 -157,023 1646317970
1 1 20 -3,11 -12,12 -157,078 1646317970
1 1 20 -3,36 -12,06 -157,084 1646317971
1 1 20 -3,61 -12,12 -157,017 1646317971
1 1 20 -3,80 -12,31 -156,993 1646317971
1 1 20 -3,86 -12,56 -156,987 1646317972
1 1 20 -3,80 -12,81 -157,023 1646317973
1 1 20 -3,61 -12,99 -157,078 1646317973
1 1 20 -3,36 -13,06 -157,066 1646317973
1 1 20 -3,11 -12,99 -157,023 1646317974
1 1 20 -2,93 -12,81 -157,005 1646317974
1 1 21 -9,19 -9,19 -157,054 1646317975
1 1 21 -8,69 -9,19 -157,029 1646317976
1 1 21 -8,76 -8,94 -157,078 1646317976
1 1 21 -8,94 -8,76 -156,999 1646317977
1 1 21 -9,19 -8,69 -157,005 1646317977
1 1 21 -9,44 -8,76 -157,023 1646317978
1 1 21 -9,63 -8,94 -157,005 1646317978
1 1 21 -9,69 -9,19 -157,035 1646317979
1 1 21 -9,63 -9,44 -157,017 1646317979
1 1 21 -9,44 -9,63 -157,023 1646317980
1 1 21 -9,19 -9,69 -157,072 1646317981
1 1 21 -8,94 -9,63 -156,993 1646317981
1 1 21 -8,76 -9,44 -157,054 1646317981
1 1 22 -12,56 -3,36 -157,042 1646317982
1 1 22 -12,06 -3,36 -156,993 1646317983
1 1 22 -12,12 -3,11 -157,042 1646317983
1 1 22 -12,31 -2,93 -157,060 1646317983
1 1 22 -12,56 -2,86 -156,993 1646317984
1 1 22 -12,81 -2,93 -157,017 1646317984
1 1 22 -12,99 -3,11 -157,023 1646317984
1 1 22 -13,06 -3,36 -157,054 1646317985
1 1 22 -12,99 -3,61 -157,023 1646317985
1 1 22 -12,81 -3,80 -157,060 1646317985
1 1 22 -12,56 -3,86 -157,029 1646317986
1 1 22 -12,31 -3,80 -157,029 1646317986
1 1 22 -12,12 -3,61 -156,999 1646317987
1 1 23 -19,32 -5,18 -157,066 1646317988
1 1 23 -18,82 -5,18 -157,029 1646317988
1 1 23 -18,89 -4,93 -157,005 1646317989
1 1 23 -19,07 -4,74 -157,060 1646317989
1 1 23 -19,32 -4,68 -157,042 1646317990
1 1 23 -19,57 -4,74 -157,042 1646317991
1 1 23 -19,75 -4,93 -157,005 1646317991
1 1 23 -19,82 -5,18 -157,035 1646317991
1 1 23 -19,75 -5,43 -157,060 1646317992
1 1 23 -19,57 -5,61 -157,054 1646317992
1 1 23 -19,32 -5,68 -157,072 1646317993
1 1 23 -19,07 -5,61 -157,072 1646317993
1 1 23 -18,89 -5,43 -157,023 1646317994
1 1 24 -17,32 -10,00 -156,981 1646317994
1 1 24 -16,82 -10,00 -157,048 1646317995
1 1 24 -16,89 -9,75 -157,042 1646317996
1 1 24 -17,07 -9,57 -157,060 1646317996
1 1 24 -17,32 -9,50 -157,035 1646317996
1 1 24 -17,57 -9,57 -157,035 1646317997
1 1 24 -17,75 -9,75 -157,096 1646317997
1 1 24 -17,82 -10,00 -157,060 1646317998
1 1 24 -17,75 -10,25 -157,035 1646317998
1 1 24 -17,57 -10,43 -157,005 1646317999
1 1 24 -17,32 -10,50 -157,084 1646317999
1 1 24 -17,07 -10,43 -157,042 1646318000
1 1 24 -16,89 -10,25 -157,035 1646318000
1 1 25 -14,14 -14,14 -157,023 1646318001
1 1 25 -13,64 -14,14 -157,017 1646318001
1 1 25 -13,71 -13,89 -157,066 1646318001
1 1 25 -13,89 -13,71 -157,054 1646318002
1 1 25 -14,14 -13,64 -157,029 1646318003
1 1 25 -14,39 -13,71 -156,987 1646318004
1 1 25 -14,58 -13,89 -157,042 1646318004
1 1 25 -14,64 -14,14 -157,072 1646318004
1 1 25 -14,58 -14,39 -157,035 1646318005
1 1 25 -14,39 -14,58 -157,005 1646318005
1 1 25 -14,14 -14,64 -157,048 1646318006
1 1 25 -13,89 -14,58 -157,017 1646318007
1 1 25 -13,71 -14,39 -157,035 1646318007
1 1 26 -10,00 -17,32 -157,035 1646318008
1 1 26 -9,50 -17,32 -157,023 1646318008
1 1 26 -9,57 -17,07 -157,029 1646318009
1 1 26 -9,75 -16,89 -157,096 1646318009
1 1 26 -10,00 -16,82 -157,048 1646318010
1 1 26 -10,25 -16,89 -157,029 1646318010
1 1 26 -10,43 -17,07 -157,048 1646318010
1 1 26 -10,50 -17,32 -157,005 1646318011
1 1 26 -10,43 -17,57 -157,029 1646318012
1 1 26 -10,25 -17,75 -157,011 1646318012
1 1 26 -10,00 -17,82 -157,023 1646318012
1 1 26 -9,75 -17,75 -156,987 1646318013
1 1 26 -9,57 -17,57 -157,060 1646318013
1 1 27 -5,18 -19,32 -157,048 1646318014
1 1 27 -4,68 -19,32 -157,054 1646318014
1 1 27 -4,74 -19,07 -157,035 1646318015
1 1 27 -4,93 -18,89 -157,048 1646318015
1 1 27 -5,18 -18,82 -157,023 1646318016
1 1 27 -5,43 -18,89 -157,035 1646318016
1 1 27 -5,61 -19,07 -157,054 1646318017
1 1 27 -5,68 -19,32 -157,042 1646318017
1 1 27 -5,61 -19,57 -157,072 1646318018
1 1 27 -5,43 -19,75 -157,017 1646318018
1 1 27 -5,18 -19,82 -157,023 1646318019
1 1 27 -4,93 -19,75 -157,072 1646318019
1 1 27 -4,74 -19,57 -157,048 1646318020
1 1 28 5,18 -19,32 -157,011 1646318021
1 1 28 5,68 -19,32 -157,042 1646318021
1 1 28 5,61 -19,07 -157,023 1646318021
1 1 28 5,43 -18,89 -157,011 1646318022
1 1 28 5,18 -18,82 -157,048 1646318022
1 1 28 4,93 -18,89 -157,005 1646318022
1 1 28 4,74 -19,07 -157,023 1646318023
1 1 28 4,68 -19,32 -157,011 1646318023
1 1 28 4,74 -19,57 -157,017 1646318023
1 1 28 4,93 -19,75 -157,060 1646318024
1 1 28 5,18 -19,82 -157,078 1646318024
1 1 28 5,43 -19,75 -157,035 1646318024
1 1 28 5,61 -19,57 -157,035 1646318025
1 1 29 10,00 -17,32 -157,084 1646318026
1 1 29 10,50 -17,32 -157,048 1646318027
1 1 29 10,43 -17,07 -157,011 1646318027
1 1 29 10,25 -16,89 -157,035 1646318027
1 1 29 10,00 -16,82 -157,035 1646318028
1 1 29 9,75 -16,89 -157,048 1646318029
1 1 29 9,57 -17,07 -156,956 1646318029
1 1 29 9,50 -17,32 -156,950 1646318029
1 1 29 9,57 -17,57 -157,011 1646318030
1 1 29 9,75 -17,75 -156,993 1646318030
1 1 29 10,00 -17,82 -156,981 1646318031
1 1 29 10,25 -17,75 -157,017 1646318031
1 1 29 10,43 -17,57 -157,029 1646318032
1 1 30 14,14 -14,14 -156,987 1646318032
1 1 30 14,64 -14,14 -157,042 1646318033
1 1 30 14,58 -13,89 -157,011 1646318034
1 1 30 14,39 -13,71 -157,029 1646318034
1 1 30 14,14 -13,64 -156,987 1646318034
1 1 30 13,89 -13,71 -157,048 1646318035
1 1 30 13,71 -13,89 -157,023 1646318035
1 1 30 13,64 -14,14 -157,023 1646318036
1 1 30 13,71 -14,39 -157,005 1646318036
1 1 30 13,89 -14,58 -157,023 1646318037
1 1 30 14,14 -14,64 -157,060 1646318037
1 1 30 14,39 -14,58 -157,096 1646318038
1 1 30 14,58 -14,39 -157,072 1646318038
1 1 31 17,32 -10,00 -157,072 1646318039
1 1 31 17,82 -10,00 -157,078 1646318040
1 1 31 17,75 -9,75 -157,078 1646318040
1 1 31 17,57 -9,57 -157,035 1646318041
1 1 31 17,32 -9,50 -157,066 1646318041
1 1 31 17,07 -9,57 -156,999 1646318042
1 1 31 16,89 -9,75 -157,066 1646318042
1 1 31 16,82 -10,00 -157,011 1646318043
1 1 31 16,89 -10,25 -157,042 1646318043
1 1 31 17,07 -10,43 -157,017 1646318043
1 1 31 17,32 -10,50 -157,042 1646318044
1 1 31 17,57 -10,43 -157,078 1646318045
1 1 31 17,75 -10,25 -157,029 1646318045
1 1 32 19,32 -5,18 -157,048 1646318046
1 1 32 19,82 -5,18 -157,023 1646318046
1 1 32 19,75 -4,93 -157,078 1646318046
1 1 32 19,57 -4,74 -157,017 1646318047
1 1 32 19,32 -4,68 -157,054 1646318048
1 1 32 19,07 -4,74 -157,005 1646318048
1 1 32 18,89 -4,93 -156,968 1646318048
1 1 32 18,82 -5,18 -157,072 1646318049
1 1 32 18,89 -5,43 -157,072 1646318050
1 1 32 19,07 -5,61 -156,987 1646318050
1 1 32 19,32 -5,68 -157,048 1646318050
1 1 32 19,57 -5,61 -157,078 1646318051
1 1 32 19,75 -5,43 -157,084 1646318051
1 1 33 12,56 -3,36 -156,987 1646318052
1 1 33 13,06 -3,36 -157,005 1646318053
1 1 33 12,99 -3,11 -156,993 1646318053
1 1 33 12,81 -2,93 -157,023 1646318054
1 1 33 12,56 -2,86 -157,023 1646318054
1 1 33 12,31 -2,93 -157,035 1646318055
1 1 33 12,12 -3,11 -157,011 1646318055
1 1 33 12,06 -3,36 -157,029 1646318056
1 1 33 12,12 -3,61 -157,011 1646318056
1 1 33 12,31 -3,80 -156,993 1646318056
1 1 33 12,56 -3,86 -156,999 1646318057
1 1 33 12,81 -3,80 -157,042 1646318058
1 1 33 12,99 -3,61 -157,042 1646318058
1 1 34 9,19 -9,19 -157,035 1646318059
1 1 34 9,69 -9,19 -157,042 1646318059
1 1 34 9,63 -8,94 -157,005 1646318060
1 1 34 9,44 -8,76 -157,011 1646318060
1 1 34 9,19 -8,69 -157,078 1646318061
1 1 34 8,94 -8,76 -157,054 1646318061
1 1 34 8,76 -8,94 -156,968 1646318062
1 1 34 8,69 -9,19 -157,042 1646318062
1 1 34 8,76 -9,44 -157,035 1646318063
1 1 34 8,94 -9,63 -157,060 1646318063
1 1 34 9,19 -9,69 -157,042 1646318064
1 1 34 9,44 -9,63 -157,035 1646318064
1 1 34 9,63 -9,44 -157,066 1646318064
1 1 35 3,36 -12,56 -157,023 1646318065
1 1 35 3,86 -12,56 -156,962 1646318066
1 1 35 3,80 -12,31 -157,090 1646318066
1 1 35 3,61 -12,12 -156,999 1646318067
1 1 35 3,36 -12,06 -157,072 1646318067
1 1 35 3,11 -12,12 -157,060 1646318068
1 1 35 2,93 -12,31 -157,035 1646318068
1 1 35 2,86 -12,56 -157,035 1646318069
1 1 35 2,93 -12,81 -157,042 1646318069
1 1 35 3,11 -12,99 -156,993 1646318069
1 1 35 3,36 -13,06 -156,962 1646318070
1 1 35 3,61 -12,99 -157,066 1646318071
1 1 35 3,80 -12,81 -157,035 1646318071
1 1 36 4,24 -4,24 -157,084 1646318072
1 1 36 4,74 -4,24 -157,023 1646318073
1 1 36 4,68 -3,99 -156,999 1646318073
1 1 36 4,49 -3,81 -156,987 1646318073
1 1 36 4,24 -3,74 -157,054 1646318074
1 1 36 3,99 -3,81 -157,060 1646318075
1 1 36 3,81 -3,99 -156,999 1646318075
1 1 36 3,74 -4,24 -157,042 1646318075
1 1 36 3,81 -4,49 -157,066 1646318076
1 1 36 3,99 -4,68 -157,029 1646318076
1 1 36 4,24 -4,74 -157,042 1646318077
1 1 36 4,49 -4,68 -157,054 1646318078
1 1 36 4,68 -4,49 -157,011 1646318078
1 1 37 27,00 0,00 -157,029 1646318080
1 1 37 27,50 0,00 -156,999 1646318080
1 1 37 27,43 0,25 -157,048 1646318081
1 1 37 27,25 0,43 -157,054 1646318081
1 1 37 27,00 0,50 -157,066 1646318082
1 1 37 26,75 0,43 -157,042 1646318082
1 1 37 26,57 0,25 -157,072 1646318083
1 1 37 26,50 0,00 -157,060 1646318083
1 1 37 26,57 -0,25 -157,072 1646318084
1 1 37 26,75 -0,43 -157,048 1646318084
1 1 37 27,00 -0,50 -157,072 1646318085
1 1 37 27,25 -0,43 -157,005 1646318085
1 1 37 27,43 -0,25 -157,096 1646318085
1 1 38 26,08 6,99 -157,035 1646318086
1 1 38 26,58 6,99 -157,078 1646318087
1 1 38 26,51 7,24 -157,035 1646318088
1 1 38 26,33 7,42 -157,078 1646318088
1 1 38 26,08 7,49 -157,048 1646318088
1 1 38 25,83 7,42 -157,042 1646318089
1 1 38 25,65 7,24 -157,042 1646318089
1 1 38 25,58 6,99 -157,023 1646318090
1 1 38 25,65 6,74 -157,066 1646318090
1 1 38 25,83 6,56 -157,029 1646318091
1 1 38 26,08 6,49 -157,035 1646318091
1 1 38 26,33 6,56 -157,078 1646318092
1 1 38 26,51 6,74 -157,048 1646318092
1 1 39 23,38 13,50 -157,072 1646318093
1 1 39 23,88 13,50 -157,084 1646318094
1 1 39 23,82 13,75 -157,084 1646318094
1 1 39 23,63 13,93 -157,048 1646318095
1 1 39 23,38 14,00 -157,072 1646318095
1 1 39 23,13 13,93 -156,993 1646318096
1 1 39 22,95 13,75 -157,060 1646318096
1 1 39 22,88 13,50 -157,090 1646318097
1 1 39 22,95 13,25 -157,048 1646318097
1 1 39 23,13 13,07 -156,999 1646318097
1 1 39 23,38 13,00 -157,029 1646318098
1 1 39 23,63 13,07 -157,078 1646318099
1 1 39 23,82 13,25 -157,084 1646318099
1 1 40 19,09 19,09 -157,090 1646318100
1 1 40 19,59 19,09 -157,035 1646318100
1 1 40 19,52 19,34 -157,042 1646318101
1 1 40 19,34 19,52 -157,054 1646318101
1 1 40 19,09 19,59 -157,042 1646318102
1 1 40 18,84 19,52 -157,042 1646318103
1 1 40 18,66 19,34 -156,962 1646318103
1 1 40 18,59 19,09 -157,011 1646318103
1 1 40 18,66 18,84 -157,060 1646318104
1 1 40 18,84 18,66 -156,999 1646318104
1 1 40 19,09 18,59 -157,066 1646318105
1 1 40 19,34 18,66 -157,078 1646318105
1 1 40 19,52 18,84 -157,029 1646318106
1 1 41 13,50 23,38 -157,109 1646318107
1 1 41 14,00 23,38 -157,035 1646318107
1 1 41 13,93 23,63 -157,084 1646318107
1 1 41 13,75 23,82 -157,048 1646318108
1 1 41 13,50 23,88 -157,023 1646318109
1 1 41 13,25 23,82 -157,035 1646318109
1 1 41 13,07 23,63 -157,078 1646318109
1 1 41 13,00 23,38 -157,060 1646318110
1 1 41 13,07 23,13 -156,999 1646318111
1 1 41 13,25 22,95 -157,084 1646318111
1 1 41 13,50 22,88 -157,023 1646318111
1 1 41 13,75 22,95 -157,078 1646318112
1 1 41 13,93 23,13 -157,072 1646318112
1 1 42 6,99 26,08 -157,048 1646318113
1 1 42 7,49 26,08 -157,017 1646318114
1 1 42 7,42 26,33 -157,035 1646318115
1 1 42 7,24 26,51 -157,048 1646318115
1 1 42 6,99 26,58 -157,072 1646318115
1 1 42 6,74 26,51 -157,072 1646318116
1 1 42 6,56 26,33 -156,999 1646318116
1 1 42 6,49 26,08 -157,048 1646318117
1 1 42 6,56 25,83 -157,035 1646318117
1 1 42 6,74 25,65 -157,127 1646318118
1 1 42 6,99 25,58 -157,048 1646318118
1 1 42 7,24 25,65 -157,054 1646318119
1 1 42 7,42 25,83 -157,035 1646318119
1 1 43 0,00 27,00 -157,042 1646318120
1 1 43 0,50 27,00 -157,121 1646318121
1 1 43 0,43 27,25 -157,029 1646318121
1 1 43 0,25 27,43 -157,078 1646318122
1 1 43 0,00 27,50 -157,011 1646318122
1 1 43 -0,25 27,43 -156,999 1646318123
1 1 43 -0,43 27,25 -157,011 1646318123
1 1 43 -0,50 27,00 -157,042 1646318124
1 1 43 -0,43 26,75 -157,060 1646318124
1 1 43 -0,25 26,57 -157,042 1646318124
1 1 43 0,00 26,50 -157,042 1646318125
1 1 43 0,25 26,57 -157,072 1646318126
1 1 43 0,43 26,75 -157,084 1646318126
1 1 44 -6,99 26,08 -157,048 1646318127
1 1 44 -6,49 26,08 -157,066 1646318127
1 1 44 -6,56 26,33 -157,072 1646318127
1 1 44 -6,74 26,51 -157,096 1646318128
1 1 44 -6,99 26,58 -157,078 1646318128
1 1 44 -7,24 26,51 -157,011 1646318128
1 1 44 -7,42 26,33 -157,084 1646318129
1 1 44 -7,49 26,08 -157,017 1646318129
1 1 44 -7,42 25,83 -157,042 1646318129
1 1 44 -7,24 25,65 -157,054 1646318130
1 1 44 -6,99 25,58 -157,029 1646318130
1 1 44 -6,74 25,65 -157,035 1646318131
1 1 44 -6,56 25,83 -157,066 1646318131
1 1 45 -13,50 23,38 -157,042 1646318132
1 1 45 -13,00 23,38 -157,042 1646318132
1 1 45 -13,07 23,63 -157,054 1646318133
1 1 45 -13,25 23,82 -157,072 1646318133
1 1 45 -13,50 23,88 -157,005 1646318134
1 1 45 -13,75 23,82 -157,096 1646318134
1 1 45 -13,93 23,63 -157,029 1646318135
1 1 45 -14,00 23,38 -157,115 1646318135
1 1 45 -13,93 23,13 -157,066 1646318136
1 1 45 -13,75 22,95 -157,048 1646318136
1 1 45 -13,50 22,88 -157,090 1646318137
1 1 45 -13,25 22,95 -157,017 1646318137
1 1 45 -13,07 23,13 -157,035 1646318137
1 1 46 -19,09 19,09 -157,042 1646318138
1 1 46 -18,59 19,09 -157,042 1646318139
1 1 46 -18,66 19,34 -157,115 1646318140
1 1 46 -18,84 19,52 -157,072 1646318140
1 1 46 -19,09 19,59 -157,035 1646318140
1 1 46 -19,34 19,52 -157,066 1646318141
1 1 46 -19,52 19,34 -157,066 1646318141
1 1 46 -19,59 19,09 -157,072 1646318142
1 1 46 -19,52 18,84 -157,072 1646318142
1 1 46 -19,34 18,66 -157,042 1646318143
1 1 46 -19,09 18,59 -157,054 1646318143
1 1 46 -18,84 18,66 -157,115 1646318144
1 1 46 -18,66 18,84 -157,023 1646318144
1 1 47 -23,38 13,50 -157,078 1646318145
1 1 47 -22,88 13,50 -157,017 1646318145
1 1 47 -22,95 13,75 -157,060 1646318146
1 1 47 -23,13 13,93 -157,048 1646318146
1 1 47 -23,38 14,00 -157,066 1646318147
1 1 47 -23,63 13,93 -157,011 1646318147
1 1 47 -23,82 13,75 -157,072 1646318148
1 1 47 -23,88 13,50 -157,060 1646318148
1 1 47 -23,82 13,25 -157,035 1646318149
1 1 47 -23,63 13,07 -157,078 1646318149
1 1 47 -23,38 13,00 -157,078 1646318150
1 1 47 -23,13 13,07 -157,084 1646318150
1 1 47 -22,95 13,25 -157,005 1646318150
1 1 48 -26,08 6,99 -157,084 1646318151
1 1 48 -25,58 6,99 -157,084 1646318152
1 1 48 -25,65 7,24 -157,084 1646318152
1 1 48 -25,83 7,42 -157,121 1646318153
1 1 48 -26,08 7,49 -157,084 1646318153
1 1 48 -26,33 7,42 -157,066 1646318154
1 1 48 -26,51 7,24 -157,042 1646318155
1 1 48 -26,58 6,99 -157,084 1646318155
1 1 48 -26,51 6,74 -157,096 1646318156
1 1 48 -26,33 6,56 -156,993 1646318156
1 1 48 -26,08 6,49 -156,993 1646318157
1 1 48 -25,83 6,56 -157,017 1646318157
1 1 48 -25,65 6,74 -157,072 1646318158
1 1 49 -27,00 0,00 -157,096 1646318159
1 1 49 -26,50 0,00 -157,078 1646318159
1 1 49 -26,57 0,25 -157,060 1646318159
1 1 49 -26,75 0,43 -156,999 1646318160
1 1 49 -27,00 0,50 -157,048 1646318161
1 1 49 -27,25 0,43 -157,054 1646318161
1 1 49 -27,43 0,25 -156,987 1646318161
1 1 49 -27,50 0,00 -157,066 1646318162
1 1 49 -27,43 -0,25 -157,060 1646318163
1 1 49 -27,25 -0,43 -157,023 1646318163
1 1 49 -27,00 -0,50 -157,042 1646318164
1 1 49 -26,75 -0,43 -157,103 1646318164
1 1 49 -26,57 -0,25 -157,035 1646318164
1 1 50 -26,08 -6,99 -157,029 1646318165
1 1 50 -25,58 -6,99 -157,029 1646318166
1 1 50 -25,65 -6,74 -157,060 1646318167
1 1 50 -25,83 -6,56 -157,072 1646318167
1 1 50 -26,08 -6,49 -157,035 1646318167
1 1 50 -26,33 -6,56 -157,060 1646318168
1 1 50 -26,51 -6,74 -157,035 1646318168
1 1 50 -26,58 -6,99 -157,035 1646318169
1 1 50 -26,51 -7,24 -157,078 1646318169
1 1 50 -26,33 -7,42 -157,060 1646318170
1 1 50 -26,08 -7,49 -157,090 1646318170
1 1 50 -25,83 -7,42 -157,090 1646318171
1 1 50 -25,65 -7,24 -157,090 1646318171
1 1 51 -23,38 -13,50 -157,011 1646318172
1 1 51 -22,88 -13,50 -157,078 1646318172
1 1 51 -22,95 -13,25 -157,060 1646318173
1 1 51 -23,13 -13,07 -157,066 1646318173
1 1 51 -23,38 -13,00 -157,023 1646318174
1 1 51 -23,63 -13,07 -157,054 1646318174
1 1 51 -23,82 -13,25 -157,042 1646318175
1 1 51 -23,88 -13,50 -157,072 1646318175
1 1 51 -23,82 -13,75 -157,042 1646318176
1 1 51 -23,63 -13,93 -157,060 1646318176
1 1 51 -23,38 -14,00 -157,042 1646318177
1 1 51 -23,13 -13,93 -157,066 1646318177
1 1 51 -22,95 -13,75 -157,103 1646318178
1 1 52 -19,09 -19,09 -157,011 1646318178
1 1 52 -18,59 -19,09 -157,072 1646318179
1 1 52 -18,66 -18,84 -157,078 1646318179
1 1 52 -18,84 -18,66 -157,011 1646318180
1 1 52 -19,09 -18,59 -157,084 1646318181
1 1 52 -19,34 -18,66 -157,005 1646318181
1 1 52 -19,52 -18,84 -157,060 1646318181
1 1 52 -19,59 -19,09 -157,029 1646318182
1 1 52 -19,52 -19,34 -157,072 1646318182
1 1 52 -19,34 -19,52 -157,072 1646318183
1 1 52 -19,09 -19,59 -156,993 1646318183
1 1 52 -18,84 -19,52 -157,084 1646318184
1 1 52 -18,66 -19,34 -157,060 1646318184
1 1 53 -13,50 -23,38 -157,035 1646318185
1 1 53 -13,00 -23,38 -157,078 1646318185
1 1 53 -13,07 -23,13 -157,048 1646318186
1 1 53 -13,25 -22,95 -156,999 1646318186
1 1 53 -13,50 -22,88 -157,060 1646318186
1 1 53 -13,75 -22,95 -156,993 1646318187
1 1 53 -13,93 -23,13 -157,035 1646318187
1 1 53 -14,00 -23,38 -156,974 1646318187
1 1 53 -13,93 -23,63 -157,042 1646318188
1 1 53 -13,75 -23,82 -156,944 1646318188
1 1 53 -13,50 -23,88 -157,054 1646318188
1 1 53 -13,25 -23,82 -157,011 1646318189
1 1 53 -13,07 -23,63 -157,084 1646318189
1 1 54 -6,99 -26,08 -156,993 1646318190
1 1 54 -6,49 -26,08 -157,035 1646318191
1 1 54 -6,56 -25,83 -157,005 1646318191
1 1 54 -6,74 -25,65 -157,011 1646318192
1 1 54 -6,99 -25,58 -157,060 1646318192
1 1 54 -7,24 -25,65 -157,048 1646318193
1 1 54 -7,42 -25,83 -157,035 1646318193
1 1 54 -7,49 -26,08 -157,035 1646318194
1 1 54 -7,42 -26,33 -157,005 1646318194
1 1 54 -7,24 -26,51 -157,072 1646318194
1 1 54 -6,99 -26,58 -157,023 1646318195
1 1 54 -6,74 -26,51 -157,029 1646318196
1 1 54 -6,56 -26,33 -157,060 1646318196
1 1 55 -0,00 -27,00 -157,060 1646318197
1 1 55 0,50 -27,00 -157,029 1646318197
1 1 55 0,43 -26,75 -157,017 1646318197
1 1 55 0,25 -26,57 -157,054 1646318198
1 1 55 -0,00 -26,50 -157,011 1646318199
1 1 55 -0,25 -26,57 -157,048 1646318199
1 1 55 -0,43 -26,75 -157,060 1646318200
1 1 55 -0,50 -27,00 -157,035 1646318200
1 1 55 -0,43 -27,25 -157,035 1646318201
1 1 55 -0,25 -27,43 -156,993 1646318201
1 1 55 -0,00 -27,50 -157,011 1646318202
1 1 55 0,25 -27,43 -157,005 1646318202
1 1 55 0,43 -27,25 -157,035 1646318202
1 1 56 6,99 -26,08 -157,011 1646318203
1 1 56 7,49 -26,08 -157,042 1646318204
1 1 56 7,42 -25,83 -156,999 1646318205
1 1 56 7,24 -25,65 -157,035 1646318205
1 1 56 6,99 -25,58 -157,042 1646318205
1 1 56 6,74 -25,65 -156,993 1646318206
1 1 56 6,56 -25,83 -156,993 1646318206
1 1 56 6,49 -26,08 -157,029 1646318207
1 1 56 6,56 -26,33 -156,999 1646318208
1 1 56 6,74 -26,51 -157,048 1646318208
1 1 56 6,99 -26,58 -157,072 1646318208
1 1 56 7,24 -26,51 -157,042 1646318209
1 1 56 7,42 -26,33 -156,993 1646318209
1 1 57 13,50 -23,38 -157,066 1646318210
1 1 57 14,00 -23,38 -156,974 1646318211
1 1 57 13,93 -23,13 -157,029 1646318211
1 1 57 13,75 -22,95 -157,048 1646318212
1 1 57 13,50 -22,88 -157,017 1646318212
1 1 57 13,25 -22,95 -157,042 1646318213
1 1 57 13,07 -23,13 -157,017 1646318213
1 1 57 13,00 -23,38 -157,066 1646318214
1 1 57 13,07 -23,63 -157,042 1646318214
1 1 57 13,25 -23,82 -157,060 1646318214
1 1 57 13,50 -23,88 -157,072 1646318215
1 1 57 13,75 -23,82 -157,054 1646318216
1 1 57 13,93 -23,63 -156,993 1646318216
1 1 58 19,09 -19,09 -157,078 1646318217
1 1 58 19,59 -19,09 -157,023 1646318217
1 1 58 19,52 -18,84 -157,072 1646318218
1 1 58 19,34 -18,66 -156,999 1646318218
1 1 58 19,09 -18,59 -157,017 1646318219
1 1 58 18,84 -18,66 -157,042 1646318219
1 1 58 18,66 -18,84 -157,048 1646318220
1 1 58 18,59 -19,09 -157,090 1646318220
1 1 58 18,66 -19,34 -156,999 1646318221
1 1 58 18,84 -19,52 -157,005 1646318221
1 1 58 19,09 -19,59 -157,011 1646318222
1 1 58 19,34 -19,52 -157,060 1646318222
1 1 58 19,52 -19,34 -157,011 1646318223
1 1 59 23,38 -13,50 -157,017 1646318223
1 1 59 23,88 -13,50 -157,048 1646318224
1 1 59 23,82 -13,25 -157,029 1646318225
1 1 59 23,63 -13,07 -156,974 1646318225
1 1 59 23,38 -13,00 -157,035 1646318225
1 1 59 23,13 -13,07 -157,005 1646318226
1 1 59 22,95 -13,25 -156,999 1646318226
1 1 59 22,88 -13,50 -157,005 1646318227
1 1 59 22,95 -13,75 -157,078 1646318227
1 1 59 23,13 -13,93 -157,042 1646318228
1 1 59 23,38 -14,00 -157,035 1646318228
1 1 59 23,63 -13,93 -157,066 1646318229
1 1 59 23,82 -13,75 -157,042 1646318229
1 1 60 26,08 -6,99 -157,042 1646318230
1 1 60 26,58 -6,99 -157,060 1646318230
1 1 60 26,51 -6,74 -157,035 1646318231
1 1 60 26,33 -6,56 -156,987 1646318231
1 1 60 26,08 -6,49 -157,017 1646318231
1 1 60 25,83 -6,56 -157,060 1646318232
1 1 60 25,65 -6,74 -157,072 1646318233
1 1 60 25,58 -6,99 -157,060 1646318233
1 1 60 25,65 -7,24 -157,048 1646318234
1 1 60 25,83 -7,42 -157,035 1646318234
1 1 60 26,08 -7,49 -157,060 1646318234
1 1 60 26,33 -7,42 -156,993 1646318235
1 1 60 26,51 -7,24 -156,999 1646318235
