1 1 1 4,24 4,24 -157,054 1646317404
1 1 1 4,74 4,24 -157,072 1646317404
1 1 1 4,68 4,49 -157,035 1646317404
1 1 1 4,49 4,68 -157,072 1646317405
1 1 1 4,24 4,74 -157,072 1646317405
1 1 1 3,99 4,68 -157,078 1646317405
1 1 1 3,81 4,49 -157,035 1646317405
1 1 1 3,74 4,24 -157,060 1646317406
1 1 1 3,81 3,99 -157,060 1646317406
1 1 1 3,99 3,81 -157,096 1646317406
1 1 1 4,24 3,74 -157,072 1646317406
1 1 1 4,49 3,81 -157,035 1646317407
1 1 1 4,68 3,99 -157,048 1646317407
1 1 2 3,36 12,56 -157,054 1646317408
1 1 2 3,86 12,56 -157,115 1646317408
1 1 2 3,80 12,81 -157,084 1646317408
1 1 2 3,61 12,99 -157,035 1646317409
1 1 2 3,36 13,06 -157,109 1646317409
1 1 2 3,11 12,99 -157,078 1646317409
1 1 2 2,93 12,81 -157,048 1646317409
1 1 2 2,86 12,56 -157,084 1646317410
1 1 2 2,93 12,31 -156,999 1646317410
1 1 2 3,11 12,12 -157,048 1646317410
1 1 2 3,36 12,06 -157,054 1646317410
1 1 2 3,61 12,12 -157,054 1646317411
1 1 2 3,80 12,31 -157,096 1646317411
1 1 3 9,19 9,19 -157,005 1646317412
1 1 3 9,69 9,19 -157,048 1646317412
1 1 3 9,63 9,44 -157,084 1646317412
1 1 3 9,44 9,63 -157,035 1646317412
1 1 3 9,19 9,69 -157,090 1646317413
1 1 3 8,94 9,63 -157,023 1646317413
1 1 3 8,76 9,44 -157,048 1646317413
1 1 3 8,69 9,19 -157,103 1646317413
1 1 3 8,76 8,94 -157,017 1646317414
1 1 3 8,94 8,76 -157,054 1646317414
1 1 3 9,19 8,69 -157,066 1646317414
1 1 3 9,44 8,76 -157,042 1646317414
1 1 3 9,63 8,94 -157,078 1646317415
1 1 4 12,56 3,36 -157,078 1646317415
1 1 4 13,06 3,36 -157,060 1646317416
1 1 4 12,99 3,61 -157,072 1646317416
1 1 4 12,81 3,80 -157,054 1646317416
1 1 4 12,56 3,86 -157,084 1646317417
1 1 4 12,31 3,80 -157,017 1646317417
1 1 4 12,12 3,61 -157,072 1646317417
1 1 4 12,06 3,36 -157,078 1646317417
1 1 4 12,12 3,11 -157,048 1646317417
1 1 4 12,31 2,93 -157,084 1646317418
1 1 4 12,56 2,86 -157,096 1646317418
1 1 4 12,81 2,93 -157,060 1646317418
1 1 4 12,99 3,11 -157,023 1646317418
1 1 5 19,32 5,18 -157,035 1646317419
1 1 5 19,82 5,18 -157,048 1646317420
1 1 5 19,75 5,43 -157,078 1646317420
1 1 5 19,57 5,61 -157,029 1646317420
1 1 5 19,32 5,68 -157,048 1646317420
1 1 5 19,07 5,61 -157,072 1646317421
1 1 5 18,89 5,43 -157,078 1646317421
1 1 5 18,82 5,18 -157,029 1646317421
1 1 5 18,89 4,93 -157,029 1646317421
1 1 5 19,07 4,74 -157,035 1646317422
1 1 5 19,32 4,68 -157,054 1646317422
1 1 5 19,57 4,74 -157,060 1646317422
1 1 5 19,75 4,93 -157,060 1646317422
1 1 6 17,32 10,00 -157,035 1646317423
1 1 6 17,82 10,00 -157,103 1646317424
1 1 6 17,75 10,25 -157,060 1646317424
1 1 6 17,57 10,43 -157,048 1646317424
1 1 6 17,32 10,50 -157,048 1646317424
1 1 6 17,07 10,43 -157,029 1646317424
1 1 6 16,89 10,25 -157,042 1646317425
1 1 6 16,82 10,00 -157,023 1646317425
1 1 6 16,89 9,75 -157,066 1646317425
1 1 6 17,07 9,57 -157,084 1646317425
1 1 6 17,32 9,50 -157,066 1646317426
1 1 6 17,57 9,57 -157,035 1646317426
1 1 6 17,75 9,75 -157,103 1646317426
1 1 7 14,14 14,14 -157,042 1646317427
1 1 7 14,64 14,14 -157,042 1646317428
1 1 7 14,58 14,39 -156,993 1646317429
1 1 7 14,39 14,58 -157,084 1646317429
1 1 7 14,14 14,64 -157,133 1646317429
1 1 7 13,89 14,58 -157,072 1646317430
1 1 7 13,71 14,39 -157,054 1646317430
1 1 7 13,64 14,14 -157,042 1646317431
1 1 7 13,71 13,89 -157,072 1646317432
1 1 7 13,89 13,71 -157,017 1646317432
1 1 7 14,14 13,64 -157,145 1646317432
1 1 7 14,39 13,71 -157,042 1646317433
1 1 7 14,58 13,89 -157,084 1646317433
1 1 8 10,00 17,32 -157,078 1646317434
1 1 8 10,50 17,32 -157,072 1646317434
1 1 8 10,43 17,57 -157,042 1646317435
1 1 8 10,25 17,75 -157,042 1646317435
1 1 8 10,00 17,82 -157,090 1646317436
1 1 8 9,75 17,75 -157,048 1646317437
1 1 8 9,57 17,57 -157,029 1646317437
1 1 8 9,50 17,32 -157,078 1646317437
1 1 8 9,57 17,07 -157,078 1646317438
1 1 8 9,75 16,89 -157,048 1646317438
1 1 8 10,00 16,82 -157,017 1646317439
1 1 8 10,25 16,89 -156,846 1646317439
1 1 8 10,43 17,07 -157,072 1646317440
1 1 9 5,18 19,32 -157,072 1646317441
1 1 9 5,68 19,32 -157,017 1646317441
1 1 9 5,61 19,57 -157,096 1646317441
1 1 9 5,43 19,75 -157,023 1646317442
1 1 9 5,18 19,82 -157,054 1646317442
1 1 9 4,93 19,75 -157,084 1646317442
1 1 9 4,74 19,57 -157,023 1646317443
1 1 9 4,68 19,32 -157,072 1646317444
1 1 9 4,74 19,07 -157,084 1646317444
1 1 9 4,93 18,89 -157,078 1646317444
1 1 9 5,18 18,82 -157,060 1646317445
1 1 9 5,43 18,89 -157,023 1646317445
1 1 9 5,61 19,07 -157,103 1646317446
1 1 10 -5,18 19,32 -157,054 1646317447
1 1 10 -4,68 19,32 -157,072 1646317447
1 1 10 -4,74 19,57 -157,078 1646317448
1 1 10 -4,93 19,75 -157,054 1646317448
1 1 10 -5,18 19,82 -157,017 1646317449
1 1 10 -5,43 19,75 -157,109 1646317449
1 1 10 -5,61 19,57 -157,078 1646317450
1 1 10 -5,68 19,32 -157,035 1646317450
1 1 10 -5,61 19,07 -157,023 1646317451
1 1 10 -5,43 18,89 -157,078 1646317451
1 1 10 -5,18 18,82 -157,096 1646317452
1 1 10 -4,93 18,89 -157,115 1646317452
1 1 10 -4,74 19,07 -157,072 1646317452
1 1 11 -10,00 17,32 -157,072 1646317453
1 1 11 -9,50 17,32 -157,078 1646317454
1 1 11 -9,57 17,57 -157,042 1646317454
1 1 11 -9,75 17,75 -157,060 1646317455
1 1 11 -10,00 17,82 -157,096 1646317455
1 1 11 -10,25 17,75 -157,072 1646317456
1 1 11 -10,43 17,57 -157,066 1646317456
1 1 11 -10,50 17,32 -157,042 1646317457
1 1 11 -10,43 17,07 -157,060 1646317457
1 1 11 -10,25 16,89 -157,096 1646317458
1 1 11 -10,00 16,82 -157,060 1646317458
1 1 11 -9,75 16,89 -157,072 1646317459
1 1 11 -9,57 17,07 -157,078 1646317459
1 1 12 -14,14 14,14 -157,035 1646317460
1 1 12 -13,64 14,14 -157,035 1646317461
1 1 12 -13,71 14,39 -157,078 1646317461
1 1 12 -13,89 14,58 -157,054 1646317461
1 1 12 -14,14 14,64 -157,035 1646317462
1 1 12 -14,39 14,58 -157,072 1646317463
1 1 12 -14,58 14,39 -157,103 1646317463
1 1 12 -14,64 14,14 -157,072 1646317463
1 1 12 -14,58 13,89 -157,090 1646317464
1 1 12 -14,39 13,71 -157,042 1646317464
1 1 12 -14,14 13,64 -157,066 1646317465
1 1 12 -13,89 13,71 -157,066 1646317465
1 1 12 -13,71 13,89 -157,084 1646317466
1 1 13 -17,32 10,00 -157,096 1646317466
1 1 13 -16,82 10,00 -157,072 1646317467
1 1 13 -16,89 10,25 -157,066 1646317468
1 1 13 -17,07 10,43 -157,090 1646317468
1 1 13 -17,32 10,50 -157,054 1646317468
1 1 13 -17,57 10,43 -157,042 1646317469
1 1 13 -17,75 10,25 -157,103 1646317469
1 1 13 -17,82 10,00 -157,103 1646317470
1 1 13 -17,75 9,75 -157,090 1646317470
1 1 13 -17,57 9,57 -157,084 1646317471
1 1 13 -17,32 9,50 -157,096 1646317471
1 1 13 -17,07 9,57 -157,048 1646317472
1 1 13 -16,89 9,75 -157,096 1646317472
1 1 14 -19,32 5,18 -157,048 1646317473
1 1 14 -18,82 5,18 -156,968 1646317473
1 1 14 -18,89 5,43 -157,115 1646317474
1 1 14 -19,07 5,61 -157,048 1646317474
1 1 14 -19,32 5,68 -157,078 1646317475
1 1 14 -19,57 5,61 -157,078 1646317476
1 1 14 -19,75 5,43 -157,035 1646317476
1 1 14 -19,82 5,18 -157,054 1646317476
1 1 14 -19,75 4,93 -157,042 1646317477
1 1 14 -19,57 4,74 -157,005 1646317477
1 1 14 -19,32 4,68 -157,072 1646317478
1 1 14 -19,07 4,74 -157,072 1646317479
1 1 14 -18,89 4,93 -157,035 1646317479
1 1 15 -12,56 3,36 -157,054 1646317480
1 1 15 -12,06 3,36 -157,066 1646317480
1 1 15 -12,12 3,61 -157,048 1646317481
1 1 15 -12,31 3,80 -157,060 1646317482
1 1 15 -12,56 3,86 -157,078 1646317482
1 1 15 -12,81 3,80 -157,103 1646317483
1 1 15 -12,99 3,61 -157,023 1646317483
1 1 15 -13,06 3,36 -157,060 1646317484
1 1 15 -12,99 3,11 -157,042 1646317484
1 1 15 -12,81 2,93 -157,042 1646317484
1 1 15 -12,56 2,86 -157,084 1646317485
1 1 15 -12,31 2,93 -157,029 1646317486
1 1 15 -12,12 3,11 -157,078 1646317486
1 1 16 -9,19 9,19 -157,017 1646317487
1 1 16 -8,69 9,19 -157,035 1646317487
1 1 16 -8,76 9,44 -157,066 1646317487
1 1 16 -8,94 9,63 -157,048 1646317488
1 1 16 -9,19 9,69 -157,011 1646317489
1 1 16 -9,44 9,63 -157,023 1646317489
1 1 16 -9,63 9,44 -156,999 1646317489
1 1 16 -9,69 9,19 -157,054 1646317490
1 1 16 -9,63 8,94 -157,060 1646317491
1 1 16 -9,44 8,76 -157,066 1646317491
1 1 16 -9,19 8,69 -157,048 1646317491
1 1 16 -8,94 8,76 -157,042 1646317492
1 1 16 -8,76 8,94 -157,029 1646317493
1 1 17 -3,36 12,56 -157,078 1646317493
1 1 17 -2,86 12,56 -157,011 1646317494
1 1 17 -2,93 12,81 -157,042 1646317494
1 1 17 -3,11 12,99 -157,096 1646317494
1 1 17 -3,36 13,06 -157,035 1646317495
1 1 17 -3,61 12,99 -157,048 1646317495
1 1 17 -3,80 12,81 -157,035 1646317495
1 1 17 -3,86 12,56 -157,042 1646317495
1 1 17 -3,80 12,31 -157,078 1646317496
1 1 17 -3,61 12,12 -157,029 1646317496
1 1 17 -3,36 12,06 -157,060 1646317496
1 1 17 -3,11 12,12 -157,054 1646317496
1 1 17 -2,93 12,31 -157,054 1646317497
1 1 18 -4,24 4,24 -157,066 1646317497
1 1 18 -3,74 4,24 -156,987 1646317498
1 1 18 -3,81 4,49 -157,072 1646317498
1 1 18 -3,99 4,68 -157,078 1646317498
1 1 18 -4,24 4,74 -157,072 1646317499
1 1 18 -4,49 4,68 -157,054 1646317499
1 1 18 -4,68 4,49 -157,017 1646317499
1 1 18 -4,74 4,24 -157,084 1646317499
1 1 18 -4,68 3,99 -157,060 1646317500
1 1 18 -4,49 3,81 -157,078 1646317500
1 1 18 -4,24 3,74 -157,054 1646317500
1 1 18 -3,99 3,81 -157,103 1646317500
1 1 18 -3,81 3,99 -157,035 1646317500
1 1 19 -4,24 -4,24 -157,084 1646317502
1 1 19 -3,74 -4,24 -157,096 1646317502
1 1 19 -3,81 -3,99 -157,090 1646317502
1 1 19 -3,99 -3,81 -157,005 1646317502
1 1 19 -4,24 -3,74 -156,987 1646317503
1 1 19 -4,49 -3,81 -156,999 1646317503
1 1 19 -4,68 -3,99 -157,023 1646317503
1 1 19 -4,74 -4,24 -156,993 1646317503
1 1 19 -4,68 -4,49 -157,042 1646317504
1 1 19 -4,49 -4,68 -157,078 1646317504
1 1 19 -4,24 -4,74 -157,078 1646317504
1 1 19 -3,99 -4,68 -157,084 1646317504
1 1 19 -3,81 -4,49 -157,072 1646317505
1 1 20 -3,36 -12,56 -157,048 1646317505
1 1 20 -2,86 -12,56 -157,042 1646317506
1 1 20 -2,93 -12,31 -157,035 1646317506
1 1 20 -3,11 -12,12 -157,084 1646317506
1 1 20 -3,36 -12,06 -157,133 1646317507
1 1 20 -3,61 -12,12 -157,035 1646317507
1 1 20 -3,80 -12,31 -157,035 1646317507
1 1 20 -3,86 -12,56 -157,017 1646317507
1 1 20 -3,80 -12,81 -157,035 1646317508
1 1 20 -3,61 -12,99 -157,109 1646317508
1 1 20 -3,36 -13,06 -157,103 1646317508
1 1 20 -3,11 -12,99 -157,048 1646317508
1 1 20 -2,93 -12,81 -157,023 1646317508
1 1 21 -9,19 -9,19 -157,072 1646317510
1 1 21 -8,69 -9,19 -157,054 1646317510
1 1 21 -8,76 -8,94 -157,103 1646317510
1 1 21 -8,94 -8,76 -157,035 1646317511
1 1 21 -9,19 -8,69 -157,054 1646317511
1 1 21 -9,44 -8,76 -157,042 1646317512
1 1 21 -9,63 -8,94 -157,035 1646317512
1 1 21 -9,69 -9,19 -157,042 1646317513
1 1 21 -9,63 -9,44 -157,072 1646317513
1 1 21 -9,44 -9,63 -157,072 1646317514
1 1 21 -9,19 -9,69 -157,072 1646317514
1 1 21 -8,94 -9,63 -157,011 1646317515
1 1 21 -8,76 -9,44 -157,072 1646317515
1 1 22 -12,56 -3,36 -157,096 1646317516
1 1 22 -12,06 -3,36 -156,987 1646317517
1 1 22 -12,12 -3,11 -157,060 1646317517
1 1 22 -12,31 -2,93 -157,066 1646317517
1 1 22 -12,56 -2,86 -157,011 1646317518
1 1 22 -12,81 -2,93 -157,035 1646317518
1 1 22 -12,99 -3,11 -157,023 1646317519
1 1 22 -13,06 -3,36 -157,054 1646317519
1 1 22 -12,99 -3,61 -157,035 1646317520
1 1 22 -12,81 -3,80 -157,060 1646317520
1 1 22 -12,56 -3,86 -157,042 1646317521
1 1 22 -12,31 -3,80 -157,060 1646317521
1 1 22 -12,12 -3,61 -157,035 1646317522
1 1 23 -19,32 -5,18 -157,084 1646317523
1 1 23 -18,82 -5,18 -157,072 1646317523
1 1 23 -18,89 -4,93 -156,974 1646317523
1 1 23 -19,07 -4,74 -157,035 1646317524
1 1 23 -19,32 -4,68 -157,042 1646317524
1 1 23 -19,57 -4,74 -157,066 1646317524
1 1 23 -19,75 -4,93 -157,035 1646317525
1 1 23 -19,82 -5,18 -157,029 1646317525
1 1 23 -19,75 -5,43 -157,078 1646317525
1 1 23 -19,57 -5,61 -157,048 1646317526
1 1 23 -19,32 -5,68 -157,090 1646317527
1 1 23 -19,07 -5,61 -157,109 1646317527
1 1 23 -18,89 -5,43 -157,042 1646317528
1 1 24 -17,32 -10,00 -157,035 1646317528
1 1 24 -16,82 -10,00 -157,042 1646317529
1 1 24 -16,89 -9,75 -157,090 1646317530
1 1 24 -17,07 -9,57 -157,035 1646317530
1 1 24 -17,32 -9,50 -157,121 1646317531
1 1 24 -17,57 -9,57 -157,072 1646317531
1 1 24 -17,75 -9,75 -157,121 1646317532
1 1 24 -17,82 -10,00 -157,084 1646317532
1 1 24 -17,75 -10,25 -157,042 1646317533
1 1 24 -17,57 -10,43 -157,035 1646317533
1 1 24 -17,32 -10,50 -157,127 1646317534
1 1 24 -17,07 -10,43 -157,072 1646317534
1 1 24 -16,89 -10,25 -157,090 1646317534
1 1 25 -14,14 -14,14 -157,048 1646317535
1 1 25 -13,64 -14,14 -157,035 1646317536
1 1 25 -13,71 -13,89 -157,072 1646317536
1 1 25 -13,89 -13,71 -157,060 1646317537
1 1 25 -14,14 -13,64 -157,078 1646317537
1 1 25 -14,39 -13,71 -156,993 1646317538
1 1 25 -14,58 -13,89 -157,060 1646317538
1 1 25 -14,64 -14,14 -157,072 1646317539
1 1 25 -14,58 -14,39 -157,078 1646317539
1 1 25 -14,39 -14,58 -157,035 1646317540
1 1 25 -14,14 -14,64 -157,072 1646317540
1 1 25 -13,89 -14,58 -157,042 1646317541
1 1 25 -13,71 -14,39 -157,023 1646317541
1 1 26 -10,00 -17,32 -157,048 1646317542
1 1 26 -9,50 -17,32 -157,109 1646317542
1 1 26 -9,57 -17,07 -157,060 1646317543
1 1 26 -9,75 -16,89 -157,060 1646317543
1 1 26 -10,00 -16,82 -157,090 1646317544
1 1 26 -10,25 -16,89 -157,023 1646317545
1 1 26 -10,43 -17,07 -157,035 1646317545
1 1 26 -10,50 -17,32 -157,035 1646317545
1 1 26 -10,43 -17,57 -157,042 1646317546
1 1 26 -10,25 -17,75 -157,054 1646317546
1 1 26 -10,00 -17,82 -157,084 1646317547
1 1 26 -9,75 -17,75 -157,011 1646317547
1 1 26 -9,57 -17,57 -157,035 1646317548
1 1 27 -5,18 -19,32 -157,072 1646317548
1 1 27 -4,68 -19,32 -157,078 1646317549
1 1 27 -4,74 -19,07 -157,060 1646317550
1 1 27 -4,93 -18,89 -157,054 1646317550
1 1 27 -5,18 -18,82 -157,066 1646317551
1 1 27 -5,43 -18,89 -157,084 1646317551
1 1 27 -5,61 -19,07 -157,054 1646317551
1 1 27 -5,68 -19,32 -157,054 1646317552
1 1 27 -5,61 -19,57 -157,042 1646317552
1 1 27 -5,43 -19,75 -156,999 1646317552
1 1 27 -5,18 -19,82 -157,029 1646317553
1 1 27 -4,93 -19,75 -157,096 1646317554
1 1 27 -4,74 -19,57 -157,060 1646317554
1 1 28 5,18 -19,32 -157,035 1646317555
1 1 28 5,68 -19,32 -157,035 1646317555
1 1 28 5,61 -19,07 -157,042 1646317556
1 1 28 5,43 -18,89 -157,011 1646317556
1 1 28 5,18 -18,82 -157,042 1646317557
1 1 28 4,93 -18,89 -157,096 1646317557
1 1 28 4,74 -19,07 -157,042 1646317558
1 1 28 4,68 -19,32 -157,029 1646317558
1 1 28 4,74 -19,57 -157,035 1646317559
1 1 28 4,93 -19,75 -157,072 1646317559
1 1 28 5,18 -19,82 -156,767 1646317560
1 1 28 5,43 -19,75 -157,072 1646317560
1 1 28 5,61 -19,57 -157,072 1646317561
1 1 29 10,00 -17,32 -157,078 1646317561
1 1 29 10,50 -17,32 -157,078 1646317562
1 1 29 10,43 -17,07 -157,029 1646317562
1 1 29 10,25 -16,89 -157,078 1646317562
1 1 29 10,00 -16,82 -157,054 1646317563
1 1 29 9,75 -16,89 -157,066 1646317563
1 1 29 9,57 -17,07 -156,981 1646317564
1 1 29 9,50 -17,32 -156,962 1646317564
1 1 29 9,57 -17,57 -157,029 1646317564
1 1 29 9,75 -17,75 -157,029 1646317565
1 1 29 10,00 -17,82 -156,987 1646317565
1 1 29 10,25 -17,75 -157,029 1646317565
1 1 29 10,43 -17,57 -157,042 1646317566
1 1 30 14,14 -14,14 -157,042 1646317567
1 1 30 14,64 -14,14 -157,035 1646317567
1 1 30 14,58 -13,89 -157,042 1646317568
1 1 30 14,39 -13,71 -157,048 1646317568
1 1 30 14,14 -13,64 -156,950 1646317569
1 1 30 13,89 -13,71 -157,042 1646317569
1 1 30 13,71 -13,89 -157,042 1646317570
1 1 30 13,64 -14,14 -157,072 1646317570
1 1 30 13,71 -14,39 -157,023 1646317571
1 1 30 13,89 -14,58 -157,066 1646317571
1 1 30 14,14 -14,64 -157,054 1646317572
1 1 30 14,39 -14,58 -157,090 1646317572
1 1 30 14,58 -14,39 -157,060 1646317572
1 1 31 17,32 -10,00 -157,115 1646317573
1 1 31 17,82 -10,00 -157,078 1646317574
1 1 31 17,75 -9,75 -157,078 1646317574
1 1 31 17,57 -9,57 -157,054 1646317575
1 1 31 17,32 -9,50 -157,042 1646317575
1 1 31 17,07 -9,57 -157,029 1646317576
1 1 31 16,89 -9,75 -157,072 1646317576
1 1 31 16,82 -10,00 -157,023 1646317577
1 1 31 16,89 -10,25 -157,042 1646317577
1 1 31 17,07 -10,43 -157,072 1646317578
1 1 31 17,32 -10,50 -157,072 1646317578
1 1 31 17,57 -10,43 -157,084 1646317579
1 1 31 17,75 -10,25 -157,035 1646317579
1 1 32 19,32 -5,18 -157,072 1646317580
1 1 32 19,82 -5,18 -156,999 1646317581
1 1 32 19,75 -4,93 -157,048 1646317581
1 1 32 19,57 -4,74 -157,029 1646317581
1 1 32 19,32 -4,68 -157,066 1646317582
1 1 32 19,07 -4,74 -157,054 1646317582
1 1 32 18,89 -4,93 -157,017 1646317583
1 1 32 18,82 -5,18 -157,072 1646317583
1 1 32 18,89 -5,43 -157,084 1646317584
1 1 32 19,07 -5,61 -157,060 1646317584
1 1 32 19,32 -5,68 -157,023 1646317585
1 1 32 19,57 -5,61 -157,066 1646317585
1 1 32 19,75 -5,43 -157,109 1646317585
1 1 33 12,56 -3,36 -156,987 1646317586
1 1 33 13,06 -3,36 -157,029 1646317587
1 1 33 12,99 -3,11 -157,011 1646317588
1 1 33 12,81 -2,93 -157,072 1646317588
1 1 33 12,56 -2,86 -157,054 1646317588
1 1 33 12,31 -2,93 -157,084 1646317589
1 1 33 12,12 -3,11 -157,054 1646317589
1 1 33 12,06 -3,36 -157,066 1646317590
1 1 33 12,12 -3,61 -157,072 1646317591
1 1 33 12,31 -3,80 -157,029 1646317591
1 1 33 12,56 -3,86 -157,011 1646317591
1 1 33 12,81 -3,80 -157,060 1646317592
1 1 33 12,99 -3,61 -157,084 1646317592
1 1 34 9,19 -9,19 -157,072 1646317593
1 1 34 9,69 -9,19 -157,066 1646317594
1 1 34 9,63 -8,94 -157,035 1646317594
1 1 34 9,44 -8,76 -157,060 1646317595
1 1 34 9,19 -8,69 -157,090 1646317595
1 1 34 8,94 -8,76 -157,084 1646317596
1 1 34 8,76 -8,94 -156,987 1646317596
1 1 34 8,69 -9,19 -157,029 1646317597
1 1 34 8,76 -9,44 -157,035 1646317597
1 1 34 8,94 -9,63 -157,035 1646317597
1 1 34 9,19 -9,69 -157,054 1646317598
1 1 34 9,44 -9,63 -157,035 1646317599
1 1 34 9,63 -9,44 -157,060 1646317599
1 1 35 3,36 -12,56 -157,042 1646317600
1 1 35 3,86 -12,56 -156,987 1646317600
1 1 35 3,80 -12,31 -157,096 1646317600
1 1 35 3,61 -12,12 -157,017 1646317601
1 1 35 3,36 -12,06 -157,066 1646317601
1 1 35 3,11 -12,12 -157,096 1646317601
1 1 35 2,93 -12,31 -157,042 1646317602
1 1 35 2,86 -12,56 -157,035 1646317602
1 1 35 2,93 -12,81 -157,078 1646317602
1 1 35 3,11 -12,99 -157,035 1646317603
1 1 35 3,36 -13,06 -156,999 1646317604
1 1 35 3,61 -12,99 -157,084 1646317604
1 1 35 3,80 -12,81 -157,054 1646317604
1 1 36 4,24 -4,24 -157,096 1646317605
1 1 36 4,74 -4,24 -157,048 1646317606
1 1 36 4,68 -3,99 -157,048 1646317607
1 1 36 4,49 -3,81 -156,993 1646317607
1 1 36 4,24 -3,74 -157,066 1646317608
1 1 36 3,99 -3,81 -157,066 1646317608
1 1 36 3,81 -3,99 -157,035 1646317608
1 1 36 3,74 -4,24 -157,060 1646317609
1 1 36 3,81 -4,49 -157,078 1646317609
1 1 36 3,99 -4,68 -157,072 1646317610
1 1 36 4,24 -4,74 -157,084 1646317610
1 1 36 4,49 -4,68 -157,072 1646317611
1 1 36 4,68 -4,49 -157,084 1646317611
1 1 37 27,00 0,00 -157,078 1646317613
1 1 37 27,50 0,00 -157,060 1646317614
1 1 37 27,43 0,25 -157,054 1646317614
1 1 37 27,25 0,43 -157,035 1646317614
1 1 37 27,00 0,50 -157,084 1646317615
1 1 37 26,75 0,43 -157,035 1646317616
1 1 37 26,57 0,25 -157,096 1646317616
1 1 37 26,50 0,00 -157,060 1646317616
1 1 37 26,57 -0,25 -157,023 1646317617
1 1 37 26,75 -0,43 -157,054 1646317617
1 1 37 27,00 -0,50 -157,048 1646317618
1 1 37 27,25 -0,43 -156,736 1646317618
1 1 37 27,43 -0,25 -156,724 1646317618
1 1 38 26,08 6,99 -157,060 1646317619
1 1 38 26,58 6,99 -157,072 1646317620
1 1 38 26,51 7,24 -157,011 1646317621
1 1 38 26,33 7,42 -157,072 1646317621
1 1 38 26,08 7,49 -157,103 1646317622
1 1 38 25,83 7,42 -157,072 1646317622
1 1 38 25,65 7,24 -157,005 1646317623
1 1 38 25,58 6,99 -157,060 1646317623
1 1 38 25,65 6,74 -157,048 1646317624
1 1 38 25,83 6,56 -157,035 1646317624
1 1 38 26,08 6,49 -157,035 1646317625
1 1 38 26,33 6,56 -157,035 1646317625
1 1 38 26,51 6,74 -157,066 1646317626
1 1 39 23,38 13,50 -157,084 1646317627
1 1 39 23,88 13,50 -157,054 1646317627
1 1 39 23,82 13,75 -157,072 1646317628
1 1 39 23,63 13,93 -157,035 1646317628
1 1 39 23,38 14,00 -157,060 1646317629
1 1 39 23,13 13,93 -156,974 1646317629
1 1 39 22,95 13,75 -157,084 1646317630
1 1 39 22,88 13,50 -157,109 1646317630
1 1 39 22,95 13,25 -157,090 1646317631
1 1 39 23,13 13,07 -157,035 1646317631
1 1 39 23,38 13,00 -157,005 1646317632
1 1 39 23,63 13,07 -157,121 1646317632
1 1 39 23,82 13,25 -157,096 1646317632
1 1 40 19,09 19,09 -157,115 1646317633
1 1 40 19,59 19,09 -157,042 1646317634
1 1 40 19,52 19,34 -157,078 1646317634
1 1 40 19,34 19,52 -157,060 1646317635
1 1 40 19,09 19,59 -157,078 1646317635
1 1 40 18,84 19,52 -157,023 1646317636
1 1 40 18,66 19,34 -156,993 1646317636
1 1 40 18,59 19,09 -157,035 1646317637
1 1 40 18,66 18,84 -157,042 1646317637
1 1 40 18,84 18,66 -157,048 1646317637
1 1 40 19,09 18,59 -157,060 1646317638
1 1 40 19,34 18,66 -157,072 1646317639
1 1 40 19,52 18,84 -157,060 1646317639
1 1 41 13,50 23,38 -157,048 1646317640
1 1 41 14,00 23,38 -157,072 1646317640
1 1 41 13,93 23,63 -157,072 1646317641
1 1 41 13,75 23,82 -157,072 1646317642
1 1 41 13,50 23,88 -157,072 1646317642
1 1 41 13,25 23,82 -157,054 1646317643
1 1 41 13,07 23,63 -157,066 1646317643
1 1 41 13,00 23,38 -157,060 1646317643
1 1 41 13,07 23,13 -157,042 1646317644
1 1 41 13,25 22,95 -157,078 1646317644
1 1 41 13,50 22,88 -157,029 1646317645
1 1 41 13,75 22,95 -157,127 1646317645
1 1 41 13,93 23,13 -157,060 1646317646
1 1 42 6,99 26,08 -157,096 1646317647
1 1 42 7,49 26,08 -156,999 1646317647
1 1 42 7,42 26,33 -157,066 1646317647
1 1 42 7,24 26,51 -157,042 1646317648
1 1 42 6,99 26,58 -157,090 1646317649
1 1 42 6,74 26,51 -157,072 1646317649
1 1 42 6,56 26,33 -156,993 1646317650
1 1 42 6,49 26,08 -157,048 1646317650
1 1 42 6,56 25,83 -157,054 1646317651
1 1 42 6,74 25,65 -157,133 1646317651
1 1 42 6,99 25,58 -157,060 1646317651
1 1 42 7,24 25,65 -157,066 1646317652
1 1 42 7,42 25,83 -157,029 1646317652
1 1 43 0,00 27,00 -157,054 1646317653
1 1 43 0,50 27,00 -157,103 1646317654
1 1 43 0,43 27,25 -157,054 1646317654
1 1 43 0,25 27,43 -157,035 1646317655
1 1 43 0,00 27,50 -157,035 1646317655
1 1 43 -0,25 27,43 -157,029 1646317656
1 1 43 -0,43 27,25 -156,999 1646317656
1 1 43 -0,50 27,00 -157,072 1646317657
1 1 43 -0,43 26,75 -157,060 1646317657
1 1 43 -0,25 26,57 -157,060 1646317657
1 1 43 0,00 26,50 -157,090 1646317658
1 1 43 0,25 26,57 -157,060 1646317659
1 1 43 0,43 26,75 -157,103 1646317659
1 1 44 -6,99 26,08 -157,078 1646317660
1 1 44 -6,49 26,08 -157,054 1646317660
1 1 44 -6,56 26,33 -157,078 1646317660
1 1 44 -6,74 26,51 -157,078 1646317661
1 1 44 -6,99 26,58 -157,109 1646317661
1 1 44 -7,24 26,51 -157,035 1646317662
1 1 44 -7,42 26,33 -157,072 1646317662
1 1 44 -7,49 26,08 -157,096 1646317663
1 1 44 -7,42 25,83 -157,060 1646317663
1 1 44 -7,24 25,65 -157,078 1646317664
1 1 44 -6,99 25,58 -157,048 1646317664
1 1 44 -6,74 25,65 -157,084 1646317665
1 1 44 -6,56 25,83 -157,072 1646317665
1 1 45 -13,50 23,38 -157,078 1646317666
1 1 45 -13,00 23,38 -157,060 1646317666
1 1 45 -13,07 23,63 -157,029 1646317667
1 1 45 -13,25 23,82 -157,096 1646317667
1 1 45 -13,50 23,88 -157,035 1646317667
1 1 45 -13,75 23,82 -157,133 1646317668
1 1 45 -13,93 23,63 -157,042 1646317668
1 1 45 -14,00 23,38 -157,109 1646317668
1 1 45 -13,93 23,13 -157,023 1646317669
1 1 45 -13,75 22,95 -157,042 1646317669
1 1 45 -13,50 22,88 -157,078 1646317670
1 1 45 -13,25 22,95 -157,066 1646317670
1 1 45 -13,07 23,13 -157,096 1646317670
1 1 46 -19,09 19,09 -157,066 1646317671
1 1 46 -18,59 19,09 -157,078 1646317671
1 1 46 -18,66 19,34 -157,133 1646317672
1 1 46 -18,84 19,52 -157,042 1646317673
1 1 46 -19,09 19,59 -157,054 1646317673
1 1 46 -19,34 19,52 -157,078 1646317674
1 1 46 -19,52 19,34 -157,042 1646317674
1 1 46 -19,59 19,09 -157,090 1646317675
1 1 46 -19,52 18,84 -157,078 1646317675
1 1 46 -19,34 18,66 -157,066 1646317676
1 1 46 -19,09 18,59 -157,035 1646317676
1 1 46 -18,84 18,66 -157,109 1646317677
1 1 46 -18,66 18,84 -157,072 1646317677
1 1 47 -23,38 13,50 -157,035 1646317678
1 1 47 -22,88 13,50 -157,035 1646317678
1 1 47 -22,95 13,75 -157,072 1646317679
1 1 47 -23,13 13,93 -157,072 1646317679
1 1 47 -23,38 14,00 -157,072 1646317680
1 1 47 -23,63 13,93 -157,029 1646317680
1 1 47 -23,82 13,75 -157,060 1646317681
1 1 47 -23,88 13,50 -157,084 1646317681
1 1 47 -23,82 13,25 -157,066 1646317682
1 1 47 -23,63 13,07 -157,096 1646317682
1 1 47 -23,38 13,00 -157,084 1646317683
1 1 47 -23,13 13,07 -157,066 1646317683
1 1 47 -22,95 13,25 -157,072 1646317683
1 1 48 -26,08 6,99 -157,078 1646317684
1 1 48 -25,58 6,99 -157,121 1646317685
1 1 48 -25,65 7,24 -157,078 1646317685
1 1 48 -25,83 7,42 -157,133 1646317686
1 1 48 -26,08 7,49 -157,084 1646317686
1 1 48 -26,33 7,42 -157,109 1646317687
1 1 48 -26,51 7,24 -157,072 1646317687
1 1 48 -26,58 6,99 -157,078 1646317688
1 1 48 -26,51 6,74 -157,060 1646317688
1 1 48 -26,33 6,56 -157,017 1646317689
1 1 48 -26,08 6,49 -157,048 1646317689
1 1 48 -25,83 6,56 -157,042 1646317690
1 1 48 -25,65 6,74 -157,072 1646317690
1 1 49 -27,00 0,00 -157,066 1646317691
1 1 49 -26,50 0,00 -157,103 1646317692
1 1 49 -26,57 0,25 -157,042 1646317692
1 1 49 -26,75 0,43 -157,096 1646317693
1 1 49 -27,00 0,50 -157,054 1646317693
1 1 49 -27,25 0,43 -157,066 1646317694
1 1 49 -27,43 0,25 -157,029 1646317694
1 1 49 -27,50 0,00 -157,054 1646317695
1 1 49 -27,43 -0,25 -157,054 1646317695
1 1 49 -27,25 -0,43 -157,072 1646317696
1 1 49 -27,00 -0,50 -157,072 1646317696
1 1 49 -26,75 -0,43 -157,084 1646317697
1 1 49 -26,57 -0,25 -157,048 1646317697
1 1 50 -26,08 -6,99 -157,054 1646317698
1 1 50 -25,58 -6,99 -157,023 1646317699
1 1 50 -25,65 -6,74 -157,042 1646317699
1 1 50 -25,83 -6,56 -157,078 1646317700
1 1 50 -26,08 -6,49 -157,035 1646317700
1 1 50 -26,33 -6,56 -157,072 1646317701
1 1 50 -26,51 -6,74 -157,048 1646317701
1 1 50 -26,58 -6,99 -157,048 1646317702
1 1 50 -26,51 -7,24 -157,109 1646317702
1 1 50 -26,33 -7,42 -157,066 1646317702
1 1 50 -26,08 -7,49 -157,078 1646317703
1 1 50 -25,83 -7,42 -157,078 1646317703
1 1 50 -25,65 -7,24 -157,078 1646317704
1 1 51 -23,38 -13,50 -157,011 1646317705
1 1 51 -22,88 -13,50 -157,090 1646317705
1 1 51 -22,95 -13,25 -156,755 1646317705
1 1 51 -23,13 -13,07 -157,060 1646317706
1 1 51 -23,38 -13,00 -157,035 1646317707
1 1 51 -23,63 -13,07 -157,060 1646317707
1 1 51 -23,82 -13,25 -157,084 1646317707
1 1 51 -23,88 -13,50 -157,090 1646317708
1 1 51 -23,82 -13,75 -157,084 1646317708
1 1 51 -23,63 -13,93 -157,078 1646317709
1 1 51 -23,38 -14,00 -157,035 1646317709
1 1 51 -23,13 -13,93 -157,035 1646317710
1 1 51 -22,95 -13,75 -157,096 1646317710
1 1 52 -19,09 -19,09 -157,005 1646317711
1 1 52 -18,59 -19,09 -157,072 1646317711
1 1 52 -18,66 -18,84 -157,084 1646317712
1 1 52 -18,84 -18,66 -157,042 1646317712
1 1 52 -19,09 -18,59 -157,078 1646317713
1 1 52 -19,34 -18,66 -157,048 1646317713
1 1 52 -19,52 -18,84 -156,804 1646317714
1 1 52 -19,59 -19,09 -157,054 1646317714
1 1 52 -19,52 -19,34 -157,060 1646317715
1 1 52 -19,34 -19,52 -157,035 1646317715
1 1 52 -19,09 -19,59 -157,023 1646317716
1 1 52 -18,84 -19,52 -157,048 1646317716
1 1 52 -18,66 -19,34 -157,060 1646317717
1 1 53 -13,50 -23,38 -157,072 1646317717
1 1 53 -13,00 -23,38 -157,035 1646317718
1 1 53 -13,07 -23,13 -157,072 1646317719
1 1 53 -13,25 -22,95 -157,005 1646317719
1 1 53 -13,50 -22,88 -157,048 1646317720
1 1 53 -13,75 -22,95 -157,005 1646317720
1 1 53 -13,93 -23,13 -157,035 1646317720
1 1 53 -14,00 -23,38 -157,011 1646317721
1 1 53 -13,93 -23,63 -157,017 1646317722
1 1 53 -13,75 -23,82 -156,993 1646317722
1 1 53 -13,50 -23,88 -157,054 1646317723
1 1 53 -13,25 -23,82 -157,023 1646317723
1 1 53 -13,07 -23,63 -157,145 1646317723
1 1 54 -6,99 -26,08 -157,005 1646317724
1 1 54 -6,49 -26,08 -157,066 1646317725
1 1 54 -6,56 -25,83 -157,054 1646317725
1 1 54 -6,74 -25,65 -157,017 1646317726
1 1 54 -6,99 -25,58 -157,066 1646317726
1 1 54 -7,24 -25,65 -157,054 1646317727
1 1 54 -7,42 -25,83 -157,066 1646317727
1 1 54 -7,49 -26,08 -157,109 1646317728
1 1 54 -7,42 -26,33 -156,999 1646317728
1 1 54 -7,24 -26,51 -157,078 1646317728
1 1 54 -6,99 -26,58 -157,066 1646317729
1 1 54 -6,74 -26,51 -157,042 1646317730
1 1 54 -6,56 -26,33 -157,072 1646317730
1 1 55 -0,00 -27,00 -157,029 1646317731
1 1 55 0,50 -27,00 -157,054 1646317731
1 1 55 0,43 -26,75 -157,017 1646317731
1 1 55 0,25 -26,57 -157,090 1646317732
1 1 55 -0,00 -26,50 -157,023 1646317733
1 1 55 -0,25 -26,57 -157,042 1646317733
1 1 55 -0,43 -26,75 -157,054 1646317734
1 1 55 -0,50 -27,00 -157,011 1646317734
1 1 55 -0,43 -27,25 -157,011 1646317735
1 1 55 -0,25 -27,43 -156,987 1646317735
1 1 55 -0,00 -27,50 -156,999 1646317736
1 1 55 0,25 -27,43 -156,999 1646317737
1 1 55 0,43 -27,25 -156,999 1646317737
1 1 56 6,99 -26,08 -157,023 1646317738
1 1 56 7,49 -26,08 -157,029 1646317739
1 1 56 7,42 -25,83 -157,035 1646317739
1 1 56 7,24 -25,65 -157,042 1646317739
1 1 56 6,99 -25,58 -157,054 1646317740
1 1 56 6,74 -25,65 -157,072 1646317741
1 1 56 6,56 -25,83 -156,999 1646317741
1 1 56 6,49 -26,08 -157,042 1646317741
1 1 56 6,56 -26,33 -156,993 1646317742
1 1 56 6,74 -26,51 -157,035 1646317742
1 1 56 6,99 -26,58 -157,078 1646317743
1 1 56 7,24 -26,51 -157,023 1646317743
1 1 56 7,42 -26,33 -156,974 1646317743
1 1 57 13,50 -23,38 -157,084 1646317744
1 1 57 14,00 -23,38 -156,993 1646317745
1 1 57 13,93 -23,13 -157,060 1646317746
1 1 57 13,75 -22,95 -157,035 1646317746
1 1 57 13,50 -22,88 -157,035 1646317746
1 1 57 13,25 -22,95 -157,029 1646317747
1 1 57 13,07 -23,13 -157,011 1646317747
1 1 57 13,00 -23,38 -157,023 1646317748
1 1 57 13,07 -23,63 -157,066 1646317749
1 1 57 13,25 -23,82 -157,096 1646317749
1 1 57 13,50 -23,88 -157,066 1646317750
1 1 57 13,75 -23,82 -157,078 1646317750
1 1 57 13,93 -23,63 -156,999 1646317751
1 1 58 19,09 -19,09 -157,054 1646317751
1 1 58 19,59 -19,09 -157,054 1646317752
1 1 58 19,52 -18,84 -157,060 1646317752
1 1 58 19,34 -18,66 -156,987 1646317753
1 1 58 19,09 -18,59 -157,048 1646317754
1 1 58 18,84 -18,66 -157,023 1646317754
1 1 58 18,66 -18,84 -157,017 1646317754
1 1 58 18,59 -19,09 -157,096 1646317755
1 1 58 18,66 -19,34 -157,005 1646317756
1 1 58 18,84 -19,52 -156,999 1646317756
1 1 58 19,09 -19,59 -157,072 1646317757
1 1 58 19,34 -19,52 -157,078 1646317757
1 1 58 19,52 -19,34 -157,017 1646317757
1 1 59 23,38 -13,50 -157,011 1646317759
1 1 59 23,88 -13,50 -157,042 1646317759
1 1 59 23,82 -13,25 -157,084 1646317760
1 1 59 23,63 -13,07 -157,029 1646317760
1 1 59 23,38 -13,00 -157,042 1646317761
1 1 59 23,13 -13,07 -157,035 1646317761
1 1 59 22,95 -13,25 -157,072 1646317761
1 1 59 22,88 -13,50 -157,035 1646317762
1 1 59 22,95 -13,75 -157,066 1646317762
1 1 59 23,13 -13,93 -157,060 1646317762
1 1 59 23,38 -14,00 -157,011 1646317762
1 1 59 23,63 -13,93 -157,066 1646317763
1 1 59 23,82 -13,75 -157,078 1646317763
1 1 60 26,08 -6,99 -157,042 1646317764
1 1 60 26,58 -6,99 -157,042 1646317764
1 1 60 26,51 -6,74 -157,029 1646317764
1 1 60 26,33 -6,56 -157,029 1646317765
1 1 60 26,08 -6,49 -157,017 1646317765
1 1 60 25,83 -6,56 -157,072 1646317765
1 1 60 25,65 -6,74 -157,072 1646317765
1 1 60 25,58 -6,99 -157,096 1646317766
1 1 60 25,65 -7,24 -157,035 1646317766
1 1 60 25,83 -7,42 -157,023 1646317766
1 1 60 26,08 -7,49 -157,115 1646317766
1 1 60 26,33 -7,42 -156,993 1646317767
1 1 60 26,51 -7,24 -157,011 1646317767
