1 1 1 4,24 4,24 -157,066 1646313970
1 1 1 4,74 4,24 -157,054 1646313970
1 1 1 4,68 4,49 -157,072 1646313971
1 1 1 4,49 4,68 -157,072 1646313971
1 1 1 4,24 4,74 -157,078 1646313971
1 1 1 3,99 4,68 -157,066 1646313971
1 1 1 3,81 4,49 -157,048 1646313972
1 1 1 3,74 4,24 -157,066 1646313972
1 1 1 3,81 3,99 -157,078 1646313972
1 1 1 3,99 3,81 -157,078 1646313972
1 1 1 4,24 3,74 -157,084 1646313973
1 1 1 4,49 3,81 -157,054 1646313973
1 1 1 4,68 3,99 -157,109 1646313973
1 1 2 3,36 12,56 -157,042 1646313974
1 1 2 3,86 12,56 -157,115 1646313974
1 1 2 3,80 12,81 -157,078 1646313975
1 1 2 3,61 12,99 -157,072 1646313975
1 1 2 3,36 13,06 -157,090 1646313975
1 1 2 3,11 12,99 -157,096 1646313975
1 1 2 2,93 12,81 -157,048 1646313976
1 1 2 2,86 12,56 -157,078 1646313976
1 1 2 2,93 12,31 -157,011 1646313976
1 1 2 3,11 12,12 -157,072 1646313976
1 1 2 3,36 12,06 -156,749 1646313976
1 1 2 3,61 12,12 -157,096 1646313977
1 1 2 3,80 12,31 -157,090 1646313977
1 1 3 9,19 9,19 -157,060 1646313978
1 1 3 9,69 9,19 -157,078 1646313978
1 1 3 9,63 9,44 -157,072 1646313978
1 1 3 9,44 9,63 -157,054 1646313979
1 1 3 9,19 9,69 -157,072 1646313979
1 1 3 8,94 9,63 -157,023 1646313979
1 1 3 8,76 9,44 -157,035 1646313979
1 1 3 8,69 9,19 -157,090 1646313980
1 1 3 8,76 8,94 -157,042 1646313980
1 1 3 8,94 8,76 -157,072 1646313980
1 1 3 9,19 8,69 -157,072 1646313980
1 1 3 9,44 8,76 -157,042 1646313981
1 1 3 9,63 8,94 -157,060 1646313981
1 1 4 12,56 3,36 -157,084 1646313982
1 1 4 13,06 3,36 -157,060 1646313982
1 1 4 12,99 3,61 -157,066 1646313982
1 1 4 12,81 3,80 -157,042 1646313983
1 1 4 12,56 3,86 -157,035 1646313983
1 1 4 12,31 3,80 -157,078 1646313983
1 1 4 12,12 3,61 -157,096 1646313983
1 1 4 12,06 3,36 -157,072 1646313983
1 1 4 12,12 3,11 -157,084 1646313984
1 1 4 12,31 2,93 -157,090 1646313984
1 1 4 12,56 2,86 -157,115 1646313984
1 1 4 12,81 2,93 -157,090 1646313984
1 1 4 12,99 3,11 -156,987 1646313985
1 1 5 19,32 5,18 -157,060 1646313985
1 1 5 19,82 5,18 -157,035 1646313986
1 1 5 19,75 5,43 -157,096 1646313986
1 1 5 19,57 5,61 -157,035 1646313986
1 1 5 19,32 5,68 -157,042 1646313987
1 1 5 19,07 5,61 -157,072 1646313987
1 1 5 18,89 5,43 -157,078 1646313987
1 1 5 18,82 5,18 -157,042 1646313987
1 1 5 18,89 4,93 -157,035 1646313987
1 1 5 19,07 4,74 -157,029 1646313988
1 1 5 19,32 4,68 -157,060 1646313988
1 1 5 19,57 4,74 -157,066 1646313988
1 1 5 19,75 4,93 -157,060 1646313988
1 1 6 17,32 10,00 -157,060 1646313989
1 1 6 17,82 10,00 -157,066 1646313990
1 1 6 17,75 10,25 -157,060 1646313990
1 1 6 17,57 10,43 -157,066 1646313990
1 1 6 17,32 10,50 -157,066 1646313990
1 1 6 17,07 10,43 -157,029 1646313991
1 1 6 16,89 10,25 -157,078 1646313992
1 1 6 16,82 10,00 -157,035 1646313992
1 1 6 16,89 9,75 -157,084 1646313993
1 1 6 17,07 9,57 -157,072 1646313993
1 1 6 17,32 9,50 -157,084 1646313994
1 1 6 17,57 9,57 -157,042 1646313994
1 1 6 17,75 9,75 -157,078 1646313995
1 1 7 14,14 14,14 -157,029 1646313996
1 1 7 14,64 14,14 -157,060 1646313996
1 1 7 14,58 14,39 -157,023 1646313997
1 1 7 14,39 14,58 -157,084 1646313997
1 1 7 14,14 14,64 -157,066 1646313998
1 1 7 13,89 14,58 -157,072 1646313998
1 1 7 13,71 14,39 -157,048 1646313998
1 1 7 13,64 14,14 -157,029 1646313999
1 1 7 13,71 13,89 -157,060 1646314000
1 1 7 13,89 13,71 -157,066 1646314000
1 1 7 14,14 13,64 -157,133 1646314001
1 1 7 14,39 13,71 -157,042 1646314001
1 1 7 14,58 13,89 -157,072 1646314001
1 1 8 10,00 17,32 -157,060 1646314002
1 1 8 10,50 17,32 -157,090 1646314003
1 1 8 10,43 17,57 -157,054 1646314004
1 1 8 10,25 17,75 -157,066 1646314004
1 1 8 10,00 17,82 -157,096 1646314004
1 1 8 9,75 17,75 -157,078 1646314005
1 1 8 9,57 17,57 -157,035 1646314005
1 1 8 9,50 17,32 -157,084 1646314006
1 1 8 9,57 17,07 -157,096 1646314006
1 1 8 9,75 16,89 -157,066 1646314007
1 1 8 10,00 16,82 -157,042 1646314007
1 1 8 10,25 16,89 -157,078 1646314008
1 1 8 10,43 17,07 -157,078 1646314008
1 1 9 5,18 19,32 -157,109 1646314009
1 1 9 5,68 19,32 -157,054 1646314010
1 1 9 5,61 19,57 -157,072 1646314010
1 1 9 5,43 19,75 -157,011 1646314010
1 1 9 5,18 19,82 -157,096 1646314011
1 1 9 4,93 19,75 -157,078 1646314012
1 1 9 4,74 19,57 -157,035 1646314012
1 1 9 4,68 19,32 -157,060 1646314013
1 1 9 4,74 19,07 -157,084 1646314013
1 1 9 4,93 18,89 -157,090 1646314013
1 1 9 5,18 18,82 -157,096 1646314014
1 1 9 5,43 18,89 -157,054 1646314015
1 1 9 5,61 19,07 -157,115 1646314015
1 1 10 -5,18 19,32 -157,042 1646314016
1 1 10 -4,68 19,32 -157,042 1646314016
1 1 10 -4,74 19,57 -157,078 1646314017
1 1 10 -4,93 19,75 -157,078 1646314017
1 1 10 -5,18 19,82 -157,072 1646314017
1 1 10 -5,43 19,75 -157,109 1646314018
1 1 10 -5,61 19,57 -157,072 1646314018
1 1 10 -5,68 19,32 -157,035 1646314019
1 1 10 -5,61 19,07 -157,072 1646314020
1 1 10 -5,43 18,89 -157,096 1646314020
1 1 10 -5,18 18,82 -157,096 1646314021
1 1 10 -4,93 18,89 -157,127 1646314021
1 1 10 -4,74 19,07 -157,096 1646314022
1 1 11 -10,00 17,32 -157,096 1646314022
1 1 11 -9,50 17,32 -157,060 1646314023
1 1 11 -9,57 17,57 -157,084 1646314023
1 1 11 -9,75 17,75 -157,072 1646314023
1 1 11 -10,00 17,82 -157,096 1646314024
1 1 11 -10,25 17,75 -157,072 1646314024
1 1 11 -10,43 17,57 -157,060 1646314025
1 1 11 -10,50 17,32 -157,072 1646314025
1 1 11 -10,43 17,07 -157,060 1646314026
1 1 11 -10,25 16,89 -157,109 1646314026
1 1 11 -10,00 16,82 -157,072 1646314027
1 1 11 -9,75 16,89 -157,084 1646314027
1 1 11 -9,57 17,07 -157,096 1646314028
1 1 12 -14,14 14,14 -157,072 1646314028
1 1 12 -13,64 14,14 -157,048 1646314029
1 1 12 -13,71 14,39 -157,078 1646314029
1 1 12 -13,89 14,58 -157,072 1646314029
1 1 12 -14,14 14,64 -157,060 1646314030
1 1 12 -14,39 14,58 -157,078 1646314030
1 1 12 -14,58 14,39 -157,096 1646314031
1 1 12 -14,64 14,14 -157,035 1646314031
1 1 12 -14,58 13,89 -157,072 1646314031
1 1 12 -14,39 13,71 -157,042 1646314032
1 1 12 -14,14 13,64 -157,060 1646314032
1 1 12 -13,89 13,71 -157,072 1646314032
1 1 12 -13,71 13,89 -157,060 1646314033
1 1 13 -17,32 10,00 -157,109 1646314034
1 1 13 -16,82 10,00 -157,054 1646314034
1 1 13 -16,89 10,25 -157,054 1646314035
1 1 13 -17,07 10,43 -157,035 1646314035
1 1 13 -17,32 10,50 -157,042 1646314036
1 1 13 -17,57 10,43 -157,060 1646314036
1 1 13 -17,75 10,25 -157,096 1646314037
1 1 13 -17,82 10,00 -157,096 1646314037
1 1 13 -17,75 9,75 -157,078 1646314038
1 1 13 -17,57 9,57 -157,060 1646314038
1 1 13 -17,32 9,50 -157,096 1646314039
1 1 13 -17,07 9,57 -157,072 1646314040
1 1 13 -16,89 9,75 -157,096 1646314040
1 1 14 -19,32 5,18 -157,084 1646314041
1 1 14 -18,82 5,18 -157,054 1646314041
1 1 14 -18,89 5,43 -157,090 1646314042
1 1 14 -19,07 5,61 -157,072 1646314042
1 1 14 -19,32 5,68 -157,060 1646314042
1 1 14 -19,57 5,61 -157,096 1646314043
1 1 14 -19,75 5,43 -157,029 1646314043
1 1 14 -19,82 5,18 -157,078 1646314043
1 1 14 -19,75 4,93 -157,072 1646314044
1 1 14 -19,57 4,74 -157,072 1646314044
1 1 14 -19,32 4,68 -157,072 1646314044
1 1 14 -19,07 4,74 -157,042 1646314045
1 1 14 -18,89 4,93 -157,048 1646314045
1 1 15 -12,56 3,36 -157,042 1646314046
1 1 15 -12,06 3,36 -157,090 1646314047
1 1 15 -12,12 3,61 -157,035 1646314047
1 1 15 -12,31 3,80 -157,054 1646314048
1 1 15 -12,56 3,86 -157,084 1646314048
1 1 15 -12,81 3,80 -157,078 1646314049
1 1 15 -12,99 3,61 -157,084 1646314049
1 1 15 -13,06 3,36 -157,072 1646314050
1 1 15 -12,99 3,11 -157,066 1646314050
1 1 15 -12,81 2,93 -157,072 1646314051
1 1 15 -12,56 2,86 -157,072 1646314051
1 1 15 -12,31 2,93 -157,066 1646314052
1 1 15 -12,12 3,11 -157,054 1646314052
1 1 16 -9,19 9,19 -157,066 1646314053
1 1 16 -8,69 9,19 -157,029 1646314053
1 1 16 -8,76 9,44 -157,078 1646314053
1 1 16 -8,94 9,63 -157,066 1646314054
1 1 16 -9,19 9,69 -157,060 1646314055
1 1 16 -9,44 9,63 -157,023 1646314055
1 1 16 -9,63 9,44 -157,042 1646314056
1 1 16 -9,69 9,19 -157,011 1646314056
1 1 16 -9,63 8,94 -157,072 1646314057
1 1 16 -9,44 8,76 -157,109 1646314057
1 1 16 -9,19 8,69 -157,035 1646314058
1 1 16 -8,94 8,76 -157,066 1646314058
1 1 16 -8,76 8,94 -157,084 1646314058
1 1 17 -3,36 12,56 -157,011 1646314059
1 1 17 -2,86 12,56 -157,060 1646314060
1 1 17 -2,93 12,81 -157,054 1646314060
1 1 17 -3,11 12,99 -157,072 1646314061
1 1 17 -3,36 13,06 -157,072 1646314061
1 1 17 -3,61 12,99 -157,054 1646314062
1 1 17 -3,80 12,81 -157,072 1646314062
1 1 17 -3,86 12,56 -157,023 1646314063
1 1 17 -3,80 12,31 -157,072 1646314063
1 1 17 -3,61 12,12 -157,023 1646314063
1 1 17 -3,36 12,06 -157,072 1646314064
1 1 17 -3,11 12,12 -157,072 1646314065
1 1 17 -2,93 12,31 -157,042 1646314065
1 1 18 -4,24 4,24 -157,072 1646314066
1 1 18 -3,74 4,24 -157,054 1646314066
1 1 18 -3,81 4,49 -157,072 1646314066
1 1 18 -3,99 4,68 -157,072 1646314067
1 1 18 -4,24 4,74 -157,072 1646314067
1 1 18 -4,49 4,68 -157,060 1646314068
1 1 18 -4,68 4,49 -157,042 1646314068
1 1 18 -4,74 4,24 -157,072 1646314068
1 1 18 -4,68 3,99 -157,090 1646314069
1 1 18 -4,49 3,81 -157,072 1646314069
1 1 18 -4,24 3,74 -157,078 1646314069
1 1 18 -3,99 3,81 -157,139 1646314070
1 1 18 -3,81 3,99 -157,060 1646314070
1 1 19 -4,24 -4,24 -157,115 1646314071
1 1 19 -3,74 -4,24 -157,090 1646314071
1 1 19 -3,81 -3,99 -157,090 1646314072
1 1 19 -3,99 -3,81 -157,011 1646314072
1 1 19 -4,24 -3,74 -157,035 1646314072
1 1 19 -4,49 -3,81 -157,060 1646314073
1 1 19 -4,68 -3,99 -157,035 1646314073
1 1 19 -4,74 -4,24 -157,035 1646314074
1 1 19 -4,68 -4,49 -157,042 1646314074
1 1 19 -4,49 -4,68 -157,115 1646314074
1 1 19 -4,24 -4,74 -157,072 1646314075
1 1 19 -3,99 -4,68 -157,133 1646314075
1 1 19 -3,81 -4,49 -157,023 1646314076
1 1 20 -3,36 -12,56 -157,072 1646314077
1 1 20 -2,86 -12,56 -157,072 1646314077
1 1 20 -2,93 -12,31 -157,042 1646314077
1 1 20 -3,11 -12,12 -157,072 1646314078
1 1 20 -3,36 -12,06 -157,096 1646314078
1 1 20 -3,61 -12,12 -156,999 1646314078
1 1 20 -3,80 -12,31 -157,017 1646314079
1 1 20 -3,86 -12,56 -157,060 1646314080
1 1 20 -3,80 -12,81 -157,011 1646314080
1 1 20 -3,61 -12,99 -157,066 1646314081
1 1 20 -3,36 -13,06 -157,084 1646314082
1 1 20 -3,11 -12,99 -157,042 1646314082
1 1 20 -2,93 -12,81 -157,042 1646314082
1 1 21 -9,19 -9,19 -157,115 1646314083
1 1 21 -8,69 -9,19 -157,042 1646314084
1 1 21 -8,76 -8,94 -157,072 1646314084
1 1 21 -8,94 -8,76 -157,005 1646314085
1 1 21 -9,19 -8,69 -157,042 1646314085
1 1 21 -9,44 -8,76 -157,072 1646314086
1 1 21 -9,63 -8,94 -157,066 1646314086
1 1 21 -9,69 -9,19 -157,048 1646314087
1 1 21 -9,63 -9,44 -157,060 1646314087
1 1 21 -9,44 -9,63 -157,096 1646314087
1 1 21 -9,19 -9,69 -157,084 1646314088
1 1 21 -8,94 -9,63 -157,029 1646314089
1 1 21 -8,76 -9,44 -157,054 1646314089
1 1 22 -12,56 -3,36 -157,115 1646314090
1 1 22 -12,06 -3,36 -157,035 1646314090
1 1 22 -12,12 -3,11 -157,060 1646314091
1 1 22 -12,31 -2,93 -157,090 1646314091
1 1 22 -12,56 -2,86 -157,005 1646314092
1 1 22 -12,81 -2,93 -157,054 1646314092
1 1 22 -12,99 -3,11 -157,048 1646314093
1 1 22 -13,06 -3,36 -157,090 1646314093
1 1 22 -12,99 -3,61 -157,066 1646314094
1 1 22 -12,81 -3,80 -157,035 1646314094
1 1 22 -12,56 -3,86 -157,066 1646314095
1 1 22 -12,31 -3,80 -157,066 1646314095
1 1 22 -12,12 -3,61 -156,993 1646314095
1 1 23 -19,32 -5,18 -157,072 1646314096
1 1 23 -18,82 -5,18 -157,060 1646314097
1 1 23 -18,89 -4,93 -157,054 1646314097
1 1 23 -19,07 -4,74 -157,042 1646314097
1 1 23 -19,32 -4,68 -157,096 1646314098
1 1 23 -19,57 -4,74 -157,072 1646314098
1 1 23 -19,75 -4,93 -157,035 1646314099
1 1 23 -19,82 -5,18 -157,035 1646314099
1 1 23 -19,75 -5,43 -157,090 1646314099
1 1 23 -19,57 -5,61 -157,072 1646314100
1 1 23 -19,32 -5,68 -157,072 1646314100
1 1 23 -19,07 -5,61 -157,096 1646314101
1 1 23 -18,89 -5,43 -157,042 1646314101
1 1 24 -17,32 -10,00 -157,035 1646314102
1 1 24 -16,82 -10,00 -157,072 1646314102
1 1 24 -16,89 -9,75 -157,066 1646314103
1 1 24 -17,07 -9,57 -157,072 1646314103
1 1 24 -17,32 -9,50 -157,042 1646314103
1 1 24 -17,57 -9,57 -157,078 1646314104
1 1 24 -17,75 -9,75 -157,103 1646314104
1 1 24 -17,82 -10,00 -157,072 1646314105
1 1 24 -17,75 -10,25 -157,042 1646314105
1 1 24 -17,57 -10,43 -157,005 1646314105
1 1 24 -17,32 -10,50 -157,096 1646314106
1 1 24 -17,07 -10,43 -157,084 1646314106
1 1 24 -16,89 -10,25 -157,103 1646314106
1 1 25 -14,14 -14,14 -157,066 1646314107
1 1 25 -13,64 -14,14 -157,078 1646314108
1 1 25 -13,71 -13,89 -156,742 1646314108
1 1 25 -13,89 -13,71 -157,060 1646314109
1 1 25 -14,14 -13,64 -157,072 1646314109
1 1 25 -14,39 -13,71 -157,035 1646314110
1 1 25 -14,58 -13,89 -157,042 1646314110
1 1 25 -14,64 -14,14 -157,072 1646314111
1 1 25 -14,58 -14,39 -157,060 1646314112
1 1 25 -14,39 -14,58 -157,048 1646314112
1 1 25 -14,14 -14,64 -157,096 1646314112
1 1 25 -13,89 -14,58 -157,103 1646314113
1 1 25 -13,71 -14,39 -157,035 1646314113
1 1 26 -10,00 -17,32 -157,042 1646314114
1 1 26 -9,50 -17,32 -157,121 1646314114
1 1 26 -9,57 -17,07 -157,060 1646314115
1 1 26 -9,75 -16,89 -157,084 1646314115
1 1 26 -10,00 -16,82 -157,103 1646314115
1 1 26 -10,25 -16,89 -157,029 1646314116
1 1 26 -10,43 -17,07 -157,054 1646314116
1 1 26 -10,50 -17,32 -157,035 1646314116
1 1 26 -10,43 -17,57 -156,999 1646314117
1 1 26 -10,25 -17,75 -157,042 1646314117
1 1 26 -10,00 -17,82 -157,090 1646314117
1 1 26 -9,75 -17,75 -157,042 1646314118
1 1 26 -9,57 -17,57 -157,096 1646314118
1 1 27 -5,18 -19,32 -157,158 1646314119
1 1 27 -4,68 -19,32 -157,072 1646314120
1 1 27 -4,74 -19,07 -157,090 1646314120
1 1 27 -4,93 -18,89 -157,029 1646314121
1 1 27 -5,18 -18,82 -157,054 1646314121
1 1 27 -5,43 -18,89 -157,090 1646314122
1 1 27 -5,61 -19,07 -157,054 1646314122
1 1 27 -5,68 -19,32 -157,060 1646314123
1 1 27 -5,61 -19,57 -157,072 1646314123
1 1 27 -5,43 -19,75 -157,023 1646314123
1 1 27 -5,18 -19,82 -157,096 1646314124
1 1 27 -4,93 -19,75 -157,109 1646314125
1 1 27 -4,74 -19,57 -157,060 1646314125
1 1 28 5,18 -19,32 -157,048 1646314126
1 1 28 5,68 -19,32 -157,060 1646314127
1 1 28 5,61 -19,07 -157,054 1646314127
1 1 28 5,43 -18,89 -157,078 1646314127
1 1 28 5,18 -18,82 -157,096 1646314128
1 1 28 4,93 -18,89 -157,042 1646314129
1 1 28 4,74 -19,07 -157,096 1646314129
1 1 28 4,68 -19,32 -157,066 1646314129
1 1 28 4,74 -19,57 -157,054 1646314130
1 1 28 4,93 -19,75 -157,072 1646314130
1 1 28 5,18 -19,82 -157,115 1646314131
1 1 28 5,43 -19,75 -157,072 1646314131
1 1 28 5,61 -19,57 -157,042 1646314132
1 1 29 10,00 -17,32 -157,084 1646314132
1 1 29 10,50 -17,32 -156,645 1646314133
1 1 29 10,43 -17,07 -157,084 1646314133
1 1 29 10,25 -16,89 -157,103 1646314133
1 1 29 10,00 -16,82 -157,054 1646314134
1 1 29 9,75 -16,89 -157,042 1646314134
1 1 29 9,57 -17,07 -157,042 1646314135
1 1 29 9,50 -17,32 -157,011 1646314135
1 1 29 9,57 -17,57 -157,048 1646314136
1 1 29 9,75 -17,75 -157,054 1646314136
1 1 29 10,00 -17,82 -156,987 1646314137
1 1 29 10,25 -17,75 -157,054 1646314138
1 1 29 10,43 -17,57 -157,078 1646314138
1 1 30 14,14 -14,14 -157,035 1646314139
1 1 30 14,64 -14,14 -157,084 1646314139
1 1 30 14,58 -13,89 -157,060 1646314140
1 1 30 14,39 -13,71 -157,072 1646314140
1 1 30 14,14 -13,64 -156,712 1646314141
1 1 30 13,89 -13,71 -157,060 1646314141
1 1 30 13,71 -13,89 -157,078 1646314141
1 1 30 13,64 -14,14 -157,035 1646314142
1 1 30 13,71 -14,39 -157,060 1646314143
1 1 30 13,89 -14,58 -157,017 1646314143
1 1 30 14,14 -14,64 -157,115 1646314144
1 1 30 14,39 -14,58 -157,084 1646314144
1 1 30 14,58 -14,39 -157,084 1646314144
1 1 31 17,32 -10,00 -157,072 1646314145
1 1 31 17,82 -10,00 -157,121 1646314146
1 1 31 17,75 -9,75 -157,103 1646314146
1 1 31 17,57 -9,57 -157,072 1646314146
1 1 31 17,32 -9,50 -157,096 1646314146
1 1 31 17,07 -9,57 -157,011 1646314147
1 1 31 16,89 -9,75 -157,084 1646314147
1 1 31 16,82 -10,00 -157,060 1646314147
1 1 31 16,89 -10,25 -157,042 1646314147
1 1 31 17,07 -10,43 -157,066 1646314148
1 1 31 17,32 -10,50 -157,115 1646314148
1 1 31 17,57 -10,43 -157,084 1646314148
1 1 31 17,75 -10,25 -157,042 1646314148
1 1 32 19,32 -5,18 -157,078 1646314149
1 1 32 19,82 -5,18 -157,048 1646314150
1 1 32 19,75 -4,93 -157,066 1646314150
1 1 32 19,57 -4,74 -157,060 1646314150
1 1 32 19,32 -4,68 -157,035 1646314150
1 1 32 19,07 -4,74 -156,993 1646314150
1 1 32 18,89 -4,93 -157,011 1646314151
1 1 32 18,82 -5,18 -157,072 1646314151
1 1 32 18,89 -5,43 -157,084 1646314151
1 1 32 19,07 -5,61 -157,005 1646314151
1 1 32 19,32 -5,68 -157,096 1646314152
1 1 32 19,57 -5,61 -157,066 1646314152
1 1 32 19,75 -5,43 -157,066 1646314152
1 1 33 12,56 -3,36 -157,017 1646314153
1 1 33 13,06 -3,36 -157,023 1646314153
1 1 33 12,99 -3,11 -157,029 1646314154
1 1 33 12,81 -2,93 -157,060 1646314154
1 1 33 12,56 -2,86 -157,023 1646314154
1 1 33 12,31 -2,93 -157,121 1646314154
1 1 33 12,12 -3,11 -157,042 1646314155
1 1 33 12,06 -3,36 -157,029 1646314155
1 1 33 12,12 -3,61 -157,005 1646314155
1 1 33 12,31 -3,80 -157,023 1646314155
1 1 33 12,56 -3,86 -156,993 1646314156
1 1 33 12,81 -3,80 -157,060 1646314156
1 1 33 12,99 -3,61 -157,127 1646314156
1 1 34 9,19 -9,19 -157,023 1646314157
1 1 34 9,69 -9,19 -157,054 1646314157
1 1 34 9,63 -8,94 -157,066 1646314158
1 1 34 9,44 -8,76 -157,035 1646314158
1 1 34 9,19 -8,69 -157,078 1646314158
1 1 34 8,94 -8,76 -157,072 1646314158
1 1 34 8,76 -8,94 -156,999 1646314158
1 1 34 8,69 -9,19 -156,730 1646314159
1 1 34 8,76 -9,44 -157,011 1646314159
1 1 34 8,94 -9,63 -157,072 1646314159
1 1 34 9,19 -9,69 -157,054 1646314160
1 1 34 9,44 -9,63 -157,072 1646314160
1 1 34 9,63 -9,44 -157,072 1646314160
1 1 35 3,36 -12,56 -157,072 1646314161
1 1 35 3,86 -12,56 -156,993 1646314161
1 1 35 3,80 -12,31 -157,109 1646314162
1 1 35 3,61 -12,12 -157,011 1646314162
1 1 35 3,36 -12,06 -157,096 1646314162
1 1 35 3,11 -12,12 -157,066 1646314162
1 1 35 2,93 -12,31 -157,066 1646314163
1 1 35 2,86 -12,56 -157,023 1646314163
1 1 35 2,93 -12,81 -157,060 1646314163
1 1 35 3,11 -12,99 -157,017 1646314163
1 1 35 3,36 -13,06 -157,023 1646314163
1 1 35 3,61 -12,99 -157,084 1646314164
1 1 35 3,80 -12,81 -157,048 1646314164
1 1 36 4,24 -4,24 -157,090 1646314165
1 1 36 4,74 -4,24 -157,060 1646314165
1 1 36 4,68 -3,99 -157,035 1646314166
1 1 36 4,49 -3,81 -157,011 1646314166
1 1 36 4,24 -3,74 -157,072 1646314166
1 1 36 3,99 -3,81 -157,060 1646314166
1 1 36 3,81 -3,99 -157,035 1646314166
1 1 36 3,74 -4,24 -157,035 1646314167
1 1 36 3,81 -4,49 -157,084 1646314167
1 1 36 3,99 -4,68 -157,060 1646314167
1 1 36 4,24 -4,74 -157,096 1646314167
1 1 36 4,49 -4,68 -157,103 1646314168
1 1 36 4,68 -4,49 -157,029 1646314168
1 1 37 27,00 0,00 -157,127 1646314169
1 1 37 27,50 0,00 -156,999 1646314170
1 1 37 27,43 0,25 -157,072 1646314170
1 1 37 27,25 0,43 -157,054 1646314170
1 1 37 27,00 0,50 -157,048 1646314171
1 1 37 26,75 0,43 -157,060 1646314171
1 1 37 26,57 0,25 -157,096 1646314171
1 1 37 26,50 0,00 -157,060 1646314171
1 1 37 26,57 -0,25 -157,084 1646314172
1 1 37 26,75 -0,43 -157,042 1646314172
1 1 37 27,00 -0,50 -157,072 1646314172
1 1 37 27,25 -0,43 -157,084 1646314172
1 1 37 27,43 -0,25 -157,078 1646314173
1 1 38 26,08 6,99 -157,090 1646314173
1 1 38 26,58 6,99 -157,035 1646314174
1 1 38 26,51 7,24 -157,042 1646314174
1 1 38 26,33 7,42 -157,066 1646314174
1 1 38 26,08 7,49 -157,054 1646314175
1 1 38 25,83 7,42 -157,066 1646314175
1 1 38 25,65 7,24 -157,042 1646314175
1 1 38 25,58 6,99 -156,987 1646314175
1 1 38 25,65 6,74 -157,042 1646314176
1 1 38 25,83 6,56 -157,042 1646314176
1 1 38 26,08 6,49 -157,048 1646314176
1 1 38 26,33 6,56 -157,090 1646314176
1 1 38 26,51 6,74 -157,078 1646314176
1 1 39 23,38 13,50 -157,054 1646314177
1 1 39 23,88 13,50 -157,072 1646314178
1 1 39 23,82 13,75 -157,084 1646314178
1 1 39 23,63 13,93 -157,078 1646314178
1 1 39 23,38 14,00 -157,109 1646314178
1 1 39 23,13 13,93 -157,048 1646314179
1 1 39 22,95 13,75 -157,096 1646314179
1 1 39 22,88 13,50 -157,109 1646314179
1 1 39 22,95 13,25 -157,066 1646314179
1 1 39 23,13 13,07 -157,042 1646314180
1 1 39 23,38 13,00 -157,035 1646314180
1 1 39 23,63 13,07 -157,127 1646314180
1 1 39 23,82 13,25 -157,096 1646314180
1 1 40 19,09 19,09 -157,096 1646314181
1 1 40 19,59 19,09 -157,023 1646314182
1 1 40 19,52 19,34 -157,109 1646314182
1 1 40 19,34 19,52 -157,060 1646314182
1 1 40 19,09 19,59 -157,060 1646314182
1 1 40 18,84 19,52 -157,048 1646314182
1 1 40 18,66 19,34 -157,060 1646314183
1 1 40 18,59 19,09 -157,005 1646314183
1 1 40 18,66 18,84 -157,035 1646314183
1 1 40 18,84 18,66 -157,035 1646314183
1 1 40 19,09 18,59 -157,035 1646314184
1 1 40 19,34 18,66 -157,096 1646314184
1 1 40 19,52 18,84 -157,084 1646314184
1 1 41 13,50 23,38 -157,078 1646314185
1 1 41 14,00 23,38 -157,066 1646314185
1 1 41 13,93 23,63 -157,084 1646314186
1 1 41 13,75 23,82 -157,078 1646314186
1 1 41 13,50 23,88 -157,054 1646314186
1 1 41 13,25 23,82 -157,054 1646314186
1 1 41 13,07 23,63 -157,060 1646314187
1 1 41 13,00 23,38 -157,060 1646314187
1 1 41 13,07 23,13 -157,042 1646314187
1 1 41 13,25 22,95 -157,096 1646314187
1 1 41 13,50 22,88 -156,999 1646314187
1 1 41 13,75 22,95 -157,109 1646314188
1 1 41 13,93 23,13 -157,048 1646314188
1 1 42 6,99 26,08 -157,115 1646314189
1 1 42 7,49 26,08 -157,042 1646314189
1 1 42 7,42 26,33 -157,078 1646314190
1 1 42 7,24 26,51 -157,054 1646314190
1 1 42 6,99 26,58 -157,090 1646314190
1 1 42 6,74 26,51 -157,096 1646314190
1 1 42 6,56 26,33 -157,023 1646314190
1 1 42 6,49 26,08 -157,035 1646314191
1 1 42 6,56 25,83 -157,060 1646314191
1 1 42 6,74 25,65 -157,103 1646314191
1 1 42 6,99 25,58 -157,054 1646314191
1 1 42 7,24 25,65 -157,054 1646314192
1 1 42 7,42 25,83 -157,060 1646314192
1 1 43 0,00 27,00 -157,042 1646314193
1 1 43 0,50 27,00 -157,072 1646314193
1 1 43 0,43 27,25 -157,035 1646314194
1 1 43 0,25 27,43 -157,072 1646314194
1 1 43 0,00 27,50 -156,987 1646314194
1 1 43 -0,25 27,43 -157,023 1646314194
1 1 43 -0,43 27,25 -157,054 1646314194
1 1 43 -0,50 27,00 -157,072 1646314195
1 1 43 -0,43 26,75 -157,103 1646314195
1 1 43 -0,25 26,57 -157,060 1646314195
1 1 43 0,00 26,50 -157,035 1646314195
1 1 43 0,25 26,57 -157,060 1646314196
1 1 43 0,43 26,75 -157,121 1646314196
1 1 44 -6,99 26,08 -157,054 1646314197
1 1 44 -6,49 26,08 -157,042 1646314197
1 1 44 -6,56 26,33 -157,121 1646314198
1 1 44 -6,74 26,51 -157,090 1646314198
1 1 44 -6,99 26,58 -157,084 1646314198
1 1 44 -7,24 26,51 -157,078 1646314199
1 1 44 -7,42 26,33 -157,158 1646314199
1 1 44 -7,49 26,08 -157,078 1646314200
1 1 44 -7,42 25,83 -157,078 1646314201
1 1 44 -7,24 25,65 -157,042 1646314201
1 1 44 -6,99 25,58 -157,054 1646314202
1 1 44 -6,74 25,65 -157,115 1646314202
1 1 44 -6,56 25,83 -157,054 1646314202
1 1 45 -13,50 23,38 -157,048 1646314203
1 1 45 -13,00 23,38 -157,078 1646314204
1 1 45 -13,07 23,63 -157,084 1646314204
1 1 45 -13,25 23,82 -157,078 1646314205
1 1 45 -13,50 23,88 -157,054 1646314205
1 1 45 -13,75 23,82 -157,133 1646314206
1 1 45 -13,93 23,63 -157,017 1646314206
1 1 45 -14,00 23,38 -157,145 1646314207
1 1 45 -13,93 23,13 -157,048 1646314207
1 1 45 -13,75 22,95 -157,060 1646314207
1 1 45 -13,50 22,88 -157,078 1646314208
1 1 45 -13,25 22,95 -157,054 1646314209
1 1 45 -13,07 23,13 -157,078 1646314209
1 1 46 -19,09 19,09 -157,066 1646314210
1 1 46 -18,59 19,09 -157,096 1646314210
1 1 46 -18,66 19,34 -157,109 1646314210
1 1 46 -18,84 19,52 -157,090 1646314211
1 1 46 -19,09 19,59 -157,084 1646314211
1 1 46 -19,34 19,52 -157,096 1646314211
1 1 46 -19,52 19,34 -157,054 1646314211
1 1 46 -19,59 19,09 -157,078 1646314212
1 1 46 -19,52 18,84 -157,072 1646314212
1 1 46 -19,34 18,66 -157,096 1646314212
1 1 46 -19,09 18,59 -157,035 1646314212
1 1 46 -18,84 18,66 -157,133 1646314212
1 1 46 -18,66 18,84 -157,048 1646314213
1 1 47 -23,38 13,50 -157,048 1646314214
1 1 47 -22,88 13,50 -157,072 1646314214
1 1 47 -22,95 13,75 -157,072 1646314214
1 1 47 -23,13 13,93 -157,084 1646314215
1 1 47 -23,38 14,00 -157,042 1646314215
1 1 47 -23,63 13,93 -157,078 1646314215
1 1 47 -23,82 13,75 -157,078 1646314215
1 1 47 -23,88 13,50 -157,096 1646314216
1 1 47 -23,82 13,25 -157,048 1646314216
1 1 47 -23,63 13,07 -157,084 1646314216
1 1 47 -23,38 13,00 -157,109 1646314216
1 1 47 -23,13 13,07 -157,096 1646314216
1 1 47 -22,95 13,25 -157,084 1646314217
1 1 48 -26,08 6,99 -157,078 1646314218
1 1 48 -25,58 6,99 -157,158 1646314218
1 1 48 -25,65 7,24 -157,060 1646314218
1 1 48 -25,83 7,42 -157,096 1646314218
1 1 48 -26,08 7,49 -157,096 1646314219
1 1 48 -26,33 7,42 -157,017 1646314219
1 1 48 -26,51 7,24 -157,060 1646314219
1 1 48 -26,58 6,99 -157,078 1646314219
1 1 48 -26,51 6,74 -157,072 1646314220
1 1 48 -26,33 6,56 -157,005 1646314220
1 1 48 -26,08 6,49 -157,035 1646314220
1 1 48 -25,83 6,56 -157,011 1646314220
1 1 48 -25,65 6,74 -157,103 1646314221
1 1 49 -27,00 0,00 -157,054 1646314222
1 1 49 -26,50 0,00 -157,078 1646314222
1 1 49 -26,57 0,25 -157,072 1646314222
1 1 49 -26,75 0,43 -157,048 1646314223
1 1 49 -27,00 0,50 -157,048 1646314223
1 1 49 -27,25 0,43 -157,060 1646314223
1 1 49 -27,43 0,25 -156,987 1646314223
1 1 49 -27,50 0,00 -157,072 1646314224
1 1 49 -27,43 -0,25 -157,072 1646314224
1 1 49 -27,25 -0,43 -157,060 1646314224
1 1 49 -27,00 -0,50 -157,060 1646314224
1 1 49 -26,75 -0,43 -157,096 1646314225
1 1 49 -26,57 -0,25 -157,005 1646314225
1 1 50 -26,08 -6,99 -157,078 1646314226
1 1 50 -25,58 -6,99 -157,060 1646314226
1 1 50 -25,65 -6,74 -157,060 1646314227
1 1 50 -25,83 -6,56 -157,090 1646314227
1 1 50 -26,08 -6,49 -157,048 1646314227
1 1 50 -26,33 -6,56 -157,127 1646314227
1 1 50 -26,51 -6,74 -157,011 1646314228
1 1 50 -26,58 -6,99 -157,072 1646314228
1 1 50 -26,51 -7,24 -157,127 1646314228
1 1 50 -26,33 -7,42 -157,078 1646314228
1 1 50 -26,08 -7,49 -157,084 1646314228
1 1 50 -25,83 -7,42 -157,115 1646314229
1 1 50 -25,65 -7,24 -157,090 1646314229
1 1 51 -23,38 -13,50 -157,060 1646314230
1 1 51 -22,88 -13,50 -157,096 1646314230
1 1 51 -22,95 -13,25 -157,072 1646314230
1 1 51 -23,13 -13,07 -157,090 1646314231
1 1 51 -23,38 -13,00 -157,054 1646314231
1 1 51 -23,63 -13,07 -157,035 1646314231
1 1 51 -23,82 -13,25 -157,084 1646314231
1 1 51 -23,88 -13,50 -157,145 1646314232
1 1 51 -23,82 -13,75 -157,066 1646314232
1 1 51 -23,63 -13,93 -157,072 1646314232
1 1 51 -23,38 -14,00 -157,060 1646314233
1 1 51 -23,13 -13,93 -157,035 1646314233
1 1 51 -22,95 -13,75 -157,096 1646314233
1 1 52 -19,09 -19,09 -157,005 1646314234
1 1 52 -18,59 -19,09 -157,072 1646314234
1 1 52 -18,66 -18,84 -157,121 1646314235
1 1 52 -18,84 -18,66 -156,999 1646314235
1 1 52 -19,09 -18,59 -157,042 1646314235
1 1 52 -19,34 -18,66 -157,035 1646314235
1 1 52 -19,52 -18,84 -157,060 1646314236
1 1 52 -19,59 -19,09 -157,048 1646314236
1 1 52 -19,52 -19,34 -157,054 1646314236
1 1 52 -19,34 -19,52 -157,048 1646314236
1 1 52 -19,09 -19,59 -157,042 1646314236
1 1 52 -18,84 -19,52 -157,048 1646314237
1 1 52 -18,66 -19,34 -157,084 1646314237
1 1 53 -13,50 -23,38 -157,072 1646314238
1 1 53 -13,00 -23,38 -157,072 1646314238
1 1 53 -13,07 -23,13 -157,115 1646314238
1 1 53 -13,25 -22,95 -157,054 1646314239
1 1 53 -13,50 -22,88 -157,017 1646314239
1 1 53 -13,75 -22,95 -157,048 1646314239
1 1 53 -13,93 -23,13 -157,042 1646314239
1 1 53 -14,00 -23,38 -156,993 1646314240
1 1 53 -13,93 -23,63 -157,072 1646314240
1 1 53 -13,75 -23,82 -156,987 1646314240
1 1 53 -13,50 -23,88 -157,029 1646314240
1 1 53 -13,25 -23,82 -157,042 1646314241
1 1 53 -13,07 -23,63 -157,115 1646314241
1 1 54 -6,99 -26,08 -157,017 1646314242
1 1 54 -6,49 -26,08 -157,121 1646314242
1 1 54 -6,56 -25,83 -157,078 1646314242
1 1 54 -6,74 -25,65 -157,029 1646314242
1 1 54 -6,99 -25,58 -157,054 1646314243
1 1 54 -7,24 -25,65 -157,066 1646314243
1 1 54 -7,42 -25,83 -157,084 1646314243
1 1 54 -7,49 -26,08 -157,060 1646314244
1 1 54 -7,42 -26,33 -156,987 1646314244
1 1 54 -7,24 -26,51 -157,078 1646314244
1 1 54 -6,99 -26,58 -157,023 1646314244
1 1 54 -6,74 -26,51 -157,035 1646314245
1 1 54 -6,56 -26,33 -157,090 1646314245
1 1 55 -0,00 -27,00 -157,084 1646314246
1 1 55 0,50 -27,00 -157,005 1646314246
1 1 55 0,43 -26,75 -157,054 1646314246
1 1 55 0,25 -26,57 -157,096 1646314247
1 1 55 -0,00 -26,50 -157,017 1646314247
1 1 55 -0,25 -26,57 -157,035 1646314247
1 1 55 -0,43 -26,75 -157,066 1646314247
1 1 55 -0,50 -27,00 -157,023 1646314248
1 1 55 -0,43 -27,25 -157,029 1646314248
1 1 55 -0,25 -27,43 -156,968 1646314248
1 1 55 -0,00 -27,50 -157,011 1646314248
1 1 55 0,25 -27,43 -157,011 1646314249
1 1 55 0,43 -27,25 -156,999 1646314249
1 1 56 6,99 -26,08 -157,035 1646314250
1 1 56 7,49 -26,08 -157,029 1646314250
1 1 56 7,42 -25,83 -157,011 1646314250
1 1 56 7,24 -25,65 -157,035 1646314251
1 1 56 6,99 -25,58 -157,035 1646314251
1 1 56 6,74 -25,65 -157,048 1646314251
1 1 56 6,56 -25,83 -157,042 1646314251
1 1 56 6,49 -26,08 -157,035 1646314252
1 1 56 6,56 -26,33 -157,042 1646314252
1 1 56 6,74 -26,51 -157,035 1646314252
1 1 56 6,99 -26,58 -157,078 1646314252
1 1 56 7,24 -26,51 -157,072 1646314252
1 1 56 7,42 -26,33 -157,011 1646314253
1 1 57 13,50 -23,38 -157,084 1646314254
1 1 57 14,00 -23,38 -157,042 1646314254
1 1 57 13,93 -23,13 -157,072 1646314254
1 1 57 13,75 -22,95 -157,005 1646314254
1 1 57 13,50 -22,88 -157,042 1646314255
1 1 57 13,25 -22,95 -157,054 1646314255
1 1 57 13,07 -23,13 -157,023 1646314255
1 1 57 13,00 -23,38 -157,042 1646314255
1 1 57 13,07 -23,63 -157,054 1646314256
1 1 57 13,25 -23,82 -157,090 1646314256
1 1 57 13,50 -23,88 -157,090 1646314256
1 1 57 13,75 -23,82 -157,066 1646314256
1 1 57 13,93 -23,63 -157,035 1646314257
1 1 58 19,09 -19,09 -157,066 1646314257
1 1 58 19,59 -19,09 -157,054 1646314258
1 1 58 19,52 -18,84 -157,054 1646314258
1 1 58 19,34 -18,66 -157,048 1646314258
1 1 58 19,09 -18,59 -157,054 1646314259
1 1 58 18,84 -18,66 -157,005 1646314259
1 1 58 18,66 -18,84 -157,072 1646314259
1 1 58 18,59 -19,09 -157,096 1646314259
1 1 58 18,66 -19,34 -157,066 1646314260
1 1 58 18,84 -19,52 -157,011 1646314260
1 1 58 19,09 -19,59 -157,048 1646314260
1 1 58 19,34 -19,52 -157,078 1646314260
1 1 58 19,52 -19,34 -157,084 1646314261
1 1 59 23,38 -13,50 -157,035 1646314261
1 1 59 23,88 -13,50 -157,084 1646314262
1 1 59 23,82 -13,25 -157,078 1646314262
1 1 59 23,63 -13,07 -157,035 1646314262
1 1 59 23,38 -13,00 -157,011 1646314263
1 1 59 23,13 -13,07 -157,011 1646314263
1 1 59 22,95 -13,25 -157,029 1646314263
1 1 59 22,88 -13,50 -157,048 1646314263
1 1 59 22,95 -13,75 -157,042 1646314264
1 1 59 23,13 -13,93 -157,072 1646314264
1 1 59 23,38 -14,00 -157,029 1646314264
1 1 59 23,63 -13,93 -157,048 1646314264
1 1 59 23,82 -13,75 -157,072 1646314265
1 1 60 26,08 -6,99 -157,054 1646314265
1 1 60 26,58 -6,99 -157,121 1646314266
1 1 60 26,51 -6,74 -157,066 1646314266
1 1 60 26,33 -6,56 -157,017 1646314266
1 1 60 26,08 -6,49 -157,023 1646314267
1 1 60 25,83 -6,56 -157,090 1646314267
1 1 60 25,65 -6,74 -157,072 1646314267
1 1 60 25,58 -6,99 -157,035 1646314267
1 1 60 25,65 -7,24 -157,048 1646314268
1 1 60 25,83 -7,42 -157,029 1646314268
1 1 60 26,08 -7,49 -157,042 1646314268
1 1 60 26,33 -7,42 -157,017 1646314268
1 1 60 26,51 -7,24 -157,035 1646314269
