1 1 1 4,24 4,24 -157,072 1646316976
1 1 1 4,74 4,24 -157,060 1646316976
1 1 1 4,68 4,49 -157,054 1646316977
1 1 1 4,49 4,68 -157,066 1646316977
1 1 1 4,24 4,74 -157,060 1646316977
1 1 1 3,99 4,68 -157,066 1646316977
1 1 1 3,81 4,49 -157,035 1646316978
1 1 1 3,74 4,24 -157,035 1646316978
1 1 1 3,81 3,99 -157,054 1646316978
1 1 1 3,99 3,81 -157,072 1646316978
1 1 1 4,24 3,74 -157,072 1646316979
1 1 1 4,49 3,81 -157,023 1646316979
1 1 1 4,68 3,99 -157,042 1646316979
1 1 2 3,36 12,56 -157,072 1646316980
1 1 2 3,86 12,56 -157,090 1646316980
1 1 2 3,80 12,81 -157,096 1646316981
1 1 2 3,61 12,99 -157,035 1646316981
1 1 2 3,36 13,06 -157,084 1646316981
1 1 2 3,11 12,99 -157,096 1646316981
1 1 2 2,93 12,81 -157,035 1646316982
1 1 2 2,86 12,56 -157,090 1646316982
1 1 2 2,93 12,31 -157,005 1646316982
1 1 2 3,11 12,12 -157,072 1646316982
1 1 2 3,36 12,06 -157,054 1646316982
1 1 2 3,61 12,12 -157,054 1646316983
1 1 2 3,80 12,31 -157,090 1646316983
1 1 3 9,19 9,19 -157,023 1646316984
1 1 3 9,69 9,19 -157,035 1646316984
1 1 3 9,63 9,44 -157,078 1646316984
1 1 3 9,44 9,63 -157,048 1646316985
1 1 3 9,19 9,69 -157,078 1646316985
1 1 3 8,94 9,63 -157,017 1646316985
1 1 3 8,76 9,44 -157,054 1646316985
1 1 3 8,69 9,19 -157,090 1646316986
1 1 3 8,76 8,94 -157,017 1646316986
1 1 3 8,94 8,76 -157,060 1646316986
1 1 3 9,19 8,69 -157,072 1646316986
1 1 3 9,44 8,76 -157,042 1646316987
1 1 3 9,63 8,94 -157,084 1646316987
1 1 4 12,56 3,36 -157,090 1646316988
1 1 4 13,06 3,36 -157,060 1646316988
1 1 4 12,99 3,61 -157,060 1646316988
1 1 4 12,81 3,80 -157,048 1646316989
1 1 4 12,56 3,86 -157,042 1646316989
1 1 4 12,31 3,80 -157,029 1646316989
1 1 4 12,12 3,61 -157,048 1646316989
1 1 4 12,06 3,36 -157,066 1646316989
1 1 4 12,12 3,11 -157,072 1646316990
1 1 4 12,31 2,93 -157,078 1646316990
1 1 4 12,56 2,86 -157,115 1646316990
1 1 4 12,81 2,93 -157,042 1646316990
1 1 4 12,99 3,11 -157,035 1646316991
1 1 5 19,32 5,18 -157,048 1646316991
1 1 5 19,82 5,18 -157,084 1646316992
1 1 5 19,75 5,43 -157,103 1646316992
1 1 5 19,57 5,61 -157,035 1646316992
1 1 5 19,32 5,68 -157,066 1646316993
1 1 5 19,07 5,61 -157,090 1646316993
1 1 5 18,89 5,43 -157,072 1646316993
1 1 5 18,82 5,18 -157,035 1646316993
1 1 5 18,89 4,93 -157,048 1646316993
1 1 5 19,07 4,74 -157,017 1646316994
1 1 5 19,32 4,68 -157,054 1646316994
1 1 5 19,57 4,74 -157,078 1646316994
1 1 5 19,75 4,93 -157,066 1646316994
1 1 6 17,32 10,00 -157,035 1646316995
1 1 6 17,82 10,00 -157,121 1646316996
1 1 6 17,75 10,25 -157,054 1646316996
1 1 6 17,57 10,43 -157,048 1646316996
1 1 6 17,32 10,50 -157,042 1646316996
1 1 6 17,07 10,43 -157,035 1646316997
1 1 6 16,89 10,25 -157,042 1646316997
1 1 6 16,82 10,00 -157,029 1646316997
1 1 6 16,89 9,75 -157,066 1646316997
1 1 6 17,07 9,57 -157,084 1646316998
1 1 6 17,32 9,50 -157,072 1646316998
1 1 6 17,57 9,57 -157,023 1646316998
1 1 6 17,75 9,75 -157,090 1646316998
1 1 7 14,14 14,14 -157,042 1646316999
1 1 7 14,64 14,14 -157,060 1646317000
1 1 7 14,58 14,39 -157,023 1646317000
1 1 7 14,39 14,58 -157,084 1646317000
1 1 7 14,14 14,64 -157,145 1646317000
1 1 7 13,89 14,58 -157,060 1646317000
1 1 7 13,71 14,39 -157,072 1646317001
1 1 7 13,64 14,14 -157,035 1646317001
1 1 7 13,71 13,89 -157,060 1646317001
1 1 7 13,89 13,71 -156,993 1646317001
1 1 7 14,14 13,64 -157,139 1646317002
1 1 7 14,39 13,71 -157,042 1646317002
1 1 7 14,58 13,89 -157,054 1646317002
1 1 8 10,00 17,32 -157,096 1646317003
1 1 8 10,50 17,32 -157,066 1646317004
1 1 8 10,43 17,57 -157,042 1646317004
1 1 8 10,25 17,75 -157,042 1646317004
1 1 8 10,00 17,82 -157,084 1646317004
1 1 8 9,75 17,75 -157,054 1646317005
1 1 8 9,57 17,57 -156,688 1646317005
1 1 8 9,50 17,32 -157,084 1646317005
1 1 8 9,57 17,07 -157,066 1646317005
1 1 8 9,75 16,89 -157,048 1646317005
1 1 8 10,00 16,82 -157,023 1646317006
1 1 8 10,25 16,89 -157,096 1646317006
1 1 8 10,43 17,07 -157,072 1646317006
1 1 9 5,18 19,32 -157,060 1646317007
1 1 9 5,68 19,32 -157,029 1646317007
1 1 9 5,61 19,57 -157,096 1646317008
1 1 9 5,43 19,75 -157,029 1646317008
1 1 9 5,18 19,82 -157,048 1646317008
1 1 9 4,93 19,75 -157,078 1646317009
1 1 9 4,74 19,57 -157,011 1646317009
1 1 9 4,68 19,32 -157,054 1646317009
1 1 9 4,74 19,07 -157,042 1646317009
1 1 9 4,93 18,89 -157,078 1646317010
1 1 9 5,18 18,82 -157,060 1646317010
1 1 9 5,43 18,89 -157,042 1646317010
1 1 9 5,61 19,07 -157,096 1646317010
1 1 10 -5,18 19,32 -157,054 1646317011
1 1 10 -4,68 19,32 -157,072 1646317012
1 1 10 -4,74 19,57 -157,090 1646317012
1 1 10 -4,93 19,75 -157,072 1646317012
1 1 10 -5,18 19,82 -157,011 1646317012
1 1 10 -5,43 19,75 -157,096 1646317013
1 1 10 -5,61 19,57 -157,078 1646317013
1 1 10 -5,68 19,32 -157,011 1646317013
1 1 10 -5,61 19,07 -157,023 1646317013
1 1 10 -5,43 18,89 -157,078 1646317014
1 1 10 -5,18 18,82 -157,072 1646317014
1 1 10 -4,93 18,89 -157,115 1646317014
1 1 10 -4,74 19,07 -157,084 1646317014
1 1 11 -10,00 17,32 -157,066 1646317015
1 1 11 -9,50 17,32 -157,054 1646317016
1 1 11 -9,57 17,57 -157,042 1646317016
1 1 11 -9,75 17,75 -157,048 1646317016
1 1 11 -10,00 17,82 -157,096 1646317016
1 1 11 -10,25 17,75 -157,072 1646317016
1 1 11 -10,43 17,57 -157,060 1646317017
1 1 11 -10,50 17,32 -157,029 1646317017
1 1 11 -10,43 17,07 -157,042 1646317017
1 1 11 -10,25 16,89 -157,084 1646317017
1 1 11 -10,00 16,82 -157,078 1646317018
1 1 11 -9,75 16,89 -157,072 1646317018
1 1 11 -9,57 17,07 -157,078 1646317018
1 1 12 -14,14 14,14 -157,035 1646317019
1 1 12 -13,64 14,14 -157,054 1646317019
1 1 12 -13,71 14,39 -157,096 1646317020
1 1 12 -13,89 14,58 -157,072 1646317020
1 1 12 -14,14 14,64 -157,029 1646317020
1 1 12 -14,39 14,58 -157,035 1646317020
1 1 12 -14,58 14,39 -157,090 1646317021
1 1 12 -14,64 14,14 -157,035 1646317021
1 1 12 -14,58 13,89 -157,054 1646317021
1 1 12 -14,39 13,71 -157,035 1646317021
1 1 12 -14,14 13,64 -157,072 1646317021
1 1 12 -13,89 13,71 -157,072 1646317022
1 1 12 -13,71 13,89 -157,096 1646317022
1 1 13 -17,32 10,00 -157,072 1646317023
1 1 13 -16,82 10,00 -157,072 1646317023
1 1 13 -16,89 10,25 -157,066 1646317023
1 1 13 -17,07 10,43 -157,084 1646317024
1 1 13 -17,32 10,50 -157,035 1646317024
1 1 13 -17,57 10,43 -157,035 1646317024
1 1 13 -17,75 10,25 -157,103 1646317024
1 1 13 -17,82 10,00 -157,072 1646317024
1 1 13 -17,75 9,75 -157,060 1646317025
1 1 13 -17,57 9,57 -157,090 1646317025
1 1 13 -17,32 9,50 -157,084 1646317025
1 1 13 -17,07 9,57 -157,042 1646317025
1 1 13 -16,89 9,75 -157,090 1646317026
1 1 14 -19,32 5,18 -157,072 1646317026
1 1 14 -18,82 5,18 -156,962 1646317027
1 1 14 -18,89 5,43 -157,115 1646317027
1 1 14 -19,07 5,61 -157,054 1646317027
1 1 14 -19,32 5,68 -157,103 1646317028
1 1 14 -19,57 5,61 -157,084 1646317028
1 1 14 -19,75 5,43 -157,023 1646317028
1 1 14 -19,82 5,18 -157,042 1646317028
1 1 14 -19,75 4,93 -157,023 1646317029
1 1 14 -19,57 4,74 -157,011 1646317029
1 1 14 -19,32 4,68 -157,078 1646317029
1 1 14 -19,07 4,74 -157,066 1646317029
1 1 14 -18,89 4,93 -157,066 1646317029
1 1 15 -12,56 3,36 -157,035 1646317030
1 1 15 -12,06 3,36 -157,048 1646317031
1 1 15 -12,12 3,61 -157,054 1646317031
1 1 15 -12,31 3,80 -157,054 1646317031
1 1 15 -12,56 3,86 -157,072 1646317031
1 1 15 -12,81 3,80 -157,133 1646317032
1 1 15 -12,99 3,61 -157,054 1646317032
1 1 15 -13,06 3,36 -157,048 1646317032
1 1 15 -12,99 3,11 -157,042 1646317032
1 1 15 -12,81 2,93 -157,054 1646317033
1 1 15 -12,56 2,86 -157,090 1646317033
1 1 15 -12,31 2,93 -157,035 1646317033
1 1 15 -12,12 3,11 -157,072 1646317034
1 1 16 -9,19 9,19 -157,017 1646317034
1 1 16 -8,69 9,19 -157,035 1646317035
1 1 16 -8,76 9,44 -157,060 1646317035
1 1 16 -8,94 9,63 -157,060 1646317035
1 1 16 -9,19 9,69 -157,023 1646317036
1 1 16 -9,44 9,63 -157,029 1646317036
1 1 16 -9,63 9,44 -156,993 1646317036
1 1 16 -9,69 9,19 -157,011 1646317036
1 1 16 -9,63 8,94 -157,048 1646317036
1 1 16 -9,44 8,76 -157,072 1646317037
1 1 16 -9,19 8,69 -157,054 1646317037
1 1 16 -8,94 8,76 -157,060 1646317037
1 1 16 -8,76 8,94 -157,054 1646317037
1 1 17 -3,36 12,56 -157,078 1646317038
1 1 17 -2,86 12,56 -157,011 1646317039
1 1 17 -2,93 12,81 -157,035 1646317039
1 1 17 -3,11 12,99 -157,096 1646317039
1 1 17 -3,36 13,06 -157,035 1646317039
1 1 17 -3,61 12,99 -157,048 1646317040
1 1 17 -3,80 12,81 -157,035 1646317040
1 1 17 -3,86 12,56 -157,011 1646317040
1 1 17 -3,80 12,31 -157,066 1646317040
1 1 17 -3,61 12,12 -157,023 1646317041
1 1 17 -3,36 12,06 -157,072 1646317041
1 1 17 -3,11 12,12 -157,060 1646317041
1 1 17 -2,93 12,31 -157,066 1646317041
1 1 18 -4,24 4,24 -157,072 1646317042
1 1 18 -3,74 4,24 -156,993 1646317043
1 1 18 -3,81 4,49 -157,066 1646317043
1 1 18 -3,99 4,68 -157,072 1646317043
1 1 18 -4,24 4,74 -157,078 1646317043
1 1 18 -4,49 4,68 -157,035 1646317044
1 1 18 -4,68 4,49 -157,023 1646317044
1 1 18 -4,74 4,24 -157,060 1646317044
1 1 18 -4,68 3,99 -157,078 1646317044
1 1 18 -4,49 3,81 -157,084 1646317044
1 1 18 -4,24 3,74 -157,072 1646317045
1 1 18 -3,99 3,81 -157,078 1646317045
1 1 18 -3,81 3,99 -157,054 1646317045
1 1 19 -4,24 -4,24 -157,084 1646317046
1 1 19 -3,74 -4,24 -157,090 1646317047
1 1 19 -3,81 -3,99 -157,060 1646317047
1 1 19 -3,99 -3,81 -157,011 1646317047
1 1 19 -4,24 -3,74 -157,078 1646317047
1 1 19 -4,49 -3,81 -156,993 1646317047
1 1 19 -4,68 -3,99 -157,048 1646317048
1 1 19 -4,74 -4,24 -156,993 1646317048
1 1 19 -4,68 -4,49 -157,029 1646317048
1 1 19 -4,49 -4,68 -157,096 1646317048
1 1 19 -4,24 -4,74 -157,090 1646317049
1 1 19 -3,99 -4,68 -157,090 1646317049
1 1 19 -3,81 -4,49 -157,048 1646317049
1 1 20 -3,36 -12,56 -157,048 1646317050
1 1 20 -2,86 -12,56 -157,042 1646317050
1 1 20 -2,93 -12,31 -157,042 1646317051
1 1 20 -3,11 -12,12 -157,078 1646317051
1 1 20 -3,36 -12,06 -157,151 1646317051
1 1 20 -3,61 -12,12 -157,023 1646317051
1 1 20 -3,80 -12,31 -157,005 1646317052
1 1 20 -3,86 -12,56 -157,011 1646317052
1 1 20 -3,80 -12,81 -157,035 1646317052
1 1 20 -3,61 -12,99 -157,096 1646317052
1 1 20 -3,36 -13,06 -157,078 1646317053
1 1 20 -3,11 -12,99 -157,042 1646317053
1 1 20 -2,93 -12,81 -157,005 1646317053
1 1 21 -9,19 -9,19 -157,060 1646317054
1 1 21 -8,69 -9,19 -157,035 1646317054
1 1 21 -8,76 -8,94 -157,121 1646317055
1 1 21 -8,94 -8,76 -157,048 1646317055
1 1 21 -9,19 -8,69 -157,042 1646317055
1 1 21 -9,44 -8,76 -157,054 1646317055
1 1 21 -9,63 -8,94 -157,035 1646317055
1 1 21 -9,69 -9,19 -157,035 1646317056
1 1 21 -9,63 -9,44 -157,072 1646317056
1 1 21 -9,44 -9,63 -157,078 1646317056
1 1 21 -9,19 -9,69 -157,078 1646317056
1 1 21 -8,94 -9,63 -157,011 1646317057
1 1 21 -8,76 -9,44 -157,084 1646317057
1 1 22 -12,56 -3,36 -157,078 1646317058
1 1 22 -12,06 -3,36 -157,011 1646317058
1 1 22 -12,12 -3,11 -157,054 1646317058
1 1 22 -12,31 -2,93 -157,072 1646317059
1 1 22 -12,56 -2,86 -157,011 1646317059
1 1 22 -12,81 -2,93 -157,035 1646317059
1 1 22 -12,99 -3,11 -157,035 1646317059
1 1 22 -13,06 -3,36 -157,072 1646317060
1 1 22 -12,99 -3,61 -157,029 1646317060
1 1 22 -12,81 -3,80 -157,054 1646317060
1 1 22 -12,56 -3,86 -157,042 1646317060
1 1 22 -12,31 -3,80 -157,060 1646317060
1 1 22 -12,12 -3,61 -157,035 1646317061
1 1 23 -19,32 -5,18 -157,066 1646317062
1 1 23 -18,82 -5,18 -157,060 1646317062
1 1 23 -18,89 -4,93 -156,962 1646317062
1 1 23 -19,07 -4,74 -157,054 1646317063
1 1 23 -19,32 -4,68 -157,042 1646317063
1 1 23 -19,57 -4,74 -157,066 1646317063
1 1 23 -19,75 -4,93 -157,035 1646317063
1 1 23 -19,82 -5,18 -157,017 1646317063
1 1 23 -19,75 -5,43 -157,078 1646317064
1 1 23 -19,57 -5,61 -157,042 1646317064
1 1 23 -19,32 -5,68 -157,096 1646317064
1 1 23 -19,07 -5,61 -157,127 1646317064
1 1 23 -18,89 -5,43 -157,035 1646317065
1 1 24 -17,32 -10,00 -157,023 1646317065
1 1 24 -16,82 -10,00 -157,042 1646317066
1 1 24 -16,89 -9,75 -157,078 1646317066
1 1 24 -17,07 -9,57 -157,035 1646317066
1 1 24 -17,32 -9,50 -157,090 1646317067
1 1 24 -17,57 -9,57 -157,072 1646317067
1 1 24 -17,75 -9,75 -157,096 1646317067
1 1 24 -17,82 -10,00 -157,066 1646317067
1 1 24 -17,75 -10,25 -157,023 1646317068
1 1 24 -17,57 -10,43 -157,023 1646317068
1 1 24 -17,32 -10,50 -157,127 1646317068
1 1 24 -17,07 -10,43 -157,084 1646317068
1 1 24 -16,89 -10,25 -157,084 1646317068
1 1 25 -14,14 -14,14 -157,035 1646317069
1 1 25 -13,64 -14,14 -157,035 1646317070
1 1 25 -13,71 -13,89 -157,084 1646317070
1 1 25 -13,89 -13,71 -157,023 1646317070
1 1 25 -14,14 -13,64 -157,072 1646317070
1 1 25 -14,39 -13,71 -156,993 1646317071
1 1 25 -14,58 -13,89 -157,066 1646317071
1 1 25 -14,64 -14,14 -157,072 1646317071
1 1 25 -14,58 -14,39 -157,042 1646317071
1 1 25 -14,39 -14,58 -157,029 1646317071
1 1 25 -14,14 -14,64 -157,084 1646317072
1 1 25 -13,89 -14,58 -157,090 1646317072
1 1 25 -13,71 -14,39 -157,060 1646317072
1 1 26 -10,00 -17,32 -157,042 1646317073
1 1 26 -9,50 -17,32 -157,084 1646317073
1 1 26 -9,57 -17,07 -157,054 1646317074
1 1 26 -9,75 -16,89 -157,066 1646317074
1 1 26 -10,00 -16,82 -157,096 1646317074
1 1 26 -10,25 -16,89 -157,029 1646317074
1 1 26 -10,43 -17,07 -157,060 1646317075
1 1 26 -10,50 -17,32 -157,029 1646317075
1 1 26 -10,43 -17,57 -157,042 1646317075
1 1 26 -10,25 -17,75 -157,060 1646317075
1 1 26 -10,00 -17,82 -157,072 1646317076
1 1 26 -9,75 -17,75 -157,005 1646317076
1 1 26 -9,57 -17,57 -157,048 1646317076
1 1 27 -5,18 -19,32 -157,054 1646317077
1 1 27 -4,68 -19,32 -157,054 1646317077
1 1 27 -4,74 -19,07 -157,072 1646317078
1 1 27 -4,93 -18,89 -157,054 1646317078
1 1 27 -5,18 -18,82 -157,054 1646317078
1 1 27 -5,43 -18,89 -157,090 1646317078
1 1 27 -5,61 -19,07 -157,048 1646317079
1 1 27 -5,68 -19,32 -157,078 1646317079
1 1 27 -5,61 -19,57 -157,042 1646317079
1 1 27 -5,43 -19,75 -157,011 1646317079
1 1 27 -5,18 -19,82 -157,048 1646317080
1 1 27 -4,93 -19,75 -157,090 1646317080
1 1 27 -4,74 -19,57 -157,060 1646317080
1 1 28 5,18 -19,32 -157,035 1646317081
1 1 28 5,68 -19,32 -157,035 1646317081
1 1 28 5,61 -19,07 -157,066 1646317082
1 1 28 5,43 -18,89 -157,029 1646317082
1 1 28 5,18 -18,82 -157,042 1646317082
1 1 28 4,93 -18,89 -157,066 1646317082
1 1 28 4,74 -19,07 -157,048 1646317083
1 1 28 4,68 -19,32 -157,035 1646317083
1 1 28 4,74 -19,57 -157,017 1646317083
1 1 28 4,93 -19,75 -157,066 1646317083
1 1 28 5,18 -19,82 -157,096 1646317084
1 1 28 5,43 -19,75 -157,066 1646317084
1 1 28 5,61 -19,57 -157,072 1646317084
1 1 29 10,00 -17,32 -157,090 1646317085
1 1 29 10,50 -17,32 -157,072 1646317085
1 1 29 10,43 -17,07 -157,042 1646317086
1 1 29 10,25 -16,89 -157,090 1646317086
1 1 29 10,00 -16,82 -157,042 1646317086
1 1 29 9,75 -16,89 -157,115 1646317086
1 1 29 9,57 -17,07 -156,987 1646317086
1 1 29 9,50 -17,32 -156,981 1646317087
1 1 29 9,57 -17,57 -157,035 1646317087
1 1 29 9,75 -17,75 -157,035 1646317087
1 1 29 10,00 -17,82 -156,999 1646317087
1 1 29 10,25 -17,75 -157,060 1646317088
1 1 29 10,43 -17,57 -157,048 1646317088
1 1 30 14,14 -14,14 -157,035 1646317089
1 1 30 14,64 -14,14 -157,005 1646317089
1 1 30 14,58 -13,89 -157,054 1646317089
1 1 30 14,39 -13,71 -157,054 1646317089
1 1 30 14,14 -13,64 -156,712 1646317090
1 1 30 13,89 -13,71 -157,042 1646317090
1 1 30 13,71 -13,89 -157,054 1646317090
1 1 30 13,64 -14,14 -157,035 1646317090
1 1 30 13,71 -14,39 -157,035 1646317091
1 1 30 13,89 -14,58 -157,035 1646317091
1 1 30 14,14 -14,64 -157,054 1646317091
1 1 30 14,39 -14,58 -157,090 1646317091
1 1 30 14,58 -14,39 -157,060 1646317092
1 1 31 17,32 -10,00 -157,096 1646317092
1 1 31 17,82 -10,00 -157,066 1646317093
1 1 31 17,75 -9,75 -157,096 1646317093
1 1 31 17,57 -9,57 -157,066 1646317093
1 1 31 17,32 -9,50 -157,035 1646317094
1 1 31 17,07 -9,57 -157,011 1646317094
1 1 31 16,89 -9,75 -157,035 1646317094
1 1 31 16,82 -10,00 -157,011 1646317094
1 1 31 16,89 -10,25 -157,035 1646317094
1 1 31 17,07 -10,43 -157,060 1646317095
1 1 31 17,32 -10,50 -157,072 1646317095
1 1 31 17,57 -10,43 -157,072 1646317095
1 1 31 17,75 -10,25 -157,048 1646317095
1 1 32 19,32 -5,18 -157,072 1646317096
1 1 32 19,82 -5,18 -157,011 1646317097
1 1 32 19,75 -4,93 -157,060 1646317097
1 1 32 19,57 -4,74 -157,042 1646317097
1 1 32 19,32 -4,68 -157,072 1646317097
1 1 32 19,07 -4,74 -157,042 1646317098
1 1 32 18,89 -4,93 -156,993 1646317098
1 1 32 18,82 -5,18 -157,060 1646317098
1 1 32 18,89 -5,43 -157,078 1646317098
1 1 32 19,07 -5,61 -157,060 1646317099
1 1 32 19,32 -5,68 -157,042 1646317099
1 1 32 19,57 -5,61 -157,103 1646317099
1 1 32 19,75 -5,43 -157,096 1646317099
1 1 33 12,56 -3,36 -156,999 1646317100
1 1 33 13,06 -3,36 -157,005 1646317101
1 1 33 12,99 -3,11 -157,011 1646317101
1 1 33 12,81 -2,93 -157,060 1646317101
1 1 33 12,56 -2,86 -157,066 1646317101
1 1 33 12,31 -2,93 -157,103 1646317102
1 1 33 12,12 -3,11 -157,042 1646317102
1 1 33 12,06 -3,36 -157,060 1646317102
1 1 33 12,12 -3,61 -157,060 1646317102
1 1 33 12,31 -3,80 -157,005 1646317102
1 1 33 12,56 -3,86 -157,011 1646317103
1 1 33 12,81 -3,80 -157,048 1646317103
1 1 33 12,99 -3,61 -157,115 1646317103
1 1 34 9,19 -9,19 -157,048 1646317104
1 1 34 9,69 -9,19 -157,048 1646317104
1 1 34 9,63 -8,94 -157,054 1646317105
1 1 34 9,44 -8,76 -157,054 1646317105
1 1 34 9,19 -8,69 -157,072 1646317105
1 1 34 8,94 -8,76 -157,090 1646317105
1 1 34 8,76 -8,94 -156,999 1646317106
1 1 34 8,69 -9,19 -157,042 1646317106
1 1 34 8,76 -9,44 -157,035 1646317106
1 1 34 8,94 -9,63 -157,035 1646317106
1 1 34 9,19 -9,69 -157,042 1646317107
1 1 34 9,44 -9,63 -157,042 1646317107
1 1 34 9,63 -9,44 -157,060 1646317107
1 1 35 3,36 -12,56 -157,017 1646317108
1 1 35 3,86 -12,56 -156,999 1646317108
1 1 35 3,80 -12,31 -157,078 1646317109
1 1 35 3,61 -12,12 -157,029 1646317109
1 1 35 3,36 -12,06 -157,048 1646317109
1 1 35 3,11 -12,12 -157,096 1646317109
1 1 35 2,93 -12,31 -157,035 1646317109
1 1 35 2,86 -12,56 -157,011 1646317110
1 1 35 2,93 -12,81 -157,066 1646317110
1 1 35 3,11 -12,99 -157,011 1646317110
1 1 35 3,36 -13,06 -157,035 1646317110
1 1 35 3,61 -12,99 -157,090 1646317111
1 1 35 3,80 -12,81 -157,035 1646317111
1 1 36 4,24 -4,24 -157,096 1646317112
1 1 36 4,74 -4,24 -157,054 1646317112
1 1 36 4,68 -3,99 -157,054 1646317112
1 1 36 4,49 -3,81 -156,993 1646317113
1 1 36 4,24 -3,74 -157,066 1646317113
1 1 36 3,99 -3,81 -157,060 1646317113
1 1 36 3,81 -3,99 -156,681 1646317113
1 1 36 3,74 -4,24 -157,035 1646317114
1 1 36 3,81 -4,49 -157,066 1646317114
1 1 36 3,99 -4,68 -157,072 1646317114
1 1 36 4,24 -4,74 -157,096 1646317115
1 1 36 4,49 -4,68 -157,096 1646317115
1 1 36 4,68 -4,49 -157,060 1646317115
1 1 37 27,00 0,00 -157,096 1646317117
1 1 37 27,50 0,00 -157,066 1646317117
1 1 37 27,43 0,25 -157,066 1646317117
1 1 37 27,25 0,43 -157,042 1646317118
1 1 37 27,00 0,50 -157,060 1646317118
1 1 37 26,75 0,43 -157,035 1646317118
1 1 37 26,57 0,25 -157,078 1646317118
1 1 37 26,50 0,00 -157,029 1646317119
1 1 37 26,57 -0,25 -157,023 1646317119
1 1 37 26,75 -0,43 -157,054 1646317119
1 1 37 27,00 -0,50 -157,048 1646317119
1 1 37 27,25 -0,43 -157,078 1646317119
1 1 37 27,43 -0,25 -157,096 1646317120
1 1 38 26,08 6,99 -157,066 1646317121
1 1 38 26,58 6,99 -157,090 1646317121
1 1 38 26,51 7,24 -157,042 1646317121
1 1 38 26,33 7,42 -157,066 1646317122
1 1 38 26,08 7,49 -157,060 1646317122
1 1 38 25,83 7,42 -157,078 1646317122
1 1 38 25,65 7,24 -157,005 1646317122
1 1 38 25,58 6,99 -157,042 1646317123
1 1 38 25,65 6,74 -157,035 1646317123
1 1 38 25,83 6,56 -157,048 1646317123
1 1 38 26,08 6,49 -157,042 1646317124
1 1 38 26,33 6,56 -157,042 1646317124
1 1 38 26,51 6,74 -157,066 1646317124
1 1 39 23,38 13,50 -157,066 1646317125
1 1 39 23,88 13,50 -157,054 1646317125
1 1 39 23,82 13,75 -157,072 1646317126
1 1 39 23,63 13,93 -157,054 1646317126
1 1 39 23,38 14,00 -157,042 1646317126
1 1 39 23,13 13,93 -156,981 1646317126
1 1 39 22,95 13,75 -157,078 1646317127
1 1 39 22,88 13,50 -157,090 1646317127
1 1 39 22,95 13,25 -157,072 1646317127
1 1 39 23,13 13,07 -157,005 1646317127
1 1 39 23,38 13,00 -157,011 1646317128
1 1 39 23,63 13,07 -157,103 1646317128
1 1 39 23,82 13,25 -157,084 1646317128
1 1 40 19,09 19,09 -157,115 1646317129
1 1 40 19,59 19,09 -157,035 1646317129
1 1 40 19,52 19,34 -157,090 1646317130
1 1 40 19,34 19,52 -157,078 1646317130
1 1 40 19,09 19,59 -157,072 1646317130
1 1 40 18,84 19,52 -157,035 1646317130
1 1 40 18,66 19,34 -156,987 1646317131
1 1 40 18,59 19,09 -157,029 1646317131
1 1 40 18,66 18,84 -157,048 1646317131
1 1 40 18,84 18,66 -157,042 1646317131
1 1 40 19,09 18,59 -157,042 1646317132
1 1 40 19,34 18,66 -157,060 1646317132
1 1 40 19,52 18,84 -157,066 1646317132
1 1 41 13,50 23,38 -157,048 1646317133
1 1 41 14,00 23,38 -157,090 1646317133
1 1 41 13,93 23,63 -157,072 1646317134
1 1 41 13,75 23,82 -157,084 1646317134
1 1 41 13,50 23,88 -157,072 1646317134
1 1 41 13,25 23,82 -157,054 1646317134
1 1 41 13,07 23,63 -157,054 1646317135
1 1 41 13,00 23,38 -157,060 1646317135
1 1 41 13,07 23,13 -157,035 1646317135
1 1 41 13,25 22,95 -157,072 1646317135
1 1 41 13,50 22,88 -157,011 1646317135
1 1 41 13,75 22,95 -157,176 1646317136
1 1 41 13,93 23,13 -157,072 1646317136
1 1 42 6,99 26,08 -157,090 1646317137
1 1 42 7,49 26,08 -157,005 1646317137
1 1 42 7,42 26,33 -157,060 1646317138
1 1 42 7,24 26,51 -157,042 1646317138
1 1 42 6,99 26,58 -157,096 1646317138
1 1 42 6,74 26,51 -157,072 1646317138
1 1 42 6,56 26,33 -156,987 1646317138
1 1 42 6,49 26,08 -157,042 1646317139
1 1 42 6,56 25,83 -157,042 1646317139
1 1 42 6,74 25,65 -157,084 1646317139
1 1 42 6,99 25,58 -157,054 1646317139
1 1 42 7,24 25,65 -157,060 1646317140
1 1 42 7,42 25,83 -157,035 1646317140
1 1 43 0,00 27,00 -157,035 1646317141
1 1 43 0,50 27,00 -157,115 1646317141
1 1 43 0,43 27,25 -157,054 1646317141
1 1 43 0,25 27,43 -157,048 1646317142
1 1 43 0,00 27,50 -157,035 1646317142
1 1 43 -0,25 27,43 -157,017 1646317142
1 1 43 -0,43 27,25 -157,011 1646317142
1 1 43 -0,50 27,00 -157,042 1646317143
1 1 43 -0,43 26,75 -157,035 1646317143
1 1 43 -0,25 26,57 -157,060 1646317143
1 1 43 0,00 26,50 -157,078 1646317143
1 1 43 0,25 26,57 -157,066 1646317144
1 1 43 0,43 26,75 -157,096 1646317144
1 1 44 -6,99 26,08 -157,084 1646317145
1 1 44 -6,49 26,08 -157,048 1646317145
1 1 44 -6,56 26,33 -157,072 1646317145
1 1 44 -6,74 26,51 -157,072 1646317146
1 1 44 -6,99 26,58 -157,084 1646317146
1 1 44 -7,24 26,51 -157,029 1646317146
1 1 44 -7,42 26,33 -157,066 1646317146
1 1 44 -7,49 26,08 -157,066 1646317147
1 1 44 -7,42 25,83 -157,017 1646317147
1 1 44 -7,24 25,65 -157,072 1646317147
1 1 44 -6,99 25,58 -157,042 1646317147
1 1 44 -6,74 25,65 -157,078 1646317148
1 1 44 -6,56 25,83 -157,072 1646317148
1 1 45 -13,50 23,38 -157,084 1646317149
1 1 45 -13,00 23,38 -157,048 1646317149
1 1 45 -13,07 23,63 -157,048 1646317149
1 1 45 -13,25 23,82 -157,078 1646317150
1 1 45 -13,50 23,88 -157,035 1646317150
1 1 45 -13,75 23,82 -157,121 1646317150
1 1 45 -13,93 23,63 -157,066 1646317150
1 1 45 -14,00 23,38 -157,096 1646317151
1 1 45 -13,93 23,13 -157,023 1646317151
1 1 45 -13,75 22,95 -157,029 1646317151
1 1 45 -13,50 22,88 -157,090 1646317151
1 1 45 -13,25 22,95 -157,066 1646317151
1 1 45 -13,07 23,13 -157,103 1646317152
1 1 46 -19,09 19,09 -157,060 1646317153
1 1 46 -18,59 19,09 -157,090 1646317153
1 1 46 -18,66 19,34 -157,151 1646317153
1 1 46 -18,84 19,52 -157,054 1646317153
1 1 46 -19,09 19,59 -157,060 1646317154
1 1 46 -19,34 19,52 -157,078 1646317154
1 1 46 -19,52 19,34 -157,042 1646317154
1 1 46 -19,59 19,09 -157,072 1646317154
1 1 46 -19,52 18,84 -156,907 1646317155
1 1 46 -19,34 18,66 -157,066 1646317155
1 1 46 -19,09 18,59 -157,035 1646317155
1 1 46 -18,84 18,66 -157,133 1646317155
1 1 46 -18,66 18,84 -157,072 1646317156
1 1 47 -23,38 13,50 -157,035 1646317156
1 1 47 -22,88 13,50 -157,029 1646317157
1 1 47 -22,95 13,75 -157,078 1646317157
1 1 47 -23,13 13,93 -157,072 1646317157
1 1 47 -23,38 14,00 -157,072 1646317157
1 1 47 -23,63 13,93 -157,035 1646317158
1 1 47 -23,82 13,75 -157,054 1646317158
1 1 47 -23,88 13,50 -157,078 1646317158
1 1 47 -23,82 13,25 -157,054 1646317158
1 1 47 -23,63 13,07 -157,084 1646317159
1 1 47 -23,38 13,00 -157,090 1646317159
1 1 47 -23,13 13,07 -157,066 1646317159
1 1 47 -22,95 13,25 -157,096 1646317159
1 1 48 -26,08 6,99 -157,072 1646317160
1 1 48 -25,58 6,99 -157,127 1646317161
1 1 48 -25,65 7,24 -157,072 1646317161
1 1 48 -25,83 7,42 -157,133 1646317161
1 1 48 -26,08 7,49 -157,078 1646317161
1 1 48 -26,33 7,42 -157,096 1646317162
1 1 48 -26,51 7,24 -157,048 1646317162
1 1 48 -26,58 6,99 -157,084 1646317162
1 1 48 -26,51 6,74 -157,042 1646317162
1 1 48 -26,33 6,56 -157,011 1646317162
1 1 48 -26,08 6,49 -157,042 1646317163
1 1 48 -25,83 6,56 -157,054 1646317163
1 1 48 -25,65 6,74 -157,078 1646317163
1 1 49 -27,00 0,00 -157,078 1646317164
1 1 49 -26,50 0,00 -157,096 1646317165
1 1 49 -26,57 0,25 -157,060 1646317165
1 1 49 -26,75 0,43 -157,096 1646317165
1 1 49 -27,00 0,50 -157,048 1646317165
1 1 49 -27,25 0,43 -157,066 1646317166
1 1 49 -27,43 0,25 -157,017 1646317166
1 1 49 -27,50 0,00 -157,060 1646317166
1 1 49 -27,43 -0,25 -157,054 1646317166
1 1 49 -27,25 -0,43 -157,072 1646317167
1 1 49 -27,00 -0,50 -157,072 1646317167
1 1 49 -26,75 -0,43 -157,084 1646317167
1 1 49 -26,57 -0,25 -157,054 1646317167
1 1 50 -26,08 -6,99 -157,072 1646317168
1 1 50 -25,58 -6,99 -157,017 1646317169
1 1 50 -25,65 -6,74 -157,054 1646317169
1 1 50 -25,83 -6,56 -157,084 1646317170
1 1 50 -26,08 -6,49 -157,035 1646317170
1 1 50 -26,33 -6,56 -157,072 1646317170
1 1 50 -26,51 -6,74 -157,054 1646317171
1 1 50 -26,58 -6,99 -157,048 1646317172
1 1 50 -26,51 -7,24 -157,103 1646317172
1 1 50 -26,33 -7,42 -157,054 1646317172
1 1 50 -26,08 -7,49 -157,084 1646317173
1 1 50 -25,83 -7,42 -157,096 1646317174
1 1 50 -25,65 -7,24 -157,096 1646317174
1 1 51 -23,38 -13,50 -156,987 1646317175
1 1 51 -22,88 -13,50 -157,090 1646317175
1 1 51 -22,95 -13,25 -157,103 1646317175
1 1 51 -23,13 -13,07 -157,066 1646317176
1 1 51 -23,38 -13,00 -157,048 1646317176
1 1 51 -23,63 -13,07 -157,060 1646317176
1 1 51 -23,82 -13,25 -157,084 1646317177
1 1 51 -23,88 -13,50 -157,084 1646317177
1 1 51 -23,82 -13,75 -157,060 1646317178
1 1 51 -23,63 -13,93 -157,072 1646317178
1 1 51 -23,38 -14,00 -157,042 1646317178
1 1 51 -23,13 -13,93 -157,035 1646317179
1 1 51 -22,95 -13,75 -157,090 1646317179
1 1 52 -19,09 -19,09 -157,011 1646317180
1 1 52 -18,59 -19,09 -157,072 1646317180
1 1 52 -18,66 -18,84 -157,090 1646317181
1 1 52 -18,84 -18,66 -157,023 1646317181
1 1 52 -19,09 -18,59 -157,078 1646317182
1 1 52 -19,34 -18,66 -157,060 1646317182
1 1 52 -19,52 -18,84 -157,048 1646317183
1 1 52 -19,59 -19,09 -157,054 1646317183
1 1 52 -19,52 -19,34 -157,060 1646317184
1 1 52 -19,34 -19,52 -157,048 1646317184
1 1 52 -19,09 -19,59 -157,023 1646317185
1 1 52 -18,84 -19,52 -157,042 1646317185
1 1 52 -18,66 -19,34 -157,060 1646317186
1 1 53 -13,50 -23,38 -157,072 1646317186
1 1 53 -13,00 -23,38 -157,048 1646317187
1 1 53 -13,07 -23,13 -157,072 1646317188
1 1 53 -13,25 -22,95 -157,023 1646317188
1 1 53 -13,50 -22,88 -157,035 1646317189
1 1 53 -13,75 -22,95 -156,999 1646317189
1 1 53 -13,93 -23,13 -157,035 1646317189
1 1 53 -14,00 -23,38 -157,011 1646317190
1 1 53 -13,93 -23,63 -157,029 1646317190
1 1 53 -13,75 -23,82 -156,987 1646317191
1 1 53 -13,50 -23,88 -157,042 1646317191
1 1 53 -13,25 -23,82 -157,011 1646317192
1 1 53 -13,07 -23,63 -157,121 1646317192
1 1 54 -6,99 -26,08 -157,023 1646317193
1 1 54 -6,49 -26,08 -157,072 1646317194
1 1 54 -6,56 -25,83 -157,072 1646317194
1 1 54 -6,74 -25,65 -157,029 1646317194
1 1 54 -6,99 -25,58 -157,072 1646317195
1 1 54 -7,24 -25,65 -157,054 1646317196
1 1 54 -7,42 -25,83 -157,072 1646317196
1 1 54 -7,49 -26,08 -157,090 1646317196
1 1 54 -7,42 -26,33 -156,999 1646317197
1 1 54 -7,24 -26,51 -157,078 1646317197
1 1 54 -6,99 -26,58 -157,060 1646317198
1 1 54 -6,74 -26,51 -157,042 1646317198
1 1 54 -6,56 -26,33 -157,078 1646317199
1 1 55 -0,00 -27,00 -157,035 1646317200
1 1 55 0,50 -27,00 -157,054 1646317200
1 1 55 0,43 -26,75 -157,005 1646317201
1 1 55 0,25 -26,57 -157,090 1646317201
1 1 55 -0,00 -26,50 -157,029 1646317202
1 1 55 -0,25 -26,57 -157,042 1646317202
1 1 55 -0,43 -26,75 -157,066 1646317203
1 1 55 -0,50 -27,00 -157,011 1646317203
1 1 55 -0,43 -27,25 -157,023 1646317204
1 1 55 -0,25 -27,43 -156,987 1646317204
1 1 55 -0,00 -27,50 -157,017 1646317205
1 1 55 0,25 -27,43 -156,999 1646317205
1 1 55 0,43 -27,25 -157,017 1646317205
1 1 56 6,99 -26,08 -157,023 1646317206
1 1 56 7,49 -26,08 -157,023 1646317207
1 1 56 7,42 -25,83 -157,042 1646317207
1 1 56 7,24 -25,65 -157,035 1646317208
1 1 56 6,99 -25,58 -157,060 1646317208
1 1 56 6,74 -25,65 -157,066 1646317209
1 1 56 6,56 -25,83 -157,023 1646317209
1 1 56 6,49 -26,08 -157,054 1646317210
1 1 56 6,56 -26,33 -156,993 1646317210
1 1 56 6,74 -26,51 -157,042 1646317211
1 1 56 6,99 -26,58 -157,084 1646317211
1 1 56 7,24 -26,51 -157,005 1646317212
1 1 56 7,42 -26,33 -156,962 1646317212
1 1 57 13,50 -23,38 -157,084 1646317213
1 1 57 14,00 -23,38 -156,987 1646317214
1 1 57 13,93 -23,13 -157,048 1646317214
1 1 57 13,75 -22,95 -157,048 1646317214
1 1 57 13,50 -22,88 -157,029 1646317215
1 1 57 13,25 -22,95 -157,035 1646317216
1 1 57 13,07 -23,13 -157,017 1646317216
1 1 57 13,00 -23,38 -157,029 1646317216
1 1 57 13,07 -23,63 -157,060 1646317217
1 1 57 13,25 -23,82 -157,084 1646317217
1 1 57 13,50 -23,88 -157,066 1646317218
1 1 57 13,75 -23,82 -157,090 1646317218
1 1 57 13,93 -23,63 -156,999 1646317219
1 1 58 19,09 -19,09 -157,066 1646317220
1 1 58 19,59 -19,09 -157,035 1646317220
1 1 58 19,52 -18,84 -157,060 1646317220
1 1 58 19,34 -18,66 -156,987 1646317221
1 1 58 19,09 -18,59 -157,048 1646317221
1 1 58 18,84 -18,66 -157,017 1646317222
1 1 58 18,66 -18,84 -157,048 1646317222
1 1 58 18,59 -19,09 -157,103 1646317223
1 1 58 18,66 -19,34 -157,011 1646317224
1 1 58 18,84 -19,52 -156,993 1646317224
1 1 58 19,09 -19,59 -157,060 1646317224
1 1 58 19,34 -19,52 -157,072 1646317225
1 1 58 19,52 -19,34 -157,011 1646317225
1 1 59 23,38 -13,50 -157,011 1646317226
1 1 59 23,88 -13,50 -157,042 1646317226
1 1 59 23,82 -13,25 -157,072 1646317227
1 1 59 23,63 -13,07 -157,023 1646317227
1 1 59 23,38 -13,00 -157,048 1646317227
1 1 59 23,13 -13,07 -157,029 1646317228
1 1 59 22,95 -13,25 -157,066 1646317228
1 1 59 22,88 -13,50 -157,035 1646317229
1 1 59 22,95 -13,75 -157,078 1646317230
1 1 59 23,13 -13,93 -157,072 1646317230
1 1 59 23,38 -14,00 -156,993 1646317231
1 1 59 23,63 -13,93 -157,072 1646317231
1 1 59 23,82 -13,75 -157,066 1646317231
1 1 60 26,08 -6,99 -157,048 1646317232
1 1 60 26,58 -6,99 -157,035 1646317233
1 1 60 26,51 -6,74 -157,035 1646317233
1 1 60 26,33 -6,56 -157,023 1646317233
1 1 60 26,08 -6,49 -157,017 1646317234
1 1 60 25,83 -6,56 -157,060 1646317234
1 1 60 25,65 -6,74 -157,072 1646317235
1 1 60 25,58 -6,99 -157,103 1646317236
1 1 60 25,65 -7,24 -157,060 1646317236
1 1 60 25,83 -7,42 -157,035 1646317237
1 1 60 26,08 -7,49 -157,096 1646317237
1 1 60 26,33 -7,42 -156,999 1646317238
1 1 60 26,51 -7,24 -157,005 1646317238
