1 1 1 4,24 4,24 -157,066 1646315143
1 1 1 4,74 4,24 -157,054 1646315144
1 1 1 4,68 4,49 -157,066 1646315144
1 1 1 4,49 4,68 -157,060 1646315144
1 1 1 4,24 4,74 -157,078 1646315145
1 1 1 3,99 4,68 -157,072 1646315145
1 1 1 3,81 4,49 -157,048 1646315146
1 1 1 3,74 4,24 -157,084 1646315146
1 1 1 3,81 3,99 -157,090 1646315147
1 1 1 3,99 3,81 -157,121 1646315147
1 1 1 4,24 3,74 -157,035 1646315147
1 1 1 4,49 3,81 -157,042 1646315148
1 1 1 4,68 3,99 -157,072 1646315148
1 1 2 3,36 12,56 -157,035 1646315149
1 1 2 3,86 12,56 -157,084 1646315149
1 1 2 3,80 12,81 -157,121 1646315149
1 1 2 3,61 12,99 -156,974 1646315150
1 1 2 3,36 13,06 -157,090 1646315150
1 1 2 3,11 12,99 -157,072 1646315150
1 1 2 2,93 12,81 -157,023 1646315150
1 1 2 2,86 12,56 -157,103 1646315151
1 1 2 2,93 12,31 -157,017 1646315151
1 1 2 3,11 12,12 -157,035 1646315151
1 1 2 3,36 12,06 -157,054 1646315151
1 1 2 3,61 12,12 -157,048 1646315152
1 1 2 3,80 12,31 -157,066 1646315152
1 1 3 9,19 9,19 -157,035 1646315153
1 1 3 9,69 9,19 -157,084 1646315153
1 1 3 9,63 9,44 -157,066 1646315154
1 1 3 9,44 9,63 -157,066 1646315154
1 1 3 9,19 9,69 -157,121 1646315155
1 1 3 8,94 9,63 -157,023 1646315155
1 1 3 8,76 9,44 -157,035 1646315156
1 1 3 8,69 9,19 -157,078 1646315156
1 1 3 8,76 8,94 -157,029 1646315157
1 1 3 8,94 8,76 -157,060 1646315157
1 1 3 9,19 8,69 -157,048 1646315158
1 1 3 9,44 8,76 -157,060 1646315158
1 1 3 9,63 8,94 -157,096 1646315159
1 1 4 12,56 3,36 -157,121 1646315159
1 1 4 13,06 3,36 -157,066 1646315160
1 1 4 12,99 3,61 -157,042 1646315161
1 1 4 12,81 3,80 -157,048 1646315161
1 1 4 12,56 3,86 -157,042 1646315162
1 1 4 12,31 3,80 -157,078 1646315162
1 1 4 12,12 3,61 -157,078 1646315162
1 1 4 12,06 3,36 -157,096 1646315163
1 1 4 12,12 3,11 -157,084 1646315164
1 1 4 12,31 2,93 -157,072 1646315164
1 1 4 12,56 2,86 -157,127 1646315164
1 1 4 12,81 2,93 -157,060 1646315165
1 1 4 12,99 3,11 -157,011 1646315165
1 1 5 19,32 5,18 -157,054 1646315166
1 1 5 19,82 5,18 -157,096 1646315166
1 1 5 19,75 5,43 -157,103 1646315167
1 1 5 19,57 5,61 -157,042 1646315167
1 1 5 19,32 5,68 -157,048 1646315168
1 1 5 19,07 5,61 -157,060 1646315169
1 1 5 18,89 5,43 -157,084 1646315169
1 1 5 18,82 5,18 -157,054 1646315170
1 1 5 18,89 4,93 -157,048 1646315170
1 1 5 19,07 4,74 -157,005 1646315170
1 1 5 19,32 4,68 -157,042 1646315171
1 1 5 19,57 4,74 -156,950 1646315172
1 1 5 19,75 4,93 -157,054 1646315172
1 1 6 17,32 10,00 -157,017 1646315173
1 1 6 17,82 10,00 -157,084 1646315173
1 1 6 17,75 10,25 -157,066 1646315173
1 1 6 17,57 10,43 -157,078 1646315174
1 1 6 17,32 10,50 -157,035 1646315175
1 1 6 17,07 10,43 -157,054 1646315175
1 1 6 16,89 10,25 -157,060 1646315175
1 1 6 16,82 10,00 -157,048 1646315176
1 1 6 16,89 9,75 -157,048 1646315177
1 1 6 17,07 9,57 -157,090 1646315177
1 1 6 17,32 9,50 -157,072 1646315177
1 1 6 17,57 9,57 -157,035 1646315178
1 1 6 17,75 9,75 -157,084 1646315178
1 1 7 14,14 14,14 -157,042 1646315179
1 1 7 14,64 14,14 -157,072 1646315179
1 1 7 14,58 14,39 -157,048 1646315180
1 1 7 14,39 14,58 -157,072 1646315180
1 1 7 14,14 14,64 -157,060 1646315180
1 1 7 13,89 14,58 -157,066 1646315181
1 1 7 13,71 14,39 -157,060 1646315181
1 1 7 13,64 14,14 -157,011 1646315181
1 1 7 13,71 13,89 -157,054 1646315182
1 1 7 13,89 13,71 -157,072 1646315182
1 1 7 14,14 13,64 -157,133 1646315182
1 1 7 14,39 13,71 -157,029 1646315183
1 1 7 14,58 13,89 -157,066 1646315183
1 1 8 10,00 17,32 -157,072 1646315184
1 1 8 10,50 17,32 -157,066 1646315185
1 1 8 10,43 17,57 -157,072 1646315186
1 1 8 10,25 17,75 -157,066 1646315186
1 1 8 10,00 17,82 -157,078 1646315186
1 1 8 9,75 17,75 -157,090 1646315187
1 1 8 9,57 17,57 -157,054 1646315187
1 1 8 9,50 17,32 -157,060 1646315188
1 1 8 9,57 17,07 -157,127 1646315188
1 1 8 9,75 16,89 -157,078 1646315189
1 1 8 10,00 16,82 -157,054 1646315189
1 1 8 10,25 16,89 -157,072 1646315190
1 1 8 10,43 17,07 -157,078 1646315190
1 1 9 5,18 19,32 -157,084 1646315191
1 1 9 5,68 19,32 -157,005 1646315191
1 1 9 5,61 19,57 -157,084 1646315191
1 1 9 5,43 19,75 -157,005 1646315192
1 1 9 5,18 19,82 -157,072 1646315193
1 1 9 4,93 19,75 -157,084 1646315193
1 1 9 4,74 19,57 -157,029 1646315194
1 1 9 4,68 19,32 -157,066 1646315194
1 1 9 4,74 19,07 -157,072 1646315195
1 1 9 4,93 18,89 -157,072 1646315195
1 1 9 5,18 18,82 -157,048 1646315196
1 1 9 5,43 18,89 -157,096 1646315196
1 1 9 5,61 19,07 -157,103 1646315196
1 1 10 -5,18 19,32 -157,078 1646315198
1 1 10 -4,68 19,32 -157,072 1646315198
1 1 10 -4,74 19,57 -157,078 1646315199
1 1 10 -4,93 19,75 -157,060 1646315199
1 1 10 -5,18 19,82 -157,029 1646315200
1 1 10 -5,43 19,75 -157,103 1646315200
1 1 10 -5,61 19,57 -157,084 1646315201
1 1 10 -5,68 19,32 -157,048 1646315201
1 1 10 -5,61 19,07 -157,042 1646315202
1 1 10 -5,43 18,89 -157,090 1646315202
1 1 10 -5,18 18,82 -157,103 1646315203
1 1 10 -4,93 18,89 -157,060 1646315203
1 1 10 -4,74 19,07 -157,072 1646315203
1 1 11 -10,00 17,32 -157,096 1646315204
1 1 11 -9,50 17,32 -157,066 1646315205
1 1 11 -9,57 17,57 -157,096 1646315206
1 1 11 -9,75 17,75 -157,054 1646315206
1 1 11 -10,00 17,82 -157,103 1646315206
1 1 11 -10,25 17,75 -157,078 1646315207
1 1 11 -10,43 17,57 -157,054 1646315207
1 1 11 -10,50 17,32 -157,054 1646315208
1 1 11 -10,43 17,07 -157,035 1646315208
1 1 11 -10,25 16,89 -157,096 1646315209
1 1 11 -10,00 16,82 -157,096 1646315209
1 1 11 -9,75 16,89 -157,109 1646315210
1 1 11 -9,57 17,07 -157,078 1646315210
1 1 12 -14,14 14,14 -157,072 1646315211
1 1 12 -13,64 14,14 -157,054 1646315211
1 1 12 -13,71 14,39 -157,060 1646315211
1 1 12 -13,89 14,58 -157,072 1646315212
1 1 12 -14,14 14,64 -157,035 1646315212
1 1 12 -14,39 14,58 -157,035 1646315213
1 1 12 -14,58 14,39 -157,084 1646315213
1 1 12 -14,64 14,14 -157,035 1646315213
1 1 12 -14,58 13,89 -157,048 1646315214
1 1 12 -14,39 13,71 -157,035 1646315214
1 1 12 -14,14 13,64 -157,066 1646315215
1 1 12 -13,89 13,71 -157,078 1646315216
1 1 12 -13,71 13,89 -157,072 1646315216
1 1 13 -17,32 10,00 -157,121 1646315217
1 1 13 -16,82 10,00 -157,072 1646315217
1 1 13 -16,89 10,25 -157,060 1646315217
1 1 13 -17,07 10,43 -157,048 1646315218
1 1 13 -17,32 10,50 -157,023 1646315218
1 1 13 -17,57 10,43 -157,078 1646315219
1 1 13 -17,75 10,25 -157,096 1646315219
1 1 13 -17,82 10,00 -157,127 1646315220
1 1 13 -17,75 9,75 -157,096 1646315220
1 1 13 -17,57 9,57 -157,078 1646315221
1 1 13 -17,32 9,50 -157,078 1646315221
1 1 13 -17,07 9,57 -157,048 1646315222
1 1 13 -16,89 9,75 -157,096 1646315222
1 1 14 -19,32 5,18 -157,060 1646315223
1 1 14 -18,82 5,18 -157,017 1646315224
1 1 14 -18,89 5,43 -157,084 1646315224
1 1 14 -19,07 5,61 -157,042 1646315224
1 1 14 -19,32 5,68 -157,078 1646315225
1 1 14 -19,57 5,61 -157,133 1646315225
1 1 14 -19,75 5,43 -157,035 1646315226
1 1 14 -19,82 5,18 -157,035 1646315226
1 1 14 -19,75 4,93 -157,035 1646315227
1 1 14 -19,57 4,74 -156,993 1646315227
1 1 14 -19,32 4,68 -157,078 1646315228
1 1 14 -19,07 4,74 -157,060 1646315228
1 1 14 -18,89 4,93 -157,048 1646315229
1 1 15 -12,56 3,36 -157,060 1646315230
1 1 15 -12,06 3,36 -157,109 1646315230
1 1 15 -12,12 3,61 -157,060 1646315231
1 1 15 -12,31 3,80 -157,042 1646315231
1 1 15 -12,56 3,86 -157,090 1646315232
1 1 15 -12,81 3,80 -157,078 1646315232
1 1 15 -12,99 3,61 -157,054 1646315233
1 1 15 -13,06 3,36 -157,072 1646315233
1 1 15 -12,99 3,11 -157,060 1646315234
1 1 15 -12,81 2,93 -157,023 1646315234
1 1 15 -12,56 2,86 -157,060 1646315235
1 1 15 -12,31 2,93 -157,060 1646315235
1 1 15 -12,12 3,11 -157,060 1646315235
1 1 16 -9,19 9,19 -157,090 1646315236
1 1 16 -8,69 9,19 -157,054 1646315237
1 1 16 -8,76 9,44 -157,060 1646315237
1 1 16 -8,94 9,63 -157,084 1646315238
1 1 16 -9,19 9,69 -157,060 1646315238
1 1 16 -9,44 9,63 -157,035 1646315239
1 1 16 -9,63 9,44 -157,090 1646315239
1 1 16 -9,69 9,19 -156,999 1646315240
1 1 16 -9,63 8,94 -157,060 1646315240
1 1 16 -9,44 8,76 -157,090 1646315240
1 1 16 -9,19 8,69 -157,042 1646315241
1 1 16 -8,94 8,76 -157,029 1646315242
1 1 16 -8,76 8,94 -157,096 1646315242
1 1 17 -3,36 12,56 -157,005 1646315243
1 1 17 -2,86 12,56 -157,035 1646315243
1 1 17 -2,93 12,81 -157,042 1646315243
1 1 17 -3,11 12,99 -157,103 1646315244
1 1 17 -3,36 13,06 -157,029 1646315244
1 1 17 -3,61 12,99 -157,035 1646315244
1 1 17 -3,80 12,81 -157,035 1646315245
1 1 17 -3,86 12,56 -157,060 1646315245
1 1 17 -3,80 12,31 -157,072 1646315245
1 1 17 -3,61 12,12 -157,035 1646315246
1 1 17 -3,36 12,06 -157,066 1646315246
1 1 17 -3,11 12,12 -157,072 1646315247
1 1 17 -2,93 12,31 -157,042 1646315247
1 1 18 -4,24 4,24 -157,072 1646315248
1 1 18 -3,74 4,24 -157,042 1646315248
1 1 18 -3,81 4,49 -157,078 1646315249
1 1 18 -3,99 4,68 -157,072 1646315249
1 1 18 -4,24 4,74 -157,072 1646315250
1 1 18 -4,49 4,68 -157,042 1646315250
1 1 18 -4,68 4,49 -157,035 1646315250
1 1 18 -4,74 4,24 -157,072 1646315251
1 1 18 -4,68 3,99 -157,109 1646315251
1 1 18 -4,49 3,81 -157,084 1646315251
1 1 18 -4,24 3,74 -157,072 1646315252
1 1 18 -3,99 3,81 -157,084 1646315252
1 1 18 -3,81 3,99 -157,066 1646315253
1 1 19 -4,24 -4,24 -157,078 1646315254
1 1 19 -3,74 -4,24 -157,078 1646315254
1 1 19 -3,81 -3,99 -157,096 1646315255
1 1 19 -3,99 -3,81 -157,017 1646315255
1 1 19 -4,24 -3,74 -157,054 1646315256
1 1 19 -4,49 -3,81 -157,054 1646315256
1 1 19 -4,68 -3,99 -157,048 1646315257
1 1 19 -4,74 -4,24 -157,060 1646315257
1 1 19 -4,68 -4,49 -157,054 1646315258
1 1 19 -4,49 -4,68 -157,090 1646315258
1 1 19 -4,24 -4,74 -157,066 1646315259
1 1 19 -3,99 -4,68 -157,170 1646315259
1 1 19 -3,81 -4,49 -157,035 1646315259
1 1 20 -3,36 -12,56 -157,066 1646315260
1 1 20 -2,86 -12,56 -157,078 1646315261
1 1 20 -2,93 -12,31 -157,035 1646315261
1 1 20 -3,11 -12,12 -157,072 1646315262
1 1 20 -3,36 -12,06 -157,121 1646315262
1 1 20 -3,61 -12,12 -157,017 1646315263
1 1 20 -3,80 -12,31 -157,011 1646315263
1 1 20 -3,86 -12,56 -157,042 1646315264
1 1 20 -3,80 -12,81 -156,999 1646315264
1 1 20 -3,61 -12,99 -157,096 1646315265
1 1 20 -3,36 -13,06 -157,096 1646315265
1 1 20 -3,11 -12,99 -157,078 1646315266
1 1 20 -2,93 -12,81 -157,042 1646315266
1 1 21 -9,19 -9,19 -157,109 1646315267
1 1 21 -8,69 -9,19 -157,042 1646315267
1 1 21 -8,76 -8,94 -157,109 1646315268
1 1 21 -8,94 -8,76 -157,017 1646315268
1 1 21 -9,19 -8,69 -156,706 1646315269
1 1 21 -9,44 -8,76 -157,054 1646315270
1 1 21 -9,63 -8,94 -157,042 1646315270
1 1 21 -9,69 -9,19 -157,072 1646315271
1 1 21 -9,63 -9,44 -157,048 1646315271
1 1 21 -9,44 -9,63 -157,060 1646315271
1 1 21 -9,19 -9,69 -157,060 1646315272
1 1 21 -8,94 -9,63 -157,035 1646315272
1 1 21 -8,76 -9,44 -157,048 1646315273
1 1 22 -12,56 -3,36 -157,127 1646315274
1 1 22 -12,06 -3,36 -157,017 1646315274
1 1 22 -12,12 -3,11 -157,072 1646315274
1 1 22 -12,31 -2,93 -157,084 1646315275
1 1 22 -12,56 -2,86 -156,999 1646315276
1 1 22 -12,81 -2,93 -157,042 1646315276
1 1 22 -12,99 -3,11 -157,042 1646315276
1 1 22 -13,06 -3,36 -157,078 1646315277
1 1 22 -12,99 -3,61 -157,042 1646315277
1 1 22 -12,81 -3,80 -157,060 1646315278
1 1 22 -12,56 -3,86 -157,054 1646315278
1 1 22 -12,31 -3,80 -157,072 1646315279
1 1 22 -12,12 -3,61 -157,005 1646315279
1 1 23 -19,32 -5,18 -157,078 1646315280
1 1 23 -18,82 -5,18 -157,054 1646315281
1 1 23 -18,89 -4,93 -157,029 1646315281
1 1 23 -19,07 -4,74 -157,060 1646315281
1 1 23 -19,32 -4,68 -157,066 1646315282
1 1 23 -19,57 -4,74 -157,084 1646315282
1 1 23 -19,75 -4,93 -157,029 1646315282
1 1 23 -19,82 -5,18 -157,042 1646315283
1 1 23 -19,75 -5,43 -157,078 1646315283
1 1 23 -19,57 -5,61 -157,066 1646315284
1 1 23 -19,32 -5,68 -157,066 1646315284
1 1 23 -19,07 -5,61 -157,096 1646315285
1 1 23 -18,89 -5,43 -157,035 1646315285
1 1 24 -17,32 -10,00 -157,048 1646315286
1 1 24 -16,82 -10,00 -157,072 1646315286
1 1 24 -16,89 -9,75 -157,072 1646315287
1 1 24 -17,07 -9,57 -157,066 1646315287
1 1 24 -17,32 -9,50 -157,072 1646315288
1 1 24 -17,57 -9,57 -157,096 1646315289
1 1 24 -17,75 -9,75 -157,121 1646315289
1 1 24 -17,82 -10,00 -157,096 1646315289
1 1 24 -17,75 -10,25 -157,054 1646315290
1 1 24 -17,57 -10,43 -157,035 1646315290
1 1 24 -17,32 -10,50 -157,121 1646315291
1 1 24 -17,07 -10,43 -157,084 1646315291
1 1 24 -16,89 -10,25 -157,084 1646315292
1 1 25 -14,14 -14,14 -157,048 1646315292
1 1 25 -13,64 -14,14 -157,060 1646315293
1 1 25 -13,71 -13,89 -157,078 1646315294
1 1 25 -13,89 -13,71 -157,029 1646315294
1 1 25 -14,14 -13,64 -157,060 1646315294
1 1 25 -14,39 -13,71 -157,029 1646315295
1 1 25 -14,58 -13,89 -157,066 1646315295
1 1 25 -14,64 -14,14 -157,060 1646315296
1 1 25 -14,58 -14,39 -157,072 1646315297
1 1 25 -14,39 -14,58 -157,090 1646315297
1 1 25 -14,14 -14,64 -157,078 1646315297
1 1 25 -13,89 -14,58 -157,103 1646315298
1 1 25 -13,71 -14,39 -157,096 1646315298
1 1 26 -10,00 -17,32 -157,048 1646315299
1 1 26 -9,50 -17,32 -157,078 1646315299
1 1 26 -9,57 -17,07 -157,035 1646315300
1 1 26 -9,75 -16,89 -157,072 1646315300
1 1 26 -10,00 -16,82 -157,090 1646315300
1 1 26 -10,25 -16,89 -157,023 1646315301
1 1 26 -10,43 -17,07 -157,042 1646315301
1 1 26 -10,50 -17,32 -157,042 1646315301
1 1 26 -10,43 -17,57 -157,011 1646315302
1 1 26 -10,25 -17,75 -157,054 1646315302
1 1 26 -10,00 -17,82 -157,084 1646315302
1 1 26 -9,75 -17,75 -157,072 1646315303
1 1 26 -9,57 -17,57 -157,078 1646315303
1 1 27 -5,18 -19,32 -157,096 1646315304
1 1 27 -4,68 -19,32 -157,096 1646315305
1 1 27 -4,74 -19,07 -157,078 1646315305
1 1 27 -4,93 -18,89 -157,042 1646315305
1 1 27 -5,18 -18,82 -157,029 1646315306
1 1 27 -5,43 -18,89 -157,090 1646315307
1 1 27 -5,61 -19,07 -157,060 1646315307
1 1 27 -5,68 -19,32 -157,048 1646315307
1 1 27 -5,61 -19,57 -157,096 1646315308
1 1 27 -5,43 -19,75 -157,017 1646315308
1 1 27 -5,18 -19,82 -157,060 1646315309
1 1 27 -4,93 -19,75 -157,078 1646315309
1 1 27 -4,74 -19,57 -157,060 1646315310
1 1 28 5,18 -19,32 -157,035 1646315311
1 1 28 5,68 -19,32 -157,060 1646315311
1 1 28 5,61 -19,07 -157,066 1646315311
1 1 28 5,43 -18,89 -157,042 1646315312
1 1 28 5,18 -18,82 -157,115 1646315312
1 1 28 4,93 -18,89 -157,042 1646315312
1 1 28 4,74 -19,07 -157,060 1646315313
1 1 28 4,68 -19,32 -157,035 1646315313
1 1 28 4,74 -19,57 -157,042 1646315313
1 1 28 4,93 -19,75 -157,072 1646315314
1 1 28 5,18 -19,82 -157,096 1646315315
1 1 28 5,43 -19,75 -157,090 1646315315
1 1 28 5,61 -19,57 -157,072 1646315316
1 1 29 10,00 -17,32 -157,072 1646315316
1 1 29 10,50 -17,32 -156,883 1646315317
1 1 29 10,43 -17,07 -157,078 1646315317
1 1 29 10,25 -16,89 -157,121 1646315318
1 1 29 10,00 -16,82 -157,042 1646315318
1 1 29 9,75 -16,89 -157,066 1646315319
1 1 29 9,57 -17,07 -156,999 1646315319
1 1 29 9,50 -17,32 -156,999 1646315320
1 1 29 9,57 -17,57 -157,066 1646315320
1 1 29 9,75 -17,75 -157,029 1646315321
1 1 29 10,00 -17,82 -156,974 1646315321
1 1 29 10,25 -17,75 -157,060 1646315322
1 1 29 10,43 -17,57 -157,060 1646315322
1 1 30 14,14 -14,14 -157,042 1646315323
1 1 30 14,64 -14,14 -157,066 1646315323
1 1 30 14,58 -13,89 -157,072 1646315324
1 1 30 14,39 -13,71 -157,078 1646315324
1 1 30 14,14 -13,64 -156,962 1646315325
1 1 30 13,89 -13,71 -157,042 1646315325
1 1 30 13,71 -13,89 -157,048 1646315326
1 1 30 13,64 -14,14 -157,042 1646315326
1 1 30 13,71 -14,39 -157,042 1646315327
1 1 30 13,89 -14,58 -157,035 1646315327
1 1 30 14,14 -14,64 -157,072 1646315328
1 1 30 14,39 -14,58 -157,096 1646315328
1 1 30 14,58 -14,39 -157,072 1646315328
1 1 31 17,32 -10,00 -157,078 1646315329
1 1 31 17,82 -10,00 -157,084 1646315330
1 1 31 17,75 -9,75 -157,090 1646315331
1 1 31 17,57 -9,57 -157,029 1646315331
1 1 31 17,32 -9,50 -157,090 1646315331
1 1 31 17,07 -9,57 -157,035 1646315332
1 1 31 16,89 -9,75 -157,066 1646315332
1 1 31 16,82 -10,00 -157,060 1646315333
1 1 31 16,89 -10,25 -157,054 1646315333
1 1 31 17,07 -10,43 -157,042 1646315334
1 1 31 17,32 -10,50 -157,145 1646315334
1 1 31 17,57 -10,43 -157,072 1646315335
1 1 31 17,75 -10,25 -157,017 1646315335
1 1 32 19,32 -5,18 -157,096 1646315336
1 1 32 19,82 -5,18 -157,023 1646315336
1 1 32 19,75 -4,93 -157,066 1646315337
1 1 32 19,57 -4,74 -157,035 1646315337
1 1 32 19,32 -4,68 -157,054 1646315338
1 1 32 19,07 -4,74 -157,011 1646315339
1 1 32 18,89 -4,93 -157,029 1646315339
1 1 32 18,82 -5,18 -157,060 1646315339
1 1 32 18,89 -5,43 -157,084 1646315340
1 1 32 19,07 -5,61 -157,054 1646315340
1 1 32 19,32 -5,68 -157,042 1646315341
1 1 32 19,57 -5,61 -157,048 1646315341
1 1 32 19,75 -5,43 -157,109 1646315341
1 1 33 12,56 -3,36 -156,999 1646315342
1 1 33 13,06 -3,36 -157,023 1646315343
1 1 33 12,99 -3,11 -157,023 1646315344
1 1 33 12,81 -2,93 -157,072 1646315344
1 1 33 12,56 -2,86 -157,042 1646315344
1 1 33 12,31 -2,93 -157,109 1646315345
1 1 33 12,12 -3,11 -157,035 1646315345
1 1 33 12,06 -3,36 -157,048 1646315346
1 1 33 12,12 -3,61 -156,987 1646315346
1 1 33 12,31 -3,80 -157,005 1646315347
1 1 33 12,56 -3,86 -157,011 1646315347
1 1 33 12,81 -3,80 -157,042 1646315348
1 1 33 12,99 -3,61 -157,084 1646315348
1 1 34 9,19 -9,19 -157,029 1646315349
1 1 34 9,69 -9,19 -157,035 1646315349
1 1 34 9,63 -8,94 -157,060 1646315350
1 1 34 9,44 -8,76 -157,035 1646315350
1 1 34 9,19 -8,69 -157,103 1646315351
1 1 34 8,94 -8,76 -157,090 1646315352
1 1 34 8,76 -8,94 -157,023 1646315352
1 1 34 8,69 -9,19 -157,029 1646315352
1 1 34 8,76 -9,44 -156,993 1646315353
1 1 34 8,94 -9,63 -157,084 1646315353
1 1 34 9,19 -9,69 -157,060 1646315354
1 1 34 9,44 -9,63 -157,060 1646315354
1 1 34 9,63 -9,44 -157,072 1646315355
1 1 35 3,36 -12,56 -157,072 1646315355
1 1 35 3,86 -12,56 -156,993 1646315356
1 1 35 3,80 -12,31 -157,121 1646315356
1 1 35 3,61 -12,12 -157,023 1646315356
1 1 35 3,36 -12,06 -157,072 1646315357
1 1 35 3,11 -12,12 -157,103 1646315357
1 1 35 2,93 -12,31 -157,054 1646315357
1 1 35 2,86 -12,56 -156,999 1646315358
1 1 35 2,93 -12,81 -157,035 1646315358
1 1 35 3,11 -12,99 -156,999 1646315359
1 1 35 3,36 -13,06 -157,017 1646315359
1 1 35 3,61 -12,99 -157,090 1646315359
1 1 35 3,80 -12,81 -157,048 1646315360
1 1 36 4,24 -4,24 -157,096 1646315361
1 1 36 4,74 -4,24 -157,054 1646315361
1 1 36 4,68 -3,99 -157,029 1646315362
1 1 36 4,49 -3,81 -156,999 1646315362
1 1 36 4,24 -3,74 -157,072 1646315363
1 1 36 3,99 -3,81 -157,060 1646315364
1 1 36 3,81 -3,99 -157,023 1646315364
1 1 36 3,74 -4,24 -157,054 1646315365
1 1 36 3,81 -4,49 -157,084 1646315365
1 1 36 3,99 -4,68 -157,060 1646315365
1 1 36 4,24 -4,74 -157,090 1646315366
1 1 36 4,49 -4,68 -157,103 1646315367
1 1 36 4,68 -4,49 -157,054 1646315367
1 1 37 27,00 0,00 -157,078 1646315368
1 1 37 27,50 0,00 -157,023 1646315369
1 1 37 27,43 0,25 -157,072 1646315369
1 1 37 27,25 0,43 -157,066 1646315370
1 1 37 27,00 0,50 -157,072 1646315370
1 1 37 26,75 0,43 -157,048 1646315371
1 1 37 26,57 0,25 -157,078 1646315371
1 1 37 26,50 0,00 -157,072 1646315372
1 1 37 26,57 -0,25 -157,072 1646315372
1 1 37 26,75 -0,43 -157,054 1646315373
1 1 37 27,00 -0,50 -157,103 1646315373
1 1 37 27,25 -0,43 -157,072 1646315374
1 1 37 27,43 -0,25 -157,133 1646315374
1 1 38 26,08 6,99 -157,090 1646315375
1 1 38 26,58 6,99 -157,017 1646315375
1 1 38 26,51 7,24 -157,042 1646315376
1 1 38 26,33 7,42 -157,072 1646315376
1 1 38 26,08 7,49 -157,066 1646315377
1 1 38 25,83 7,42 -157,066 1646315378
1 1 38 25,65 7,24 -157,029 1646315378
1 1 38 25,58 6,99 -157,035 1646315378
1 1 38 25,65 6,74 -157,072 1646315379
1 1 38 25,83 6,56 -157,035 1646315379
1 1 38 26,08 6,49 -157,035 1646315380
1 1 38 26,33 6,56 -157,078 1646315380
1 1 38 26,51 6,74 -157,072 1646315381
1 1 39 23,38 13,50 -157,066 1646315382
1 1 39 23,88 13,50 -157,078 1646315382
1 1 39 23,82 13,75 -157,084 1646315383
1 1 39 23,63 13,93 -157,060 1646315383
1 1 39 23,38 14,00 -157,109 1646315384
1 1 39 23,13 13,93 -157,066 1646315384
1 1 39 22,95 13,75 -157,078 1646315384
1 1 39 22,88 13,50 -157,096 1646315385
1 1 39 22,95 13,25 -157,029 1646315386
1 1 39 23,13 13,07 -157,017 1646315386
1 1 39 23,38 13,00 -157,005 1646315386
1 1 39 23,63 13,07 -157,151 1646315387
1 1 39 23,82 13,25 -157,084 1646315387
1 1 40 19,09 19,09 -157,103 1646315388
1 1 40 19,59 19,09 -157,048 1646315388
1 1 40 19,52 19,34 -157,072 1646315389
1 1 40 19,34 19,52 -157,072 1646315389
1 1 40 19,09 19,59 -157,054 1646315390
1 1 40 18,84 19,52 -157,090 1646315390
1 1 40 18,66 19,34 -157,011 1646315390
1 1 40 18,59 19,09 -157,005 1646315391
1 1 40 18,66 18,84 -157,054 1646315391
1 1 40 18,84 18,66 -157,023 1646315392
1 1 40 19,09 18,59 -157,029 1646315392
1 1 40 19,34 18,66 -157,072 1646315393
1 1 40 19,52 18,84 -157,084 1646315393
1 1 41 13,50 23,38 -157,072 1646315394
1 1 41 14,00 23,38 -157,042 1646315395
1 1 41 13,93 23,63 -157,060 1646315395
1 1 41 13,75 23,82 -157,096 1646315395
1 1 41 13,50 23,88 -157,054 1646315396
1 1 41 13,25 23,82 -157,048 1646315397
1 1 41 13,07 23,63 -157,090 1646315397
1 1 41 13,00 23,38 -157,078 1646315397
1 1 41 13,07 23,13 -157,042 1646315398
1 1 41 13,25 22,95 -157,103 1646315398
1 1 41 13,50 22,88 -157,035 1646315399
1 1 41 13,75 22,95 -157,072 1646315399
1 1 41 13,93 23,13 -157,054 1646315400
1 1 42 6,99 26,08 -157,078 1646315401
1 1 42 7,49 26,08 -156,987 1646315401
1 1 42 7,42 26,33 -157,011 1646315401
1 1 42 7,24 26,51 -157,035 1646315402
1 1 42 6,99 26,58 -157,115 1646315402
1 1 42 6,74 26,51 -157,048 1646315403
1 1 42 6,56 26,33 -156,999 1646315403
1 1 42 6,49 26,08 -157,042 1646315404
1 1 42 6,56 25,83 -157,054 1646315404
1 1 42 6,74 25,65 -157,103 1646315404
1 1 42 6,99 25,58 -157,072 1646315405
1 1 42 7,24 25,65 -157,060 1646315405
1 1 42 7,42 25,83 -157,072 1646315406
1 1 43 0,00 27,00 -157,042 1646315407
1 1 43 0,50 27,00 -157,078 1646315407
1 1 43 0,43 27,25 -157,042 1646315408
1 1 43 0,25 27,43 -157,054 1646315409
1 1 43 0,00 27,50 -157,023 1646315409
1 1 43 -0,25 27,43 -157,029 1646315410
1 1 43 -0,43 27,25 -157,042 1646315410
1 1 43 -0,50 27,00 -156,968 1646315410
1 1 43 -0,43 26,75 -157,096 1646315411
1 1 43 -0,25 26,57 -157,054 1646315411
1 1 43 0,00 26,50 -157,035 1646315412
1 1 43 0,25 26,57 -157,054 1646315413
1 1 43 0,43 26,75 -157,109 1646315413
1 1 44 -6,99 26,08 -157,048 1646315414
1 1 44 -6,49 26,08 -157,060 1646315414
1 1 44 -6,56 26,33 -157,090 1646315415
1 1 44 -6,74 26,51 -157,078 1646315415
1 1 44 -6,99 26,58 -157,072 1646315416
1 1 44 -7,24 26,51 -157,060 1646315416
1 1 44 -7,42 26,33 -157,084 1646315417
1 1 44 -7,49 26,08 -157,078 1646315417
1 1 44 -7,42 25,83 -157,029 1646315418
1 1 44 -7,24 25,65 -157,060 1646315418
1 1 44 -6,99 25,58 -157,060 1646315419
1 1 44 -6,74 25,65 -157,103 1646315419
1 1 44 -6,56 25,83 -157,096 1646315420
1 1 45 -13,50 23,38 -157,042 1646315420
1 1 45 -13,00 23,38 -157,072 1646315421
1 1 45 -13,07 23,63 -157,084 1646315421
1 1 45 -13,25 23,82 -157,084 1646315422
1 1 45 -13,50 23,88 -157,060 1646315422
1 1 45 -13,75 23,82 -157,127 1646315422
1 1 45 -13,93 23,63 -157,060 1646315423
1 1 45 -14,00 23,38 -157,158 1646315424
1 1 45 -13,93 23,13 -157,042 1646315424
1 1 45 -13,75 22,95 -157,090 1646315424
1 1 45 -13,50 22,88 -157,078 1646315425
1 1 45 -13,25 22,95 -157,078 1646315426
1 1 45 -13,07 23,13 -157,078 1646315426
1 1 46 -19,09 19,09 -157,060 1646315427
1 1 46 -18,59 19,09 -157,109 1646315427
1 1 46 -18,66 19,34 -157,121 1646315428
1 1 46 -18,84 19,52 -157,078 1646315428
1 1 46 -19,09 19,59 -157,072 1646315429
1 1 46 -19,34 19,52 -157,072 1646315430
1 1 46 -19,52 19,34 -157,060 1646315430
1 1 46 -19,59 19,09 -157,090 1646315430
1 1 46 -19,52 18,84 -157,072 1646315431
1 1 46 -19,34 18,66 -157,096 1646315431
1 1 46 -19,09 18,59 -157,042 1646315432
1 1 46 -18,84 18,66 -157,115 1646315432
1 1 46 -18,66 18,84 -157,084 1646315433
1 1 47 -23,38 13,50 -157,072 1646315433
1 1 47 -22,88 13,50 -157,054 1646315434
1 1 47 -22,95 13,75 -157,096 1646315435
1 1 47 -23,13 13,93 -157,072 1646315435
1 1 47 -23,38 14,00 -157,103 1646315435
1 1 47 -23,63 13,93 -157,048 1646315436
1 1 47 -23,82 13,75 -157,078 1646315436
1 1 47 -23,88 13,50 -157,084 1646315437
1 1 47 -23,82 13,25 -157,084 1646315438
1 1 47 -23,63 13,07 -157,096 1646315438
1 1 47 -23,38 13,00 -157,078 1646315438
1 1 47 -23,13 13,07 -157,084 1646315439
1 1 47 -22,95 13,25 -157,060 1646315439
1 1 48 -26,08 6,99 -157,090 1646315440
1 1 48 -25,58 6,99 -157,133 1646315441
1 1 48 -25,65 7,24 -157,060 1646315441
1 1 48 -25,83 7,42 -157,096 1646315442
1 1 48 -26,08 7,49 -157,090 1646315442
1 1 48 -26,33 7,42 -157,048 1646315443
1 1 48 -26,51 7,24 -157,072 1646315443
1 1 48 -26,58 6,99 -157,103 1646315444
1 1 48 -26,51 6,74 -157,060 1646315444
1 1 48 -26,33 6,56 -157,005 1646315445
1 1 48 -26,08 6,49 -157,035 1646315445
1 1 48 -25,83 6,56 -157,035 1646315446
1 1 48 -25,65 6,74 -157,096 1646315446
1 1 49 -27,00 0,00 -157,066 1646315447
1 1 49 -26,50 0,00 -157,084 1646315448
1 1 49 -26,57 0,25 -157,048 1646315448
1 1 49 -26,75 0,43 -157,042 1646315448
1 1 49 -27,00 0,50 -157,054 1646315449
1 1 49 -27,25 0,43 -157,078 1646315450
1 1 49 -27,43 0,25 -157,005 1646315450
1 1 49 -27,50 0,00 -157,072 1646315450
1 1 49 -27,43 -0,25 -157,054 1646315451
1 1 49 -27,25 -0,43 -157,066 1646315451
1 1 49 -27,00 -0,50 -157,072 1646315452
1 1 49 -26,75 -0,43 -157,096 1646315452
1 1 49 -26,57 -0,25 -157,060 1646315453
1 1 50 -26,08 -6,99 -157,109 1646315454
1 1 50 -25,58 -6,99 -157,060 1646315454
1 1 50 -25,65 -6,74 -157,048 1646315454
1 1 50 -25,83 -6,56 -157,084 1646315455
1 1 50 -26,08 -6,49 -157,066 1646315455
1 1 50 -26,33 -6,56 -157,115 1646315455
1 1 50 -26,51 -6,74 -157,035 1646315456
1 1 50 -26,58 -6,99 -157,054 1646315456
1 1 50 -26,51 -7,24 -157,084 1646315456
1 1 50 -26,33 -7,42 -157,127 1646315457
1 1 50 -26,08 -7,49 -157,109 1646315457
1 1 50 -25,83 -7,42 -157,109 1646315457
1 1 50 -25,65 -7,24 -157,096 1646315458
1 1 51 -23,38 -13,50 -157,029 1646315459
1 1 51 -22,88 -13,50 -157,096 1646315459
1 1 51 -22,95 -13,25 -157,066 1646315460
1 1 51 -23,13 -13,07 -157,060 1646315460
1 1 51 -23,38 -13,00 -157,054 1646315461
1 1 51 -23,63 -13,07 -157,060 1646315461
1 1 51 -23,82 -13,25 -157,109 1646315462
1 1 51 -23,88 -13,50 -157,096 1646315462
1 1 51 -23,82 -13,75 -157,072 1646315463
1 1 51 -23,63 -13,93 -157,078 1646315463
1 1 51 -23,38 -14,00 -157,035 1646315464
1 1 51 -23,13 -13,93 -157,029 1646315464
1 1 51 -22,95 -13,75 -157,096 1646315465
1 1 52 -19,09 -19,09 -157,005 1646315466
1 1 52 -18,59 -19,09 -157,060 1646315466
1 1 52 -18,66 -18,84 -157,127 1646315467
1 1 52 -18,84 -18,66 -157,005 1646315467
1 1 52 -19,09 -18,59 -157,048 1646315468
1 1 52 -19,34 -18,66 -157,035 1646315468
1 1 52 -19,52 -18,84 -157,066 1646315469
1 1 52 -19,59 -19,09 -157,072 1646315469
1 1 52 -19,52 -19,34 -157,072 1646315470
1 1 52 -19,34 -19,52 -157,035 1646315470
1 1 52 -19,09 -19,59 -157,017 1646315471
1 1 52 -18,84 -19,52 -157,042 1646315471
1 1 52 -18,66 -19,34 -157,090 1646315471
1 1 53 -13,50 -23,38 -157,060 1646315472
1 1 53 -13,00 -23,38 -157,072 1646315473
1 1 53 -13,07 -23,13 -157,066 1646315473
1 1 53 -13,25 -22,95 -157,060 1646315473
1 1 53 -13,50 -22,88 -157,035 1646315474
1 1 53 -13,75 -22,95 -157,017 1646315474
1 1 53 -13,93 -23,13 -157,035 1646315475
1 1 53 -14,00 -23,38 -156,999 1646315475
1 1 53 -13,93 -23,63 -157,072 1646315476
1 1 53 -13,75 -23,82 -156,981 1646315476
1 1 53 -13,50 -23,88 -157,029 1646315477
1 1 53 -13,25 -23,82 -157,060 1646315477
1 1 53 -13,07 -23,63 -157,060 1646315478
1 1 54 -6,99 -26,08 -157,023 1646315479
1 1 54 -6,49 -26,08 -157,103 1646315479
1 1 54 -6,56 -25,83 -157,072 1646315480
1 1 54 -6,74 -25,65 -157,035 1646315480
1 1 54 -6,99 -25,58 -157,048 1646315481
1 1 54 -7,24 -25,65 -157,060 1646315481
1 1 54 -7,42 -25,83 -157,060 1646315481
1 1 54 -7,49 -26,08 -157,054 1646315481
1 1 54 -7,42 -26,33 -156,999 1646315482
1 1 54 -7,24 -26,51 -157,090 1646315482
1 1 54 -6,99 -26,58 -157,023 1646315482
1 1 54 -6,74 -26,51 -157,072 1646315482
1 1 54 -6,56 -26,33 -157,078 1646315482
1 1 55 -0,00 -27,00 -157,078 1646315483
1 1 55 0,50 -27,00 -157,054 1646315484
1 1 55 0,43 -26,75 -157,048 1646315484
1 1 55 0,25 -26,57 -157,066 1646315484
1 1 55 -0,00 -26,50 -156,999 1646315484
1 1 55 -0,25 -26,57 -157,017 1646315485
1 1 55 -0,43 -26,75 -157,072 1646315485
1 1 55 -0,50 -27,00 -157,042 1646315485
1 1 55 -0,43 -27,25 -157,029 1646315486
1 1 55 -0,25 -27,43 -156,981 1646315486
1 1 55 -0,00 -27,50 -157,017 1646315487
1 1 55 0,25 -27,43 -156,999 1646315487
1 1 55 0,43 -27,25 -157,011 1646315488
1 1 56 6,99 -26,08 -157,054 1646315488
1 1 56 7,49 -26,08 -157,054 1646315489
1 1 56 7,42 -25,83 -157,029 1646315489
1 1 56 7,24 -25,65 -157,048 1646315490
1 1 56 6,99 -25,58 -157,042 1646315490
1 1 56 6,74 -25,65 -157,035 1646315491
1 1 56 6,56 -25,83 -157,023 1646315491
1 1 56 6,49 -26,08 -157,054 1646315492
1 1 56 6,56 -26,33 -157,023 1646315492
1 1 56 6,74 -26,51 -157,011 1646315493
1 1 56 6,99 -26,58 -157,084 1646315493
1 1 56 7,24 -26,51 -157,042 1646315494
1 1 56 7,42 -26,33 -157,023 1646315494
1 1 57 13,50 -23,38 -157,084 1646315495
1 1 57 14,00 -23,38 -157,005 1646315496
1 1 57 13,93 -23,13 -157,035 1646315496
1 1 57 13,75 -22,95 -157,042 1646315496
1 1 57 13,50 -22,88 -157,066 1646315497
1 1 57 13,25 -22,95 -157,048 1646315498
1 1 57 13,07 -23,13 -157,035 1646315498
1 1 57 13,00 -23,38 -157,042 1646315498
1 1 57 13,07 -23,63 -157,066 1646315499
1 1 57 13,25 -23,82 -157,078 1646315499
1 1 57 13,50 -23,88 -157,084 1646315500
1 1 57 13,75 -23,82 -157,078 1646315500
1 1 57 13,93 -23,63 -157,029 1646315501
1 1 58 19,09 -19,09 -157,072 1646315502
1 1 58 19,59 -19,09 -157,017 1646315502
1 1 58 19,52 -18,84 -157,078 1646315502
1 1 58 19,34 -18,66 -157,029 1646315503
1 1 58 19,09 -18,59 -157,054 1646315503
1 1 58 18,84 -18,66 -156,999 1646315503
1 1 58 18,66 -18,84 -157,060 1646315504
1 1 58 18,59 -19,09 -157,096 1646315504
1 1 58 18,66 -19,34 -157,029 1646315504
1 1 58 18,84 -19,52 -157,011 1646315505
1 1 58 19,09 -19,59 -157,060 1646315506
1 1 58 19,34 -19,52 -157,090 1646315506
1 1 58 19,52 -19,34 -157,072 1646315506
1 1 59 23,38 -13,50 -157,042 1646315507
1 1 59 23,88 -13,50 -157,078 1646315508
1 1 59 23,82 -13,25 -157,078 1646315508
1 1 59 23,63 -13,07 -157,054 1646315509
1 1 59 23,38 -13,00 -157,035 1646315509
1 1 59 23,13 -13,07 -157,035 1646315510
1 1 59 22,95 -13,25 -157,029 1646315510
1 1 59 22,88 -13,50 -157,072 1646315511
1 1 59 22,95 -13,75 -157,078 1646315511
1 1 59 23,13 -13,93 -157,060 1646315511
1 1 59 23,38 -14,00 -157,035 1646315512
1 1 59 23,63 -13,93 -157,072 1646315513
1 1 59 23,82 -13,75 -157,042 1646315513
1 1 60 26,08 -6,99 -157,060 1646315514
1 1 60 26,58 -6,99 -157,090 1646315514
1 1 60 26,51 -6,74 -157,042 1646315515
1 1 60 26,33 -6,56 -157,048 1646315515
1 1 60 26,08 -6,49 -157,023 1646315516
1 1 60 25,83 -6,56 -157,084 1646315516
1 1 60 25,65 -6,74 -157,084 1646315517
1 1 60 25,58 -6,99 -157,072 1646315517
1 1 60 25,65 -7,24 -157,060 1646315518
1 1 60 25,83 -7,42 -156,987 1646315518
1 1 60 26,08 -7,49 -157,072 1646315519
1 1 60 26,33 -7,42 -157,011 1646315519
1 1 60 26,51 -7,24 -157,048 1646315519
