1 1 1 4,24 4,24 -157,078 1646316677
1 1 1 4,74 4,24 -157,048 1646316677
1 1 1 4,68 4,49 -157,054 1646316677
1 1 1 4,49 4,68 -157,048 1646316678
1 1 1 4,24 4,74 -157,035 1646316678
1 1 1 3,99 4,68 -157,060 1646316678
1 1 1 3,81 4,49 -157,035 1646316679
1 1 1 3,74 4,24 -157,035 1646316679
1 1 1 3,81 3,99 -157,035 1646316679
1 1 1 3,99 3,81 -157,072 1646316679
1 1 1 4,24 3,74 -157,042 1646316680
1 1 1 4,49 3,81 -157,011 1646316680
1 1 1 4,68 3,99 -157,042 1646316680
1 1 2 3,36 12,56 -157,060 1646316681
1 1 2 3,86 12,56 -157,078 1646316681
1 1 2 3,80 12,81 -157,096 1646316682
1 1 2 3,61 12,99 -157,029 1646316682
1 1 2 3,36 13,06 -157,084 1646316682
1 1 2 3,11 12,99 -157,121 1646316683
1 1 2 2,93 12,81 -156,999 1646316683
1 1 2 2,86 12,56 -157,078 1646316683
1 1 2 2,93 12,31 -157,011 1646316683
1 1 2 3,11 12,12 -157,078 1646316683
1 1 2 3,36 12,06 -157,054 1646316684
1 1 2 3,61 12,12 -157,072 1646316684
1 1 2 3,80 12,31 -157,072 1646316684
1 1 3 9,19 9,19 -157,035 1646316685
1 1 3 9,69 9,19 -157,035 1646316685
1 1 3 9,63 9,44 -157,084 1646316686
1 1 3 9,44 9,63 -157,042 1646316686
1 1 3 9,19 9,69 -157,090 1646316686
1 1 3 8,94 9,63 -157,023 1646316686
1 1 3 8,76 9,44 -157,054 1646316687
1 1 3 8,69 9,19 -157,084 1646316687
1 1 3 8,76 8,94 -157,011 1646316687
1 1 3 8,94 8,76 -157,066 1646316687
1 1 3 9,19 8,69 -157,072 1646316688
1 1 3 9,44 8,76 -157,042 1646316688
1 1 3 9,63 8,94 -157,078 1646316688
1 1 4 12,56 3,36 -157,096 1646316689
1 1 4 13,06 3,36 -157,060 1646316689
1 1 4 12,99 3,61 -157,048 1646316690
1 1 4 12,81 3,80 -157,048 1646316690
1 1 4 12,56 3,86 -157,078 1646316690
1 1 4 12,31 3,80 -157,035 1646316690
1 1 4 12,12 3,61 -157,042 1646316690
1 1 4 12,06 3,36 -157,042 1646316691
1 1 4 12,12 3,11 -157,072 1646316691
1 1 4 12,31 2,93 -157,060 1646316691
1 1 4 12,56 2,86 -157,133 1646316691
1 1 4 12,81 2,93 -157,054 1646316692
1 1 4 12,99 3,11 -157,017 1646316692
1 1 5 19,32 5,18 -157,072 1646316693
1 1 5 19,82 5,18 -157,090 1646316693
1 1 5 19,75 5,43 -157,115 1646316693
1 1 5 19,57 5,61 -157,048 1646316694
1 1 5 19,32 5,68 -157,072 1646316694
1 1 5 19,07 5,61 -157,060 1646316694
1 1 5 18,89 5,43 -157,084 1646316694
1 1 5 18,82 5,18 -157,017 1646316695
1 1 5 18,89 4,93 -157,042 1646316695
1 1 5 19,07 4,74 -156,993 1646316695
1 1 5 19,32 4,68 -157,066 1646316695
1 1 5 19,57 4,74 -156,706 1646316695
1 1 5 19,75 4,93 -157,054 1646316696
1 1 6 17,32 10,00 -157,029 1646316696
1 1 6 17,82 10,00 -157,109 1646316697
1 1 6 17,75 10,25 -157,066 1646316697
1 1 6 17,57 10,43 -157,066 1646316697
1 1 6 17,32 10,50 -157,042 1646316698
1 1 6 17,07 10,43 -157,035 1646316698
1 1 6 16,89 10,25 -157,042 1646316698
1 1 6 16,82 10,00 -157,035 1646316699
1 1 6 16,89 9,75 -157,048 1646316699
1 1 6 17,07 9,57 -157,078 1646316699
1 1 6 17,32 9,50 -157,048 1646316699
1 1 6 17,57 9,57 -157,042 1646316699
1 1 6 17,75 9,75 -157,060 1646316700
1 1 7 14,14 14,14 -157,035 1646316701
1 1 7 14,64 14,14 -157,078 1646316701
1 1 7 14,58 14,39 -157,042 1646316701
1 1 7 14,39 14,58 -157,078 1646316701
1 1 7 14,14 14,64 -157,084 1646316702
1 1 7 13,89 14,58 -157,060 1646316702
1 1 7 13,71 14,39 -157,096 1646316702
1 1 7 13,64 14,14 -157,035 1646316702
1 1 7 13,71 13,89 -157,072 1646316703
1 1 7 13,89 13,71 -157,011 1646316703
1 1 7 14,14 13,64 -157,127 1646316703
1 1 7 14,39 13,71 -157,054 1646316703
1 1 7 14,58 13,89 -157,054 1646316704
1 1 8 10,00 17,32 -157,096 1646316704
1 1 8 10,50 17,32 -157,054 1646316705
1 1 8 10,43 17,57 -157,048 1646316705
1 1 8 10,25 17,75 -157,042 1646316705
1 1 8 10,00 17,82 -157,078 1646316706
1 1 8 9,75 17,75 -157,066 1646316706
1 1 8 9,57 17,57 -156,877 1646316706
1 1 8 9,50 17,32 -157,084 1646316706
1 1 8 9,57 17,07 -157,060 1646316706
1 1 8 9,75 16,89 -157,048 1646316707
1 1 8 10,00 16,82 -157,035 1646316707
1 1 8 10,25 16,89 -157,096 1646316707
1 1 8 10,43 17,07 -157,084 1646316707
1 1 9 5,18 19,32 -157,060 1646316708
1 1 9 5,68 19,32 -157,035 1646316709
1 1 9 5,61 19,57 -157,103 1646316709
1 1 9 5,43 19,75 -157,035 1646316709
1 1 9 5,18 19,82 -157,054 1646316709
1 1 9 4,93 19,75 -157,072 1646316710
1 1 9 4,74 19,57 -157,035 1646316710
1 1 9 4,68 19,32 -157,060 1646316710
1 1 9 4,74 19,07 -157,042 1646316710
1 1 9 4,93 18,89 -157,078 1646316711
1 1 9 5,18 18,82 -157,048 1646316711
1 1 9 5,43 18,89 -157,060 1646316711
1 1 9 5,61 19,07 -157,115 1646316711
1 1 10 -5,18 19,32 -157,042 1646316712
1 1 10 -4,68 19,32 -157,011 1646316713
1 1 10 -4,74 19,57 -157,048 1646316713
1 1 10 -4,93 19,75 -157,072 1646316713
1 1 10 -5,18 19,82 -157,035 1646316713
1 1 10 -5,43 19,75 -157,096 1646316714
1 1 10 -5,61 19,57 -157,078 1646316714
1 1 10 -5,68 19,32 -157,017 1646316714
1 1 10 -5,61 19,07 -157,023 1646316714
1 1 10 -5,43 18,89 -157,090 1646316715
1 1 10 -5,18 18,82 -157,066 1646316715
1 1 10 -4,93 18,89 -157,121 1646316715
1 1 10 -4,74 19,07 -157,109 1646316715
1 1 11 -10,00 17,32 -157,096 1646316716
1 1 11 -9,50 17,32 -157,054 1646316717
1 1 11 -9,57 17,57 -157,035 1646316717
1 1 11 -9,75 17,75 -157,042 1646316717
1 1 11 -10,00 17,82 -157,090 1646316717
1 1 11 -10,25 17,75 -157,072 1646316717
1 1 11 -10,43 17,57 -157,054 1646316718
1 1 11 -10,50 17,32 -157,042 1646316718
1 1 11 -10,43 17,07 -157,023 1646316718
1 1 11 -10,25 16,89 -157,084 1646316719
1 1 11 -10,00 16,82 -157,115 1646316719
1 1 11 -9,75 16,89 -157,072 1646316719
1 1 11 -9,57 17,07 -157,072 1646316719
1 1 12 -14,14 14,14 -157,035 1646316720
1 1 12 -13,64 14,14 -157,042 1646316721
1 1 12 -13,71 14,39 -157,096 1646316721
1 1 12 -13,89 14,58 -157,084 1646316721
1 1 12 -14,14 14,64 -157,029 1646316721
1 1 12 -14,39 14,58 -157,060 1646316722
1 1 12 -14,58 14,39 -157,072 1646316722
1 1 12 -14,64 14,14 -157,017 1646316722
1 1 12 -14,58 13,89 -157,060 1646316722
1 1 12 -14,39 13,71 -157,029 1646316722
1 1 12 -14,14 13,64 -157,072 1646316723
1 1 12 -13,89 13,71 -157,072 1646316723
1 1 12 -13,71 13,89 -157,084 1646316723
1 1 13 -17,32 10,00 -157,121 1646316724
1 1 13 -16,82 10,00 -157,078 1646316724
1 1 13 -16,89 10,25 -157,060 1646316725
1 1 13 -17,07 10,43 -157,078 1646316725
1 1 13 -17,32 10,50 -157,029 1646316725
1 1 13 -17,57 10,43 -157,078 1646316725
1 1 13 -17,75 10,25 -157,103 1646316725
1 1 13 -17,82 10,00 -157,072 1646316726
1 1 13 -17,75 9,75 -157,066 1646316726
1 1 13 -17,57 9,57 -157,072 1646316726
1 1 13 -17,32 9,50 -157,072 1646316726
1 1 13 -17,07 9,57 -157,023 1646316727
1 1 13 -16,89 9,75 -157,072 1646316727
1 1 14 -19,32 5,18 -157,084 1646316728
1 1 14 -18,82 5,18 -156,993 1646316728
1 1 14 -18,89 5,43 -157,127 1646316728
1 1 14 -19,07 5,61 -157,035 1646316729
1 1 14 -19,32 5,68 -157,072 1646316729
1 1 14 -19,57 5,61 -157,060 1646316729
1 1 14 -19,75 5,43 -157,005 1646316729
1 1 14 -19,82 5,18 -157,017 1646316730
1 1 14 -19,75 4,93 -157,023 1646316730
1 1 14 -19,57 4,74 -157,005 1646316730
1 1 14 -19,32 4,68 -157,084 1646316730
1 1 14 -19,07 4,74 -157,048 1646316730
1 1 14 -18,89 4,93 -157,072 1646316731
1 1 15 -12,56 3,36 -157,035 1646316732
1 1 15 -12,06 3,36 -157,029 1646316732
1 1 15 -12,12 3,61 -157,054 1646316732
1 1 15 -12,31 3,80 -157,072 1646316732
1 1 15 -12,56 3,86 -157,066 1646316733
1 1 15 -12,81 3,80 -157,090 1646316733
1 1 15 -12,99 3,61 -157,054 1646316733
1 1 15 -13,06 3,36 -156,901 1646316733
1 1 15 -12,99 3,11 -157,042 1646316734
1 1 15 -12,81 2,93 -157,066 1646316734
1 1 15 -12,56 2,86 -157,096 1646316734
1 1 15 -12,31 2,93 -157,060 1646316734
1 1 15 -12,12 3,11 -157,060 1646316735
1 1 16 -9,19 9,19 -157,017 1646316735
1 1 16 -8,69 9,19 -157,035 1646316736
1 1 16 -8,76 9,44 -157,066 1646316736
1 1 16 -8,94 9,63 -157,054 1646316736
1 1 16 -9,19 9,69 -157,029 1646316737
1 1 16 -9,44 9,63 -157,035 1646316737
1 1 16 -9,63 9,44 -156,999 1646316737
1 1 16 -9,69 9,19 -157,029 1646316737
1 1 16 -9,63 8,94 -157,072 1646316737
1 1 16 -9,44 8,76 -157,078 1646316738
1 1 16 -9,19 8,69 -157,054 1646316738
1 1 16 -8,94 8,76 -157,072 1646316738
1 1 16 -8,76 8,94 -157,060 1646316738
1 1 17 -3,36 12,56 -157,078 1646316739
1 1 17 -2,86 12,56 -156,993 1646316740
1 1 17 -2,93 12,81 -157,035 1646316740
1 1 17 -3,11 12,99 -157,109 1646316740
1 1 17 -3,36 13,06 -157,035 1646316740
1 1 17 -3,61 12,99 -157,042 1646316741
1 1 17 -3,80 12,81 -157,035 1646316741
1 1 17 -3,86 12,56 -156,999 1646316741
1 1 17 -3,80 12,31 -157,054 1646316741
1 1 17 -3,61 12,12 -157,029 1646316742
1 1 17 -3,36 12,06 -157,048 1646316742
1 1 17 -3,11 12,12 -157,060 1646316742
1 1 17 -2,93 12,31 -157,048 1646316742
1 1 18 -4,24 4,24 -157,072 1646316743
1 1 18 -3,74 4,24 -157,017 1646316744
1 1 18 -3,81 4,49 -157,054 1646316744
1 1 18 -3,99 4,68 -157,066 1646316744
1 1 18 -4,24 4,74 -157,084 1646316744
1 1 18 -4,49 4,68 -156,999 1646316745
1 1 18 -4,68 4,49 -156,993 1646316745
1 1 18 -4,74 4,24 -157,054 1646316745
1 1 18 -4,68 3,99 -157,072 1646316745
1 1 18 -4,49 3,81 -157,084 1646316745
1 1 18 -4,24 3,74 -157,090 1646316746
1 1 18 -3,99 3,81 -157,078 1646316746
1 1 18 -3,81 3,99 -157,048 1646316746
1 1 19 -4,24 -4,24 -157,084 1646316747
1 1 19 -3,74 -4,24 -157,109 1646316748
1 1 19 -3,81 -3,99 -157,072 1646316748
1 1 19 -3,99 -3,81 -157,029 1646316748
1 1 19 -4,24 -3,74 -157,078 1646316748
1 1 19 -4,49 -3,81 -156,999 1646316749
1 1 19 -4,68 -3,99 -157,048 1646316749
1 1 19 -4,74 -4,24 -156,993 1646316749
1 1 19 -4,68 -4,49 -157,017 1646316749
1 1 19 -4,49 -4,68 -157,090 1646316750
1 1 19 -4,24 -4,74 -157,084 1646316750
1 1 19 -3,99 -4,68 -157,109 1646316750
1 1 19 -3,81 -4,49 -157,035 1646316750
1 1 20 -3,36 -12,56 -157,048 1646316751
1 1 20 -2,86 -12,56 -156,736 1646316752
1 1 20 -2,93 -12,31 -157,054 1646316752
1 1 20 -3,11 -12,12 -157,078 1646316752
1 1 20 -3,36 -12,06 -157,127 1646316752
1 1 20 -3,61 -12,12 -157,029 1646316753
1 1 20 -3,80 -12,31 -157,011 1646316753
1 1 20 -3,86 -12,56 -157,011 1646316753
1 1 20 -3,80 -12,81 -157,017 1646316753
1 1 20 -3,61 -12,99 -157,090 1646316753
1 1 20 -3,36 -13,06 -157,072 1646316754
1 1 20 -3,11 -12,99 -157,035 1646316754
1 1 20 -2,93 -12,81 -157,035 1646316754
1 1 21 -9,19 -9,19 -157,103 1646316755
1 1 21 -8,69 -9,19 -157,066 1646316755
1 1 21 -8,76 -8,94 -157,103 1646316756
1 1 21 -8,94 -8,76 -157,048 1646316756
1 1 21 -9,19 -8,69 -157,023 1646316756
1 1 21 -9,44 -8,76 -157,060 1646316756
1 1 21 -9,63 -8,94 -157,035 1646316757
1 1 21 -9,69 -9,19 -157,042 1646316757
1 1 21 -9,63 -9,44 -157,060 1646316757
1 1 21 -9,44 -9,63 -157,090 1646316757
1 1 21 -9,19 -9,69 -157,078 1646316758
1 1 21 -8,94 -9,63 -156,993 1646316758
1 1 21 -8,76 -9,44 -157,078 1646316758
1 1 22 -12,56 -3,36 -157,072 1646316759
1 1 22 -12,06 -3,36 -157,005 1646316759
1 1 22 -12,12 -3,11 -157,072 1646316760
1 1 22 -12,31 -2,93 -157,103 1646316760
1 1 22 -12,56 -2,86 -157,017 1646316760
1 1 22 -12,81 -2,93 -157,066 1646316760
1 1 22 -12,99 -3,11 -157,042 1646316760
1 1 22 -13,06 -3,36 -157,066 1646316761
1 1 22 -12,99 -3,61 -157,035 1646316761
1 1 22 -12,81 -3,80 -157,042 1646316761
1 1 22 -12,56 -3,86 -157,035 1646316761
1 1 22 -12,31 -3,80 -157,066 1646316762
1 1 22 -12,12 -3,61 -157,035 1646316762
1 1 23 -19,32 -5,18 -157,072 1646316763
1 1 23 -18,82 -5,18 -157,035 1646316763
1 1 23 -18,89 -4,93 -157,005 1646316763
1 1 23 -19,07 -4,74 -157,060 1646316764
1 1 23 -19,32 -4,68 -157,042 1646316764
1 1 23 -19,57 -4,74 -157,084 1646316764
1 1 23 -19,75 -4,93 -157,029 1646316764
1 1 23 -19,82 -5,18 -157,023 1646316765
1 1 23 -19,75 -5,43 -157,090 1646316765
1 1 23 -19,57 -5,61 -157,042 1646316765
1 1 23 -19,32 -5,68 -157,096 1646316765
1 1 23 -19,07 -5,61 -157,096 1646316766
1 1 23 -18,89 -5,43 -157,029 1646316766
1 1 24 -17,32 -10,00 -157,005 1646316767
1 1 24 -16,82 -10,00 -157,029 1646316767
1 1 24 -16,89 -9,75 -157,066 1646316767
1 1 24 -17,07 -9,57 -157,017 1646316768
1 1 24 -17,32 -9,50 -157,072 1646316768
1 1 24 -17,57 -9,57 -157,066 1646316768
1 1 24 -17,75 -9,75 -157,096 1646316768
1 1 24 -17,82 -10,00 -157,042 1646316768
1 1 24 -17,75 -10,25 -157,005 1646316769
1 1 24 -17,57 -10,43 -157,054 1646316769
1 1 24 -17,32 -10,50 -157,096 1646316769
1 1 24 -17,07 -10,43 -157,084 1646316769
1 1 24 -16,89 -10,25 -157,090 1646316770
1 1 25 -14,14 -14,14 -157,029 1646316770
1 1 25 -13,64 -14,14 -157,054 1646316771
1 1 25 -13,71 -13,89 -157,078 1646316771
1 1 25 -13,89 -13,71 -157,023 1646316771
1 1 25 -14,14 -13,64 -157,048 1646316771
1 1 25 -14,39 -13,71 -156,993 1646316772
1 1 25 -14,58 -13,89 -157,042 1646316772
1 1 25 -14,64 -14,14 -157,060 1646316772
1 1 25 -14,58 -14,39 -157,048 1646316772
1 1 25 -14,39 -14,58 -157,042 1646316773
1 1 25 -14,14 -14,64 -157,090 1646316773
1 1 25 -13,89 -14,58 -157,096 1646316773
1 1 25 -13,71 -14,39 -157,096 1646316773
1 1 26 -10,00 -17,32 -157,054 1646316774
1 1 26 -9,50 -17,32 -157,048 1646316774
1 1 26 -9,57 -17,07 -157,060 1646316775
1 1 26 -9,75 -16,89 -157,072 1646316775
1 1 26 -10,00 -16,82 -157,078 1646316775
1 1 26 -10,25 -16,89 -157,035 1646316775
1 1 26 -10,43 -17,07 -157,066 1646316776
1 1 26 -10,50 -17,32 -157,029 1646316776
1 1 26 -10,43 -17,57 -157,042 1646316776
1 1 26 -10,25 -17,75 -157,017 1646316776
1 1 26 -10,00 -17,82 -157,078 1646316777
1 1 26 -9,75 -17,75 -157,035 1646316777
1 1 26 -9,57 -17,57 -157,060 1646316777
1 1 27 -5,18 -19,32 -157,054 1646316778
1 1 27 -4,68 -19,32 -157,060 1646316778
1 1 27 -4,74 -19,07 -157,078 1646316779
1 1 27 -4,93 -18,89 -157,066 1646316779
1 1 27 -5,18 -18,82 -157,035 1646316779
1 1 27 -5,43 -18,89 -157,078 1646316779
1 1 27 -5,61 -19,07 -157,060 1646316779
1 1 27 -5,68 -19,32 -157,066 1646316780
1 1 27 -5,61 -19,57 -157,072 1646316780
1 1 27 -5,43 -19,75 -157,011 1646316780
1 1 27 -5,18 -19,82 -157,060 1646316780
1 1 27 -4,93 -19,75 -157,096 1646316781
1 1 27 -4,74 -19,57 -157,054 1646316781
1 1 28 5,18 -19,32 -157,042 1646316782
1 1 28 5,68 -19,32 -157,060 1646316782
1 1 28 5,61 -19,07 -157,035 1646316783
1 1 28 5,43 -18,89 -157,054 1646316783
1 1 28 5,18 -18,82 -157,042 1646316783
1 1 28 4,93 -18,89 -157,048 1646316783
1 1 28 4,74 -19,07 -157,042 1646316784
1 1 28 4,68 -19,32 -157,029 1646316784
1 1 28 4,74 -19,57 -157,011 1646316784
1 1 28 4,93 -19,75 -157,029 1646316784
1 1 28 5,18 -19,82 -157,109 1646316784
1 1 28 5,43 -19,75 -157,084 1646316785
1 1 28 5,61 -19,57 -157,048 1646316785
1 1 29 10,00 -17,32 -157,072 1646316786
1 1 29 10,50 -17,32 -157,084 1646316786
1 1 29 10,43 -17,07 -157,042 1646316786
1 1 29 10,25 -16,89 -157,072 1646316787
1 1 29 10,00 -16,82 -157,042 1646316787
1 1 29 9,75 -16,89 -157,066 1646316787
1 1 29 9,57 -17,07 -156,981 1646316787
1 1 29 9,50 -17,32 -156,987 1646316788
1 1 29 9,57 -17,57 -157,042 1646316788
1 1 29 9,75 -17,75 -157,029 1646316788
1 1 29 10,00 -17,82 -156,993 1646316788
1 1 29 10,25 -17,75 -157,066 1646316789
1 1 29 10,43 -17,57 -157,072 1646316789
1 1 30 14,14 -14,14 -157,017 1646316789
1 1 30 14,64 -14,14 -157,054 1646316790
1 1 30 14,58 -13,89 -157,054 1646316790
1 1 30 14,39 -13,71 -157,060 1646316790
1 1 30 14,14 -13,64 -156,974 1646316791
1 1 30 13,89 -13,71 -157,060 1646316791
1 1 30 13,71 -13,89 -157,035 1646316791
1 1 30 13,64 -14,14 -157,017 1646316791
1 1 30 13,71 -14,39 -157,017 1646316792
1 1 30 13,89 -14,58 -157,035 1646316792
1 1 30 14,14 -14,64 -157,060 1646316792
1 1 30 14,39 -14,58 -157,103 1646316792
1 1 30 14,58 -14,39 -157,066 1646316792
1 1 31 17,32 -10,00 -157,096 1646316793
1 1 31 17,82 -10,00 -157,060 1646316794
1 1 31 17,75 -9,75 -157,109 1646316794
1 1 31 17,57 -9,57 -157,060 1646316794
1 1 31 17,32 -9,50 -157,072 1646316794
1 1 31 17,07 -9,57 -157,023 1646316795
1 1 31 16,89 -9,75 -157,042 1646316795
1 1 31 16,82 -10,00 -157,048 1646316795
1 1 31 16,89 -10,25 -157,048 1646316795
1 1 31 17,07 -10,43 -157,029 1646316796
1 1 31 17,32 -10,50 -157,072 1646316796
1 1 31 17,57 -10,43 -157,072 1646316796
1 1 31 17,75 -10,25 -157,048 1646316796
1 1 32 19,32 -5,18 -157,060 1646316797
1 1 32 19,82 -5,18 -157,029 1646316798
1 1 32 19,75 -4,93 -157,066 1646316798
1 1 32 19,57 -4,74 -157,084 1646316798
1 1 32 19,32 -4,68 -157,066 1646316798
1 1 32 19,07 -4,74 -157,035 1646316799
1 1 32 18,89 -4,93 -156,981 1646316799
1 1 32 18,82 -5,18 -157,078 1646316799
1 1 32 18,89 -5,43 -157,072 1646316799
1 1 32 19,07 -5,61 -157,029 1646316800
1 1 32 19,32 -5,68 -157,060 1646316800
1 1 32 19,57 -5,61 -157,096 1646316800
1 1 32 19,75 -5,43 -157,096 1646316800
1 1 33 12,56 -3,36 -157,017 1646316801
1 1 33 13,06 -3,36 -157,017 1646316802
1 1 33 12,99 -3,11 -157,011 1646316802
1 1 33 12,81 -2,93 -157,054 1646316802
1 1 33 12,56 -2,86 -157,066 1646316802
1 1 33 12,31 -2,93 -157,078 1646316803
1 1 33 12,12 -3,11 -157,035 1646316803
1 1 33 12,06 -3,36 -157,048 1646316803
1 1 33 12,12 -3,61 -157,054 1646316803
1 1 33 12,31 -3,80 -156,987 1646316804
1 1 33 12,56 -3,86 -157,017 1646316804
1 1 33 12,81 -3,80 -157,042 1646316804
1 1 33 12,99 -3,61 -157,133 1646316804
1 1 34 9,19 -9,19 -157,060 1646316805
1 1 34 9,69 -9,19 -157,060 1646316806
1 1 34 9,63 -8,94 -157,048 1646316806
1 1 34 9,44 -8,76 -157,054 1646316806
1 1 34 9,19 -8,69 -157,066 1646316806
1 1 34 8,94 -8,76 -157,090 1646316807
1 1 34 8,76 -8,94 -157,005 1646316807
1 1 34 8,69 -9,19 -157,042 1646316807
1 1 34 8,76 -9,44 -157,035 1646316807
1 1 34 8,94 -9,63 -157,072 1646316807
1 1 34 9,19 -9,69 -157,048 1646316808
1 1 34 9,44 -9,63 -157,060 1646316808
1 1 34 9,63 -9,44 -157,060 1646316808
1 1 35 3,36 -12,56 -157,066 1646316809
1 1 35 3,86 -12,56 -157,035 1646316809
1 1 35 3,80 -12,31 -157,072 1646316810
1 1 35 3,61 -12,12 -157,023 1646316810
1 1 35 3,36 -12,06 -157,078 1646316810
1 1 35 3,11 -12,12 -157,072 1646316810
1 1 35 2,93 -12,31 -157,035 1646316811
1 1 35 2,86 -12,56 -157,035 1646316811
1 1 35 2,93 -12,81 -157,042 1646316811
1 1 35 3,11 -12,99 -157,011 1646316811
1 1 35 3,36 -13,06 -157,035 1646316812
1 1 35 3,61 -12,99 -157,072 1646316812
1 1 35 3,80 -12,81 -157,054 1646316812
1 1 36 4,24 -4,24 -157,084 1646316813
1 1 36 4,74 -4,24 -157,035 1646316813
1 1 36 4,68 -3,99 -157,072 1646316814
1 1 36 4,49 -3,81 -156,999 1646316814
1 1 36 4,24 -3,74 -157,078 1646316814
1 1 36 3,99 -3,81 -157,054 1646316814
1 1 36 3,81 -3,99 -157,048 1646316815
1 1 36 3,74 -4,24 -157,048 1646316815
1 1 36 3,81 -4,49 -157,054 1646316815
1 1 36 3,99 -4,68 -157,066 1646316815
1 1 36 4,24 -4,74 -157,096 1646316815
1 1 36 4,49 -4,68 -157,078 1646316816
1 1 36 4,68 -4,49 -157,035 1646316816
1 1 37 27,00 0,00 -157,115 1646316818
1 1 37 27,50 0,00 -157,060 1646316818
1 1 37 27,43 0,25 -157,060 1646316818
1 1 37 27,25 0,43 -157,011 1646316818
1 1 37 27,00 0,50 -157,054 1646316819
1 1 37 26,75 0,43 -157,048 1646316819
1 1 37 26,57 0,25 -157,096 1646316819
1 1 37 26,50 0,00 -157,042 1646316819
1 1 37 26,57 -0,25 -157,072 1646316820
1 1 37 26,75 -0,43 -157,035 1646316820
1 1 37 27,00 -0,50 -157,048 1646316820
1 1 37 27,25 -0,43 -157,072 1646316820
1 1 37 27,43 -0,25 -157,090 1646316821
1 1 38 26,08 6,99 -157,072 1646316821
1 1 38 26,58 6,99 -157,090 1646316822
1 1 38 26,51 7,24 -157,054 1646316822
1 1 38 26,33 7,42 -157,072 1646316823
1 1 38 26,08 7,49 -157,072 1646316823
1 1 38 25,83 7,42 -157,109 1646316823
1 1 38 25,65 7,24 -156,993 1646316823
1 1 38 25,58 6,99 -157,035 1646316824
1 1 38 25,65 6,74 -157,048 1646316824
1 1 38 25,83 6,56 -157,066 1646316824
1 1 38 26,08 6,49 -157,023 1646316824
1 1 38 26,33 6,56 -157,066 1646316825
1 1 38 26,51 6,74 -157,066 1646316825
1 1 39 23,38 13,50 -157,060 1646316826
1 1 39 23,88 13,50 -157,060 1646316826
1 1 39 23,82 13,75 -157,066 1646316826
1 1 39 23,63 13,93 -157,072 1646316827
1 1 39 23,38 14,00 -157,084 1646316827
1 1 39 23,13 13,93 -157,035 1646316827
1 1 39 22,95 13,75 -156,950 1646316827
1 1 39 22,88 13,50 -157,078 1646316828
1 1 39 22,95 13,25 -157,103 1646316828
1 1 39 23,13 13,07 -156,993 1646316828
1 1 39 23,38 13,00 -157,011 1646316828
1 1 39 23,63 13,07 -157,115 1646316828
1 1 39 23,82 13,25 -157,066 1646316829
1 1 40 19,09 19,09 -157,096 1646316829
1 1 40 19,59 19,09 -157,042 1646316830
1 1 40 19,52 19,34 -157,090 1646316830
1 1 40 19,34 19,52 -157,072 1646316830
1 1 40 19,09 19,59 -157,072 1646316831
1 1 40 18,84 19,52 -157,035 1646316831
1 1 40 18,66 19,34 -156,962 1646316831
1 1 40 18,59 19,09 -157,011 1646316831
1 1 40 18,66 18,84 -157,048 1646316832
1 1 40 18,84 18,66 -157,035 1646316832
1 1 40 19,09 18,59 -157,042 1646316832
1 1 40 19,34 18,66 -157,042 1646316833
1 1 40 19,52 18,84 -157,072 1646316833
1 1 41 13,50 23,38 -157,042 1646316834
1 1 41 14,00 23,38 -157,072 1646316834
1 1 41 13,93 23,63 -157,072 1646316834
1 1 41 13,75 23,82 -157,084 1646316834
1 1 41 13,50 23,88 -157,060 1646316835
1 1 41 13,25 23,82 -157,054 1646316835
1 1 41 13,07 23,63 -157,048 1646316835
1 1 41 13,00 23,38 -157,042 1646316835
1 1 41 13,07 23,13 -157,035 1646316836
1 1 41 13,25 22,95 -157,084 1646316836
1 1 41 13,50 22,88 -157,005 1646316836
1 1 41 13,75 22,95 -157,133 1646316836
1 1 41 13,93 23,13 -157,078 1646316837
1 1 42 6,99 26,08 -157,090 1646316838
1 1 42 7,49 26,08 -157,029 1646316838
1 1 42 7,42 26,33 -157,060 1646316838
1 1 42 7,24 26,51 -157,048 1646316838
1 1 42 6,99 26,58 -157,090 1646316839
1 1 42 6,74 26,51 -157,072 1646316839
1 1 42 6,56 26,33 -156,987 1646316839
1 1 42 6,49 26,08 -157,048 1646316839
1 1 42 6,56 25,83 -157,054 1646316840
1 1 42 6,74 25,65 -157,103 1646316840
1 1 42 6,99 25,58 -157,072 1646316840
1 1 42 7,24 25,65 -157,060 1646316840
1 1 42 7,42 25,83 -157,054 1646316841
1 1 43 0,00 27,00 -157,011 1646316841
1 1 43 0,50 27,00 -157,121 1646316842
1 1 43 0,43 27,25 -157,054 1646316842
1 1 43 0,25 27,43 -157,072 1646316842
1 1 43 0,00 27,50 -157,048 1646316843
1 1 43 -0,25 27,43 -157,017 1646316843
1 1 43 -0,43 27,25 -157,005 1646316843
1 1 43 -0,50 27,00 -157,035 1646316843
1 1 43 -0,43 26,75 -157,042 1646316844
1 1 43 -0,25 26,57 -157,072 1646316844
1 1 43 0,00 26,50 -157,084 1646316844
1 1 43 0,25 26,57 -157,084 1646316844
1 1 43 0,43 26,75 -157,084 1646316844
1 1 44 -6,99 26,08 -157,078 1646316845
1 1 44 -6,49 26,08 -157,048 1646316846
1 1 44 -6,56 26,33 -157,109 1646316846
1 1 44 -6,74 26,51 -157,060 1646316846
1 1 44 -6,99 26,58 -157,078 1646316847
1 1 44 -7,24 26,51 -157,060 1646316847
1 1 44 -7,42 26,33 -157,090 1646316847
1 1 44 -7,49 26,08 -157,060 1646316847
1 1 44 -7,42 25,83 -157,035 1646316847
1 1 44 -7,24 25,65 -157,066 1646316848
1 1 44 -6,99 25,58 -157,048 1646316848
1 1 44 -6,74 25,65 -157,072 1646316848
1 1 44 -6,56 25,83 -157,078 1646316848
1 1 45 -13,50 23,38 -157,084 1646316849
1 1 45 -13,00 23,38 -157,054 1646316850
1 1 45 -13,07 23,63 -157,023 1646316850
1 1 45 -13,25 23,82 -157,096 1646316850
1 1 45 -13,50 23,88 -157,035 1646316851
1 1 45 -13,75 23,82 -157,103 1646316851
1 1 45 -13,93 23,63 -157,090 1646316851
1 1 45 -14,00 23,38 -157,072 1646316851
1 1 45 -13,93 23,13 -157,035 1646316851
1 1 45 -13,75 22,95 -157,048 1646316852
1 1 45 -13,50 22,88 -157,090 1646316852
1 1 45 -13,25 22,95 -157,060 1646316852
1 1 45 -13,07 23,13 -157,103 1646316852
1 1 46 -19,09 19,09 -157,060 1646316853
1 1 46 -18,59 19,09 -157,096 1646316854
1 1 46 -18,66 19,34 -157,145 1646316854
1 1 46 -18,84 19,52 -157,072 1646316854
1 1 46 -19,09 19,59 -157,066 1646316854
1 1 46 -19,34 19,52 -157,084 1646316855
1 1 46 -19,52 19,34 -157,060 1646316855
1 1 46 -19,59 19,09 -157,054 1646316855
1 1 46 -19,52 18,84 -157,048 1646316855
1 1 46 -19,34 18,66 -157,066 1646316856
1 1 46 -19,09 18,59 -157,035 1646316856
1 1 46 -18,84 18,66 -157,145 1646316856
1 1 46 -18,66 18,84 -157,060 1646316856
1 1 47 -23,38 13,50 -157,066 1646316857
1 1 47 -22,88 13,50 -157,042 1646316858
1 1 47 -22,95 13,75 -157,072 1646316858
1 1 47 -23,13 13,93 -157,042 1646316858
1 1 47 -23,38 14,00 -157,072 1646316859
1 1 47 -23,63 13,93 -157,042 1646316859
1 1 47 -23,82 13,75 -157,060 1646316859
1 1 47 -23,88 13,50 -157,090 1646316859
1 1 47 -23,82 13,25 -157,035 1646316859
1 1 47 -23,63 13,07 -157,084 1646316860
1 1 47 -23,38 13,00 -157,096 1646316860
1 1 47 -23,13 13,07 -157,078 1646316860
1 1 47 -22,95 13,25 -157,072 1646316861
1 1 48 -26,08 6,99 -157,060 1646316861
1 1 48 -25,58 6,99 -157,121 1646316862
1 1 48 -25,65 7,24 -157,072 1646316862
1 1 48 -25,83 7,42 -157,139 1646316862
1 1 48 -26,08 7,49 -157,078 1646316863
1 1 48 -26,33 7,42 -157,072 1646316863
1 1 48 -26,51 7,24 -157,060 1646316863
1 1 48 -26,58 6,99 -157,090 1646316863
1 1 48 -26,51 6,74 -157,048 1646316863
1 1 48 -26,33 6,56 -156,999 1646316864
1 1 48 -26,08 6,49 -157,029 1646316864
1 1 48 -25,83 6,56 -157,035 1646316864
1 1 48 -25,65 6,74 -157,103 1646316864
1 1 49 -27,00 0,00 -157,072 1646316865
1 1 49 -26,50 0,00 -157,103 1646316866
1 1 49 -26,57 0,25 -157,072 1646316866
1 1 49 -26,75 0,43 -157,084 1646316866
1 1 49 -27,00 0,50 -157,066 1646316867
1 1 49 -27,25 0,43 -157,060 1646316867
1 1 49 -27,43 0,25 -157,023 1646316867
1 1 49 -27,50 0,00 -157,035 1646316867
1 1 49 -27,43 -0,25 -157,048 1646316867
1 1 49 -27,25 -0,43 -157,078 1646316868
1 1 49 -27,00 -0,50 -157,060 1646316868
1 1 49 -26,75 -0,43 -157,084 1646316868
1 1 49 -26,57 -0,25 -157,042 1646316868
1 1 50 -26,08 -6,99 -157,090 1646316869
1 1 50 -25,58 -6,99 -157,011 1646316870
1 1 50 -25,65 -6,74 -157,066 1646316870
1 1 50 -25,83 -6,56 -157,090 1646316870
1 1 50 -26,08 -6,49 -157,035 1646316870
1 1 50 -26,33 -6,56 -157,060 1646316871
1 1 50 -26,51 -6,74 -157,023 1646316871
1 1 50 -26,58 -6,99 -157,029 1646316871
1 1 50 -26,51 -7,24 -157,078 1646316871
1 1 50 -26,33 -7,42 -157,066 1646316872
1 1 50 -26,08 -7,49 -157,084 1646316872
1 1 50 -25,83 -7,42 -157,090 1646316872
1 1 50 -25,65 -7,24 -157,115 1646316872
1 1 51 -23,38 -13,50 -157,011 1646316873
1 1 51 -22,88 -13,50 -157,078 1646316874
1 1 51 -22,95 -13,25 -157,078 1646316874
1 1 51 -23,13 -13,07 -157,060 1646316874
1 1 51 -23,38 -13,00 -157,054 1646316874
1 1 51 -23,63 -13,07 -157,060 1646316875
1 1 51 -23,82 -13,25 -157,078 1646316875
1 1 51 -23,88 -13,50 -157,090 1646316875
1 1 51 -23,82 -13,75 -157,035 1646316875
1 1 51 -23,63 -13,93 -157,060 1646316875
1 1 51 -23,38 -14,00 -157,054 1646316876
1 1 51 -23,13 -13,93 -157,042 1646316876
1 1 51 -22,95 -13,75 -157,096 1646316876
1 1 52 -19,09 -19,09 -157,017 1646316877
1 1 52 -18,59 -19,09 -157,084 1646316877
1 1 52 -18,66 -18,84 -157,096 1646316878
1 1 52 -18,84 -18,66 -156,999 1646316878
1 1 52 -19,09 -18,59 -157,072 1646316878
1 1 52 -19,34 -18,66 -157,048 1646316878
1 1 52 -19,52 -18,84 -157,048 1646316879
1 1 52 -19,59 -19,09 -157,029 1646316879
1 1 52 -19,52 -19,34 -157,035 1646316879
1 1 52 -19,34 -19,52 -157,060 1646316879
1 1 52 -19,09 -19,59 -157,035 1646316880
1 1 52 -18,84 -19,52 -157,042 1646316880
1 1 52 -18,66 -19,34 -157,072 1646316880
1 1 53 -13,50 -23,38 -157,042 1646316881
1 1 53 -13,00 -23,38 -157,060 1646316881
1 1 53 -13,07 -23,13 -157,084 1646316881
1 1 53 -13,25 -22,95 -157,035 1646316882
1 1 53 -13,50 -22,88 -157,035 1646316882
1 1 53 -13,75 -22,95 -156,987 1646316882
1 1 53 -13,93 -23,13 -157,029 1646316882
1 1 53 -14,00 -23,38 -156,993 1646316883
1 1 53 -13,93 -23,63 -157,035 1646316883
1 1 53 -13,75 -23,82 -156,968 1646316883
1 1 53 -13,50 -23,88 -157,042 1646316883
1 1 53 -13,25 -23,82 -157,035 1646316884
1 1 53 -13,07 -23,63 -157,121 1646316884
1 1 54 -6,99 -26,08 -157,029 1646316885
1 1 54 -6,49 -26,08 -157,060 1646316885
1 1 54 -6,56 -25,83 -157,072 1646316885
1 1 54 -6,74 -25,65 -157,023 1646316886
1 1 54 -6,99 -25,58 -157,060 1646316886
1 1 54 -7,24 -25,65 -157,054 1646316887
1 1 54 -7,42 -25,83 -157,066 1646316887
1 1 54 -7,49 -26,08 -157,054 1646316887
1 1 54 -7,42 -26,33 -156,993 1646316887
1 1 54 -7,24 -26,51 -157,090 1646316888
1 1 54 -6,99 -26,58 -157,035 1646316888
1 1 54 -6,74 -26,51 -157,078 1646316888
1 1 54 -6,56 -26,33 -157,090 1646316888
1 1 55 -0,00 -27,00 -157,060 1646316889
1 1 55 0,50 -27,00 -157,066 1646316890
1 1 55 0,43 -26,75 -157,035 1646316890
1 1 55 0,25 -26,57 -157,084 1646316890
1 1 55 -0,00 -26,50 -157,023 1646316891
1 1 55 -0,25 -26,57 -157,023 1646316891
1 1 55 -0,43 -26,75 -157,042 1646316892
1 1 55 -0,50 -27,00 -157,023 1646316892
1 1 55 -0,43 -27,25 -157,054 1646316893
1 1 55 -0,25 -27,43 -156,974 1646316893
1 1 55 -0,00 -27,50 -157,042 1646316894
1 1 55 0,25 -27,43 -157,005 1646316894
1 1 55 0,43 -27,25 -157,035 1646316894
1 1 56 6,99 -26,08 -157,029 1646316895
1 1 56 7,49 -26,08 -157,029 1646316896
1 1 56 7,42 -25,83 -157,035 1646316896
1 1 56 7,24 -25,65 -157,042 1646316897
1 1 56 6,99 -25,58 -157,054 1646316897
1 1 56 6,74 -25,65 -157,035 1646316898
1 1 56 6,56 -25,83 -157,035 1646316898
1 1 56 6,49 -26,08 -157,078 1646316899
1 1 56 6,56 -26,33 -156,999 1646316899
1 1 56 6,74 -26,51 -157,048 1646316900
1 1 56 6,99 -26,58 -157,078 1646316900
1 1 56 7,24 -26,51 -157,035 1646316901
1 1 56 7,42 -26,33 -156,987 1646316901
1 1 57 13,50 -23,38 -157,072 1646316902
1 1 57 14,00 -23,38 -157,011 1646316902
1 1 57 13,93 -23,13 -157,042 1646316903
1 1 57 13,75 -22,95 -157,054 1646316903
1 1 57 13,50 -22,88 -157,042 1646316904
1 1 57 13,25 -22,95 -157,023 1646316904
1 1 57 13,07 -23,13 -157,029 1646316905
1 1 57 13,00 -23,38 -157,042 1646316905
1 1 57 13,07 -23,63 -157,072 1646316906
1 1 57 13,25 -23,82 -157,078 1646316906
1 1 57 13,50 -23,88 -157,072 1646316907
1 1 57 13,75 -23,82 -157,103 1646316907
1 1 57 13,93 -23,63 -157,023 1646316907
1 1 58 19,09 -19,09 -157,084 1646316908
1 1 58 19,59 -19,09 -157,011 1646316909
1 1 58 19,52 -18,84 -157,054 1646316909
1 1 58 19,34 -18,66 -156,999 1646316910
1 1 58 19,09 -18,59 -157,054 1646316910
1 1 58 18,84 -18,66 -157,005 1646316911
1 1 58 18,66 -18,84 -157,066 1646316911
1 1 58 18,59 -19,09 -157,121 1646316912
1 1 58 18,66 -19,34 -157,029 1646316912
1 1 58 18,84 -19,52 -156,987 1646316913
1 1 58 19,09 -19,59 -157,048 1646316913
1 1 58 19,34 -19,52 -157,072 1646316914
1 1 58 19,52 -19,34 -157,029 1646316914
1 1 59 23,38 -13,50 -157,011 1646316915
1 1 59 23,88 -13,50 -157,054 1646316916
1 1 59 23,82 -13,25 -157,072 1646316916
1 1 59 23,63 -13,07 -157,017 1646316916
1 1 59 23,38 -13,00 -157,060 1646316917
1 1 59 23,13 -13,07 -157,035 1646316918
1 1 59 22,95 -13,25 -157,060 1646316918
1 1 59 22,88 -13,50 -157,035 1646316918
1 1 59 22,95 -13,75 -157,072 1646316919
1 1 59 23,13 -13,93 -157,078 1646316919
1 1 59 23,38 -14,00 -156,999 1646316920
1 1 59 23,63 -13,93 -157,096 1646316920
1 1 59 23,82 -13,75 -157,060 1646316921
1 1 60 26,08 -6,99 -157,072 1646316922
1 1 60 26,58 -6,99 -157,060 1646316922
1 1 60 26,51 -6,74 -157,017 1646316922
1 1 60 26,33 -6,56 -157,017 1646316923
1 1 60 26,08 -6,49 -157,011 1646316924
1 1 60 25,83 -6,56 -157,060 1646316924
1 1 60 25,65 -6,74 -157,072 1646316924
1 1 60 25,58 -6,99 -157,084 1646316925
1 1 60 25,65 -7,24 -157,060 1646316926
1 1 60 25,83 -7,42 -157,011 1646316926
1 1 60 26,08 -7,49 -157,072 1646316926
1 1 60 26,33 -7,42 -157,017 1646316927
1 1 60 26,51 -7,24 -157,029 1646316927
