1 1 1 4,24 4,24 -157,109 1646315889
1 1 1 4,74 4,24 -157,072 1646315890
1 1 1 4,68 4,49 -157,035 1646315890
1 1 1 4,49 4,68 -157,035 1646315890
1 1 1 4,24 4,74 -157,103 1646315890
1 1 1 3,99 4,68 -157,042 1646315891
1 1 1 3,81 4,49 -157,042 1646315891
1 1 1 3,74 4,24 -157,042 1646315891
1 1 1 3,81 3,99 -157,029 1646315891
1 1 1 3,99 3,81 -157,084 1646315891
1 1 1 4,24 3,74 -157,042 1646315892
1 1 1 4,49 3,81 -157,011 1646315892
1 1 1 4,68 3,99 -157,060 1646315892
1 1 2 3,36 12,56 -157,060 1646315893
1 1 2 3,86 12,56 -157,072 1646315894
1 1 2 3,80 12,81 -157,090 1646315894
1 1 2 3,61 12,99 -157,035 1646315894
1 1 2 3,36 13,06 -157,096 1646315894
1 1 2 3,11 12,99 -157,096 1646315894
1 1 2 2,93 12,81 -157,011 1646315895
1 1 2 2,86 12,56 -157,078 1646315895
1 1 2 2,93 12,31 -156,993 1646315895
1 1 2 3,11 12,12 -157,066 1646315896
1 1 2 3,36 12,06 -157,072 1646315896
1 1 2 3,61 12,12 -157,048 1646315896
1 1 2 3,80 12,31 -157,084 1646315897
1 1 3 9,19 9,19 -157,035 1646315898
1 1 3 9,69 9,19 -157,054 1646315898
1 1 3 9,63 9,44 -157,096 1646315899
1 1 3 9,44 9,63 -157,054 1646315899
1 1 3 9,19 9,69 -157,109 1646315900
1 1 3 8,94 9,63 -157,042 1646315900
1 1 3 8,76 9,44 -157,078 1646315901
1 1 3 8,69 9,19 -157,084 1646315901
1 1 3 8,76 8,94 -157,005 1646315902
1 1 3 8,94 8,76 -157,054 1646315902
1 1 3 9,19 8,69 -157,084 1646315903
1 1 3 9,44 8,76 -157,054 1646315903
1 1 3 9,63 8,94 -157,072 1646315903
1 1 4 12,56 3,36 -157,096 1646315904
1 1 4 13,06 3,36 -157,084 1646315905
1 1 4 12,99 3,61 -157,035 1646315905
1 1 4 12,81 3,80 -157,072 1646315906
1 1 4 12,56 3,86 -157,072 1646315906
1 1 4 12,31 3,80 -157,054 1646315907
1 1 4 12,12 3,61 -157,103 1646315907
1 1 4 12,06 3,36 -157,048 1646315908
1 1 4 12,12 3,11 -157,072 1646315908
1 1 4 12,31 2,93 -157,066 1646315908
1 1 4 12,56 2,86 -157,084 1646315909
1 1 4 12,81 2,93 -157,072 1646315910
1 1 4 12,99 3,11 -157,023 1646315910
1 1 5 19,32 5,18 -157,066 1646315911
1 1 5 19,82 5,18 -157,096 1646315911
1 1 5 19,75 5,43 -157,084 1646315912
1 1 5 19,57 5,61 -157,035 1646315912
1 1 5 19,32 5,68 -157,072 1646315913
1 1 5 19,07 5,61 -157,078 1646315913
1 1 5 18,89 5,43 -157,072 1646315914
1 1 5 18,82 5,18 -157,035 1646315914
1 1 5 18,89 4,93 -157,060 1646315915
1 1 5 19,07 4,74 -157,011 1646315915
1 1 5 19,32 4,68 -157,066 1646315915
1 1 5 19,57 4,74 -157,060 1646315916
1 1 5 19,75 4,93 -157,054 1646315916
1 1 6 17,32 10,00 -157,011 1646315917
1 1 6 17,82 10,00 -157,121 1646315918
1 1 6 17,75 10,25 -157,054 1646315918
1 1 6 17,57 10,43 -156,706 1646315919
1 1 6 17,32 10,50 -157,072 1646315919
1 1 6 17,07 10,43 -157,035 1646315920
1 1 6 16,89 10,25 -157,060 1646315920
1 1 6 16,82 10,00 -157,048 1646315921
1 1 6 16,89 9,75 -157,048 1646315922
1 1 6 17,07 9,57 -157,096 1646315922
1 1 6 17,32 9,50 -157,042 1646315922
1 1 6 17,57 9,57 -157,060 1646315923
1 1 6 17,75 9,75 -157,096 1646315923
1 1 7 14,14 14,14 -157,035 1646315924
1 1 7 14,64 14,14 -157,066 1646315925
1 1 7 14,58 14,39 -157,011 1646315925
1 1 7 14,39 14,58 -157,096 1646315926
1 1 7 14,14 14,64 -157,127 1646315926
1 1 7 13,89 14,58 -157,078 1646315927
1 1 7 13,71 14,39 -157,072 1646315927
1 1 7 13,64 14,14 -157,017 1646315928
1 1 7 13,71 13,89 -157,048 1646315928
1 1 7 13,89 13,71 -157,042 1646315928
1 1 7 14,14 13,64 -157,060 1646315929
1 1 7 14,39 13,71 -157,072 1646315930
1 1 7 14,58 13,89 -157,054 1646315930
1 1 8 10,00 17,32 -157,103 1646315931
1 1 8 10,50 17,32 -157,042 1646315931
1 1 8 10,43 17,57 -157,048 1646315931
1 1 8 10,25 17,75 -157,084 1646315932
1 1 8 10,00 17,82 -157,066 1646315933
1 1 8 9,75 17,75 -157,072 1646315933
1 1 8 9,57 17,57 -157,035 1646315934
1 1 8 9,50 17,32 -157,103 1646315934
1 1 8 9,57 17,07 -157,096 1646315935
1 1 8 9,75 16,89 -157,042 1646315935
1 1 8 10,00 16,82 -157,054 1646315936
1 1 8 10,25 16,89 -157,072 1646315936
1 1 8 10,43 17,07 -157,072 1646315936
1 1 9 5,18 19,32 -157,060 1646315937
1 1 9 5,68 19,32 -157,029 1646315938
1 1 9 5,61 19,57 -157,096 1646315938
1 1 9 5,43 19,75 -157,042 1646315939
1 1 9 5,18 19,82 -157,066 1646315939
1 1 9 4,93 19,75 -157,054 1646315940
1 1 9 4,74 19,57 -157,060 1646315940
1 1 9 4,68 19,32 -157,072 1646315941
1 1 9 4,74 19,07 -157,072 1646315941
1 1 9 4,93 18,89 -157,066 1646315941
1 1 9 5,18 18,82 -156,999 1646315942
1 1 9 5,43 18,89 -157,035 1646315943
1 1 9 5,61 19,07 -157,078 1646315943
1 1 10 -5,18 19,32 -157,042 1646315944
1 1 10 -4,68 19,32 -157,017 1646315944
1 1 10 -4,74 19,57 -157,072 1646315945
1 1 10 -4,93 19,75 -157,060 1646315945
1 1 10 -5,18 19,82 -157,035 1646315946
1 1 10 -5,43 19,75 -157,090 1646315946
1 1 10 -5,61 19,57 -157,048 1646315947
1 1 10 -5,68 19,32 -157,017 1646315947
1 1 10 -5,61 19,07 -157,048 1646315948
1 1 10 -5,43 18,89 -157,121 1646315948
1 1 10 -5,18 18,82 -157,017 1646315949
1 1 10 -4,93 18,89 -157,066 1646315949
1 1 10 -4,74 19,07 -157,084 1646315950
1 1 11 -10,00 17,32 -157,078 1646315950
1 1 11 -9,50 17,32 -157,090 1646315951
1 1 11 -9,57 17,57 -157,054 1646315951
1 1 11 -9,75 17,75 -157,072 1646315952
1 1 11 -10,00 17,82 -157,109 1646315952
1 1 11 -10,25 17,75 -157,048 1646315953
1 1 11 -10,43 17,57 -157,060 1646315953
1 1 11 -10,50 17,32 -157,072 1646315954
1 1 11 -10,43 17,07 -157,060 1646315954
1 1 11 -10,25 16,89 -157,109 1646315954
1 1 11 -10,00 16,82 -157,072 1646315955
1 1 11 -9,75 16,89 -157,054 1646315956
1 1 11 -9,57 17,07 -157,084 1646315956
1 1 12 -14,14 14,14 -157,017 1646315957
1 1 12 -13,64 14,14 -157,072 1646315957
1 1 12 -13,71 14,39 -157,072 1646315958
1 1 12 -13,89 14,58 -157,054 1646315958
1 1 12 -14,14 14,64 -157,035 1646315958
1 1 12 -14,39 14,58 -157,066 1646315959
1 1 12 -14,58 14,39 -157,078 1646315959
1 1 12 -14,64 14,14 -157,023 1646315960
1 1 12 -14,58 13,89 -157,072 1646315960
1 1 12 -14,39 13,71 -157,005 1646315961
1 1 12 -14,14 13,64 -157,060 1646315961
1 1 12 -13,89 13,71 -157,060 1646315962
1 1 12 -13,71 13,89 -157,066 1646315962
1 1 13 -17,32 10,00 -157,096 1646315963
1 1 13 -16,82 10,00 -157,078 1646315963
1 1 13 -16,89 10,25 -157,042 1646315964
1 1 13 -17,07 10,43 -157,084 1646315964
1 1 13 -17,32 10,50 -157,078 1646315965
1 1 13 -17,57 10,43 -157,066 1646315966
1 1 13 -17,75 10,25 -157,084 1646315966
1 1 13 -17,82 10,00 -157,103 1646315966
1 1 13 -17,75 9,75 -157,090 1646315967
1 1 13 -17,57 9,57 -157,066 1646315967
1 1 13 -17,32 9,50 -157,096 1646315968
1 1 13 -17,07 9,57 -157,035 1646315968
1 1 13 -16,89 9,75 -157,072 1646315969
1 1 14 -19,32 5,18 -157,054 1646315969
1 1 14 -18,82 5,18 -156,993 1646315970
1 1 14 -18,89 5,43 -157,127 1646315971
1 1 14 -19,07 5,61 -157,048 1646315971
1 1 14 -19,32 5,68 -157,042 1646315971
1 1 14 -19,57 5,61 -157,078 1646315972
1 1 14 -19,75 5,43 -157,048 1646315972
1 1 14 -19,82 5,18 -157,023 1646315973
1 1 14 -19,75 4,93 -157,048 1646315973
1 1 14 -19,57 4,74 -157,042 1646315974
1 1 14 -19,32 4,68 -157,078 1646315974
1 1 14 -19,07 4,74 -157,054 1646315975
1 1 14 -18,89 4,93 -157,072 1646315975
1 1 15 -12,56 3,36 -157,042 1646315976
1 1 15 -12,06 3,36 -157,017 1646315977
1 1 15 -12,12 3,61 -157,023 1646315977
1 1 15 -12,31 3,80 -157,072 1646315977
1 1 15 -12,56 3,86 -157,066 1646315978
1 1 15 -12,81 3,80 -157,096 1646315979
1 1 15 -12,99 3,61 -157,072 1646315979
1 1 15 -13,06 3,36 -157,060 1646315979
1 1 15 -12,99 3,11 -157,072 1646315980
1 1 15 -12,81 2,93 -157,072 1646315980
1 1 15 -12,56 2,86 -157,096 1646315981
1 1 15 -12,31 2,93 -157,072 1646315981
1 1 15 -12,12 3,11 -157,060 1646315982
1 1 16 -9,19 9,19 -157,023 1646315983
1 1 16 -8,69 9,19 -157,048 1646315983
1 1 16 -8,76 9,44 -157,066 1646315984
1 1 16 -8,94 9,63 -157,078 1646315984
1 1 16 -9,19 9,69 -157,042 1646315985
1 1 16 -9,44 9,63 -157,035 1646315985
1 1 16 -9,63 9,44 -156,956 1646315985
1 1 16 -9,69 9,19 -157,042 1646315986
1 1 16 -9,63 8,94 -157,084 1646315987
1 1 16 -9,44 8,76 -157,078 1646315987
1 1 16 -9,19 8,69 -157,072 1646315987
1 1 16 -8,94 8,76 -157,072 1646315988
1 1 16 -8,76 8,94 -157,060 1646315988
1 1 17 -3,36 12,56 -157,072 1646315989
1 1 17 -2,86 12,56 -156,993 1646315990
1 1 17 -2,93 12,81 -157,023 1646315990
1 1 17 -3,11 12,99 -157,072 1646315991
1 1 17 -3,36 13,06 -157,042 1646315991
1 1 17 -3,61 12,99 -157,054 1646315992
1 1 17 -3,80 12,81 -157,054 1646315992
1 1 17 -3,86 12,56 -157,090 1646315993
1 1 17 -3,80 12,31 -157,072 1646315993
1 1 17 -3,61 12,12 -157,011 1646315994
1 1 17 -3,36 12,06 -157,029 1646315994
1 1 17 -3,11 12,12 -157,072 1646315995
1 1 17 -2,93 12,31 -157,060 1646315995
1 1 18 -4,24 4,24 -157,078 1646315996
1 1 18 -3,74 4,24 -157,042 1646315997
1 1 18 -3,81 4,49 -157,078 1646315997
1 1 18 -3,99 4,68 -157,066 1646315998
1 1 18 -4,24 4,74 -157,109 1646315998
1 1 18 -4,49 4,68 -156,999 1646315999
1 1 18 -4,68 4,49 -156,993 1646315999
1 1 18 -4,74 4,24 -157,121 1646316000
1 1 18 -4,68 3,99 -157,060 1646316000
1 1 18 -4,49 3,81 -157,103 1646316001
1 1 18 -4,24 3,74 -157,042 1646316001
1 1 18 -3,99 3,81 -157,072 1646316002
1 1 18 -3,81 3,99 -157,023 1646316002
1 1 19 -4,24 -4,24 -157,133 1646316003
1 1 19 -3,74 -4,24 -157,096 1646316004
1 1 19 -3,81 -3,99 -157,029 1646316004
1 1 19 -3,99 -3,81 -157,023 1646316005
1 1 19 -4,24 -3,74 -157,096 1646316005
1 1 19 -4,49 -3,81 -157,035 1646316006
1 1 19 -4,68 -3,99 -157,072 1646316006
1 1 19 -4,74 -4,24 -157,017 1646316007
1 1 19 -4,68 -4,49 -157,042 1646316007
1 1 19 -4,49 -4,68 -157,078 1646316007
1 1 19 -4,24 -4,74 -157,048 1646316008
1 1 19 -3,99 -4,68 -157,133 1646316009
1 1 19 -3,81 -4,49 -157,035 1646316009
1 1 20 -3,36 -12,56 -157,060 1646316010
1 1 20 -2,86 -12,56 -157,072 1646316010
1 1 20 -2,93 -12,31 -157,060 1646316010
1 1 20 -3,11 -12,12 -157,090 1646316011
1 1 20 -3,36 -12,06 -157,096 1646316012
1 1 20 -3,61 -12,12 -157,023 1646316012
1 1 20 -3,80 -12,31 -157,029 1646316013
1 1 20 -3,86 -12,56 -157,011 1646316013
1 1 20 -3,80 -12,81 -157,035 1646316014
1 1 20 -3,61 -12,99 -157,078 1646316014
1 1 20 -3,36 -13,06 -157,078 1646316015
1 1 20 -3,11 -12,99 -157,035 1646316015
1 1 20 -2,93 -12,81 -156,999 1646316016
1 1 21 -9,19 -9,19 -157,090 1646316017
1 1 21 -8,69 -9,19 -157,060 1646316017
1 1 21 -8,76 -8,94 -157,042 1646316017
1 1 21 -8,94 -8,76 -156,993 1646316018
1 1 21 -9,19 -8,69 -157,005 1646316018
1 1 21 -9,44 -8,76 -157,060 1646316018
1 1 21 -9,63 -8,94 -157,054 1646316019
1 1 21 -9,69 -9,19 -157,042 1646316019
1 1 21 -9,63 -9,44 -157,035 1646316019
1 1 21 -9,44 -9,63 -157,072 1646316020
1 1 21 -9,19 -9,69 -157,060 1646316020
1 1 21 -8,94 -9,63 -157,017 1646316020
1 1 21 -8,76 -9,44 -157,060 1646316021
1 1 22 -12,56 -3,36 -157,066 1646316022
1 1 22 -12,06 -3,36 -157,005 1646316022
1 1 22 -12,12 -3,11 -157,096 1646316022
1 1 22 -12,31 -2,93 -157,115 1646316023
1 1 22 -12,56 -2,86 -157,042 1646316023
1 1 22 -12,81 -2,93 -157,066 1646316023
1 1 22 -12,99 -3,11 -157,023 1646316024
1 1 22 -13,06 -3,36 -157,060 1646316025
1 1 22 -12,99 -3,61 -157,048 1646316025
1 1 22 -12,81 -3,80 -157,072 1646316026
1 1 22 -12,56 -3,86 -157,042 1646316026
1 1 22 -12,31 -3,80 -157,042 1646316027
1 1 22 -12,12 -3,61 -157,054 1646316027
1 1 23 -19,32 -5,18 -157,072 1646316028
1 1 23 -18,82 -5,18 -157,060 1646316029
1 1 23 -18,89 -4,93 -156,968 1646316029
1 1 23 -19,07 -4,74 -157,048 1646316030
1 1 23 -19,32 -4,68 -157,011 1646316030
1 1 23 -19,57 -4,74 -157,096 1646316031
1 1 23 -19,75 -4,93 -157,023 1646316031
1 1 23 -19,82 -5,18 -157,042 1646316032
1 1 23 -19,75 -5,43 -157,066 1646316032
1 1 23 -19,57 -5,61 -157,066 1646316032
1 1 23 -19,32 -5,68 -157,072 1646316033
1 1 23 -19,07 -5,61 -157,096 1646316034
1 1 23 -18,89 -5,43 -157,072 1646316034
1 1 24 -17,32 -10,00 -157,042 1646316035
1 1 24 -16,82 -10,00 -157,054 1646316035
1 1 24 -16,89 -9,75 -157,078 1646316035
1 1 24 -17,07 -9,57 -157,042 1646316036
1 1 24 -17,32 -9,50 -157,084 1646316036
1 1 24 -17,57 -9,57 -157,072 1646316036
1 1 24 -17,75 -9,75 -157,121 1646316037
1 1 24 -17,82 -10,00 -157,084 1646316037
1 1 24 -17,75 -10,25 -157,029 1646316038
1 1 24 -17,57 -10,43 -157,048 1646316038
1 1 24 -17,32 -10,50 -157,127 1646316038
1 1 24 -17,07 -10,43 -157,078 1646316039
1 1 24 -16,89 -10,25 -157,072 1646316039
1 1 25 -14,14 -14,14 -157,042 1646316040
1 1 25 -13,64 -14,14 -157,042 1646316041
1 1 25 -13,71 -13,89 -157,072 1646316041
1 1 25 -13,89 -13,71 -157,078 1646316042
1 1 25 -14,14 -13,64 -157,078 1646316042
1 1 25 -14,39 -13,71 -156,987 1646316043
1 1 25 -14,58 -13,89 -157,060 1646316043
1 1 25 -14,64 -14,14 -157,054 1646316044
1 1 25 -14,58 -14,39 -157,072 1646316044
1 1 25 -14,39 -14,58 -157,029 1646316044
1 1 25 -14,14 -14,64 -157,072 1646316045
1 1 25 -13,89 -14,58 -157,060 1646316045
1 1 25 -13,71 -14,39 -157,054 1646316046
1 1 26 -10,00 -17,32 -157,035 1646316047
1 1 26 -9,50 -17,32 -157,090 1646316047
1 1 26 -9,57 -17,07 -157,054 1646316048
1 1 26 -9,75 -16,89 -157,078 1646316048
1 1 26 -10,00 -16,82 -157,084 1646316049
1 1 26 -10,25 -16,89 -157,042 1646316049
1 1 26 -10,43 -17,07 -157,042 1646316049
1 1 26 -10,50 -17,32 -157,054 1646316050
1 1 26 -10,43 -17,57 -157,023 1646316051
1 1 26 -10,25 -17,75 -157,048 1646316051
1 1 26 -10,00 -17,82 -157,072 1646316052
1 1 26 -9,75 -17,75 -157,042 1646316052
1 1 26 -9,57 -17,57 -157,035 1646316052
1 1 27 -5,18 -19,32 -157,078 1646316053
1 1 27 -4,68 -19,32 -157,048 1646316053
1 1 27 -4,74 -19,07 -157,060 1646316054
1 1 27 -4,93 -18,89 -157,042 1646316055
1 1 27 -5,18 -18,82 -157,054 1646316055
1 1 27 -5,43 -18,89 -157,078 1646316056
1 1 27 -5,61 -19,07 -157,042 1646316056
1 1 27 -5,68 -19,32 -157,066 1646316057
1 1 27 -5,61 -19,57 -157,060 1646316057
1 1 27 -5,43 -19,75 -157,005 1646316057
1 1 27 -5,18 -19,82 -157,048 1646316058
1 1 27 -4,93 -19,75 -157,109 1646316058
1 1 27 -4,74 -19,57 -157,060 1646316059
1 1 28 5,18 -19,32 -157,042 1646316060
1 1 28 5,68 -19,32 -157,060 1646316060
1 1 28 5,61 -19,07 -157,035 1646316061
1 1 28 5,43 -18,89 -157,060 1646316061
1 1 28 5,18 -18,82 -157,042 1646316062
1 1 28 4,93 -18,89 -157,042 1646316062
1 1 28 4,74 -19,07 -157,048 1646316063
1 1 28 4,68 -19,32 -157,035 1646316063
1 1 28 4,74 -19,57 -157,023 1646316064
1 1 28 4,93 -19,75 -157,042 1646316064
1 1 28 5,18 -19,82 -157,096 1646316065
1 1 28 5,43 -19,75 -157,084 1646316065
1 1 28 5,61 -19,57 -157,072 1646316065
1 1 29 10,00 -17,32 -157,084 1646316066
1 1 29 10,50 -17,32 -157,072 1646316067
1 1 29 10,43 -17,07 -157,048 1646316067
1 1 29 10,25 -16,89 -157,078 1646316067
1 1 29 10,00 -16,82 -157,042 1646316068
1 1 29 9,75 -16,89 -157,115 1646316068
1 1 29 9,57 -17,07 -156,999 1646316069
1 1 29 9,50 -17,32 -157,011 1646316069
1 1 29 9,57 -17,57 -157,042 1646316070
1 1 29 9,75 -17,75 -157,029 1646316070
1 1 29 10,00 -17,82 -156,999 1646316071
1 1 29 10,25 -17,75 -157,072 1646316072
1 1 29 10,43 -17,57 -157,072 1646316072
1 1 30 14,14 -14,14 -157,035 1646316073
1 1 30 14,64 -14,14 -157,035 1646316073
1 1 30 14,58 -13,89 -157,066 1646316074
1 1 30 14,39 -13,71 -157,048 1646316074
1 1 30 14,14 -13,64 -156,962 1646316075
1 1 30 13,89 -13,71 -157,072 1646316075
1 1 30 13,71 -13,89 -157,042 1646316076
1 1 30 13,64 -14,14 -157,066 1646316076
1 1 30 13,71 -14,39 -157,011 1646316077
1 1 30 13,89 -14,58 -157,072 1646316077
1 1 30 14,14 -14,64 -157,072 1646316078
1 1 30 14,39 -14,58 -157,103 1646316078
1 1 30 14,58 -14,39 -157,084 1646316079
1 1 31 17,32 -10,00 -157,103 1646316080
1 1 31 17,82 -10,00 -157,090 1646316080
1 1 31 17,75 -9,75 -157,084 1646316080
1 1 31 17,57 -9,57 -157,042 1646316081
1 1 31 17,32 -9,50 -157,084 1646316081
1 1 31 17,07 -9,57 -157,017 1646316082
1 1 31 16,89 -9,75 -157,072 1646316082
1 1 31 16,82 -10,00 -157,060 1646316083
1 1 31 16,89 -10,25 -157,048 1646316084
1 1 31 17,07 -10,43 -157,048 1646316084
1 1 31 17,32 -10,50 -157,121 1646316085
1 1 31 17,57 -10,43 -157,066 1646316085
1 1 31 17,75 -10,25 -157,042 1646316085
1 1 32 19,32 -5,18 -157,084 1646316086
1 1 32 19,82 -5,18 -157,023 1646316087
1 1 32 19,75 -4,93 -157,054 1646316088
1 1 32 19,57 -4,74 -157,023 1646316088
1 1 32 19,32 -4,68 -157,054 1646316088
1 1 32 19,07 -4,74 -157,035 1646316089
1 1 32 18,89 -4,93 -157,029 1646316089
1 1 32 18,82 -5,18 -157,072 1646316090
1 1 32 18,89 -5,43 -157,078 1646316090
1 1 32 19,07 -5,61 -157,035 1646316091
1 1 32 19,32 -5,68 -157,042 1646316091
1 1 32 19,57 -5,61 -156,797 1646316092
1 1 32 19,75 -5,43 -157,115 1646316092
1 1 33 12,56 -3,36 -157,023 1646316093
1 1 33 13,06 -3,36 -157,048 1646316094
1 1 33 12,99 -3,11 -157,005 1646316094
1 1 33 12,81 -2,93 -157,066 1646316094
1 1 33 12,56 -2,86 -157,029 1646316095
1 1 33 12,31 -2,93 -157,048 1646316096
1 1 33 12,12 -3,11 -157,035 1646316096
1 1 33 12,06 -3,36 -157,078 1646316096
1 1 33 12,12 -3,61 -157,084 1646316097
1 1 33 12,31 -3,80 -157,005 1646316097
1 1 33 12,56 -3,86 -156,999 1646316098
1 1 33 12,81 -3,80 -157,029 1646316098
1 1 33 12,99 -3,61 -157,090 1646316099
1 1 34 9,19 -9,19 -157,066 1646316100
1 1 34 9,69 -9,19 -157,048 1646316100
1 1 34 9,63 -8,94 -157,035 1646316101
1 1 34 9,44 -8,76 -157,048 1646316101
1 1 34 9,19 -8,69 -157,072 1646316102
1 1 34 8,94 -8,76 -157,078 1646316102
1 1 34 8,76 -8,94 -156,999 1646316103
1 1 34 8,69 -9,19 -157,078 1646316103
1 1 34 8,76 -9,44 -157,023 1646316104
1 1 34 8,94 -9,63 -157,103 1646316104
1 1 34 9,19 -9,69 -157,060 1646316105
1 1 34 9,44 -9,63 -157,066 1646316105
1 1 34 9,63 -9,44 -157,054 1646316106
1 1 35 3,36 -12,56 -157,042 1646316107
1 1 35 3,86 -12,56 -156,999 1646316107
1 1 35 3,80 -12,31 -157,096 1646316108
1 1 35 3,61 -12,12 -157,023 1646316108
1 1 35 3,36 -12,06 -157,048 1646316109
1 1 35 3,11 -12,12 -157,096 1646316109
1 1 35 2,93 -12,31 -157,042 1646316109
1 1 35 2,86 -12,56 -157,029 1646316110
1 1 35 2,93 -12,81 -157,090 1646316111
1 1 35 3,11 -12,99 -157,023 1646316111
1 1 35 3,36 -13,06 -157,035 1646316111
1 1 35 3,61 -12,99 -157,096 1646316112
1 1 35 3,80 -12,81 -157,048 1646316112
1 1 36 4,24 -4,24 -157,084 1646316113
1 1 36 4,74 -4,24 -156,999 1646316114
1 1 36 4,68 -3,99 -157,042 1646316114
1 1 36 4,49 -3,81 -157,005 1646316114
1 1 36 4,24 -3,74 -157,072 1646316115
1 1 36 3,99 -3,81 -157,066 1646316115
1 1 36 3,81 -3,99 -157,011 1646316115
1 1 36 3,74 -4,24 -157,060 1646316116
1 1 36 3,81 -4,49 -157,066 1646316116
1 1 36 3,99 -4,68 -157,066 1646316117
1 1 36 4,24 -4,74 -157,084 1646316117
1 1 36 4,49 -4,68 -157,060 1646316118
1 1 36 4,68 -4,49 -157,066 1646316118
1 1 37 27,00 0,00 -157,084 1646316120
1 1 37 27,50 0,00 -157,035 1646316120
1 1 37 27,43 0,25 -157,048 1646316121
1 1 37 27,25 0,43 -157,042 1646316122
1 1 37 27,00 0,50 -157,084 1646316122
1 1 37 26,75 0,43 -157,048 1646316123
1 1 37 26,57 0,25 -157,090 1646316123
1 1 37 26,50 0,00 -157,066 1646316123
1 1 37 26,57 -0,25 -157,060 1646316124
1 1 37 26,75 -0,43 -157,054 1646316124
1 1 37 27,00 -0,50 -157,035 1646316125
1 1 37 27,25 -0,43 -157,017 1646316125
1 1 37 27,43 -0,25 -156,730 1646316126
1 1 38 26,08 6,99 -157,042 1646316127
1 1 38 26,58 6,99 -157,048 1646316127
1 1 38 26,51 7,24 -157,054 1646316127
1 1 38 26,33 7,42 -157,078 1646316128
1 1 38 26,08 7,49 -157,060 1646316128
1 1 38 25,83 7,42 -157,084 1646316128
1 1 38 25,65 7,24 -156,999 1646316129
1 1 38 25,58 6,99 -157,035 1646316130
1 1 38 25,65 6,74 -157,054 1646316130
1 1 38 25,83 6,56 -157,042 1646316130
1 1 38 26,08 6,49 -157,048 1646316131
1 1 38 26,33 6,56 -157,054 1646316132
1 1 38 26,51 6,74 -157,078 1646316132
1 1 39 23,38 13,50 -157,072 1646316133
1 1 39 23,88 13,50 -157,054 1646316133
1 1 39 23,82 13,75 -157,035 1646316133
1 1 39 23,63 13,93 -157,048 1646316134
1 1 39 23,38 14,00 -157,078 1646316134
1 1 39 23,13 13,93 -157,023 1646316135
1 1 39 22,95 13,75 -157,072 1646316135
1 1 39 22,88 13,50 -157,115 1646316136
1 1 39 22,95 13,25 -157,072 1646316136
1 1 39 23,13 13,07 -157,035 1646316137
1 1 39 23,38 13,00 -156,993 1646316137
1 1 39 23,63 13,07 -157,115 1646316138
1 1 39 23,82 13,25 -157,115 1646316138
1 1 40 19,09 19,09 -157,078 1646316139
1 1 40 19,59 19,09 -157,054 1646316140
1 1 40 19,52 19,34 -157,090 1646316140
1 1 40 19,34 19,52 -157,072 1646316140
1 1 40 19,09 19,59 -157,078 1646316141
1 1 40 18,84 19,52 -157,035 1646316142
1 1 40 18,66 19,34 -156,968 1646316142
1 1 40 18,59 19,09 -157,017 1646316142
1 1 40 18,66 18,84 -157,035 1646316143
1 1 40 18,84 18,66 -157,011 1646316143
1 1 40 19,09 18,59 -157,066 1646316144
1 1 40 19,34 18,66 -157,066 1646316144
1 1 40 19,52 18,84 -157,072 1646316145
1 1 41 13,50 23,38 -157,078 1646316146
1 1 41 14,00 23,38 -157,072 1646316146
1 1 41 13,93 23,63 -157,066 1646316146
1 1 41 13,75 23,82 -157,084 1646316147
1 1 41 13,50 23,88 -157,035 1646316147
1 1 41 13,25 23,82 -157,066 1646316147
1 1 41 13,07 23,63 -157,084 1646316148
1 1 41 13,00 23,38 -157,078 1646316148
1 1 41 13,07 23,13 -157,060 1646316148
1 1 41 13,25 22,95 -157,096 1646316149
1 1 41 13,50 22,88 -157,011 1646316150
1 1 41 13,75 22,95 -157,109 1646316150
1 1 41 13,93 23,13 -157,090 1646316151
1 1 42 6,99 26,08 -157,078 1646316151
1 1 42 7,49 26,08 -157,042 1646316152
1 1 42 7,42 26,33 -157,066 1646316153
1 1 42 7,24 26,51 -157,035 1646316153
1 1 42 6,99 26,58 -157,072 1646316154
1 1 42 6,74 26,51 -157,078 1646316154
1 1 42 6,56 26,33 -156,993 1646316154
1 1 42 6,49 26,08 -157,066 1646316155
1 1 42 6,56 25,83 -157,066 1646316156
1 1 42 6,74 25,65 -157,090 1646316156
1 1 42 6,99 25,58 -157,054 1646316156
1 1 42 7,24 25,65 -157,042 1646316157
1 1 42 7,42 25,83 -157,066 1646316157
1 1 43 0,00 27,00 -156,999 1646316158
1 1 43 0,50 27,00 -157,096 1646316159
1 1 43 0,43 27,25 -157,035 1646316159
1 1 43 0,25 27,43 -157,060 1646316160
1 1 43 0,00 27,50 -157,029 1646316160
1 1 43 -0,25 27,43 -157,023 1646316161
1 1 43 -0,43 27,25 -157,023 1646316161
1 1 43 -0,50 27,00 -157,048 1646316162
1 1 43 -0,43 26,75 -157,078 1646316162
1 1 43 -0,25 26,57 -157,078 1646316162
1 1 43 0,00 26,50 -157,090 1646316163
1 1 43 0,25 26,57 -157,072 1646316164
1 1 43 0,43 26,75 -157,084 1646316164
1 1 44 -6,99 26,08 -157,066 1646316165
1 1 44 -6,49 26,08 -157,066 1646316166
1 1 44 -6,56 26,33 -157,115 1646316166
1 1 44 -6,74 26,51 -157,096 1646316167
1 1 44 -6,99 26,58 -157,115 1646316167
1 1 44 -7,24 26,51 -157,048 1646316168
1 1 44 -7,42 26,33 -157,139 1646316168
1 1 44 -7,49 26,08 -157,078 1646316169
1 1 44 -7,42 25,83 -157,060 1646316169
1 1 44 -7,24 25,65 -157,066 1646316169
1 1 44 -6,99 25,58 -157,072 1646316170
1 1 44 -6,74 25,65 -157,072 1646316171
1 1 44 -6,56 25,83 -157,048 1646316171
1 1 45 -13,50 23,38 -157,060 1646316172
1 1 45 -13,00 23,38 -157,066 1646316172
1 1 45 -13,07 23,63 -157,060 1646316172
1 1 45 -13,25 23,82 -157,109 1646316173
1 1 45 -13,50 23,88 -157,072 1646316173
1 1 45 -13,75 23,82 -157,115 1646316174
1 1 45 -13,93 23,63 -157,029 1646316174
1 1 45 -14,00 23,38 -157,115 1646316174
1 1 45 -13,93 23,13 -157,029 1646316175
1 1 45 -13,75 22,95 -157,078 1646316175
1 1 45 -13,50 22,88 -157,072 1646316176
1 1 45 -13,25 22,95 -157,042 1646316177
1 1 45 -13,07 23,13 -157,096 1646316177
1 1 46 -19,09 19,09 -157,035 1646316178
1 1 46 -18,59 19,09 -157,054 1646316178
1 1 46 -18,66 19,34 -157,096 1646316179
1 1 46 -18,84 19,52 -157,084 1646316179
1 1 46 -19,09 19,59 -157,084 1646316180
1 1 46 -19,34 19,52 -157,084 1646316180
1 1 46 -19,52 19,34 -157,084 1646316180
1 1 46 -19,59 19,09 -157,078 1646316181
1 1 46 -19,52 18,84 -157,084 1646316182
1 1 46 -19,34 18,66 -157,096 1646316182
1 1 46 -19,09 18,59 -157,035 1646316183
1 1 46 -18,84 18,66 -157,115 1646316183
1 1 46 -18,66 18,84 -157,035 1646316183
1 1 47 -23,38 13,50 -157,048 1646316184
1 1 47 -22,88 13,50 -157,060 1646316185
1 1 47 -22,95 13,75 -157,078 1646316185
1 1 47 -23,13 13,93 -157,060 1646316186
1 1 47 -23,38 14,00 -157,072 1646316186
1 1 47 -23,63 13,93 -157,072 1646316187
1 1 47 -23,82 13,75 -157,060 1646316187
1 1 47 -23,88 13,50 -157,084 1646316188
1 1 47 -23,82 13,25 -157,054 1646316189
1 1 47 -23,63 13,07 -157,078 1646316189
1 1 47 -23,38 13,00 -157,121 1646316189
1 1 47 -23,13 13,07 -157,121 1646316190
1 1 47 -22,95 13,25 -157,078 1646316190
1 1 48 -26,08 6,99 -157,054 1646316191
1 1 48 -25,58 6,99 -157,139 1646316192
1 1 48 -25,65 7,24 -157,066 1646316192
1 1 48 -25,83 7,42 -157,127 1646316193
1 1 48 -26,08 7,49 -157,078 1646316193
1 1 48 -26,33 7,42 -157,060 1646316194
1 1 48 -26,51 7,24 -157,060 1646316195
1 1 48 -26,58 6,99 -157,109 1646316195
1 1 48 -26,51 6,74 -157,072 1646316196
1 1 48 -26,33 6,56 -157,011 1646316196
1 1 48 -26,08 6,49 -157,011 1646316196
1 1 48 -25,83 6,56 -157,023 1646316197
1 1 48 -25,65 6,74 -157,096 1646316197
1 1 49 -27,00 0,00 -157,072 1646316198
1 1 49 -26,50 0,00 -157,109 1646316199
1 1 49 -26,57 0,25 -157,035 1646316200
1 1 49 -26,75 0,43 -157,042 1646316200
1 1 49 -27,00 0,50 -157,084 1646316200
1 1 49 -27,25 0,43 -157,060 1646316201
1 1 49 -27,43 0,25 -157,035 1646316201
1 1 49 -27,50 0,00 -157,060 1646316202
1 1 49 -27,43 -0,25 -157,042 1646316202
1 1 49 -27,25 -0,43 -157,084 1646316203
1 1 49 -27,00 -0,50 -157,042 1646316203
1 1 49 -26,75 -0,43 -157,103 1646316204
1 1 49 -26,57 -0,25 -157,035 1646316204
1 1 50 -26,08 -6,99 -157,115 1646316205
1 1 50 -25,58 -6,99 -157,042 1646316205
1 1 50 -25,65 -6,74 -157,072 1646316206
1 1 50 -25,83 -6,56 -157,084 1646316206
1 1 50 -26,08 -6,49 -157,011 1646316207
1 1 50 -26,33 -6,56 -157,078 1646316208
1 1 50 -26,51 -6,74 -157,017 1646316208
1 1 50 -26,58 -6,99 -157,066 1646316208
1 1 50 -26,51 -7,24 -157,060 1646316209
1 1 50 -26,33 -7,42 -157,078 1646316209
1 1 50 -26,08 -7,49 -157,103 1646316210
1 1 50 -25,83 -7,42 -157,078 1646316210
1 1 50 -25,65 -7,24 -157,133 1646316211
1 1 51 -23,38 -13,50 -157,005 1646316211
1 1 51 -22,88 -13,50 -157,084 1646316212
1 1 51 -22,95 -13,25 -157,096 1646316212
1 1 51 -23,13 -13,07 -157,072 1646316212
1 1 51 -23,38 -13,00 -157,054 1646316213
1 1 51 -23,63 -13,07 -157,048 1646316213
1 1 51 -23,82 -13,25 -157,090 1646316213
1 1 51 -23,88 -13,50 -157,096 1646316214
1 1 51 -23,82 -13,75 -157,035 1646316214
1 1 51 -23,63 -13,93 -157,060 1646316215
1 1 51 -23,38 -14,00 -157,035 1646316215
1 1 51 -23,13 -13,93 -157,072 1646316215
1 1 51 -22,95 -13,75 -157,096 1646316216
1 1 52 -19,09 -19,09 -157,017 1646316217
1 1 52 -18,59 -19,09 -157,096 1646316217
1 1 52 -18,66 -18,84 -157,096 1646316217
1 1 52 -18,84 -18,66 -157,005 1646316218
1 1 52 -19,09 -18,59 -157,084 1646316218
1 1 52 -19,34 -18,66 -157,048 1646316218
1 1 52 -19,52 -18,84 -157,035 1646316219
1 1 52 -19,59 -19,09 -157,023 1646316219
1 1 52 -19,52 -19,34 -157,029 1646316219
1 1 52 -19,34 -19,52 -157,072 1646316220
1 1 52 -19,09 -19,59 -157,035 1646316221
1 1 52 -18,84 -19,52 -157,054 1646316221
1 1 52 -18,66 -19,34 -157,078 1646316221
1 1 53 -13,50 -23,38 -157,029 1646316222
1 1 53 -13,00 -23,38 -157,017 1646316223
1 1 53 -13,07 -23,13 -157,048 1646316224
1 1 53 -13,25 -22,95 -157,011 1646316224
1 1 53 -13,50 -22,88 -157,060 1646316224
1 1 53 -13,75 -22,95 -157,029 1646316225
1 1 53 -13,93 -23,13 -157,029 1646316225
1 1 53 -14,00 -23,38 -156,987 1646316226
1 1 53 -13,93 -23,63 -157,048 1646316226
1 1 53 -13,75 -23,82 -156,993 1646316227
1 1 53 -13,50 -23,88 -156,999 1646316227
1 1 53 -13,25 -23,82 -157,042 1646316228
1 1 53 -13,07 -23,63 -157,115 1646316228
1 1 54 -6,99 -26,08 -157,035 1646316229
1 1 54 -6,49 -26,08 -157,072 1646316229
1 1 54 -6,56 -25,83 -157,084 1646316230
1 1 54 -6,74 -25,65 -157,029 1646316230
1 1 54 -6,99 -25,58 -157,072 1646316231
1 1 54 -7,24 -25,65 -157,072 1646316231
1 1 54 -7,42 -25,83 -157,066 1646316232
1 1 54 -7,49 -26,08 -157,072 1646316232
1 1 54 -7,42 -26,33 -156,993 1646316233
1 1 54 -7,24 -26,51 -157,078 1646316233
1 1 54 -6,99 -26,58 -157,048 1646316234
1 1 54 -6,74 -26,51 -157,048 1646316234
1 1 54 -6,56 -26,33 -157,090 1646316234
1 1 55 -0,00 -27,00 -157,042 1646316235
1 1 55 0,50 -27,00 -157,060 1646316236
1 1 55 0,43 -26,75 -157,029 1646316237
1 1 55 0,25 -26,57 -157,078 1646316237
1 1 55 -0,00 -26,50 -157,017 1646316237
1 1 55 -0,25 -26,57 -157,035 1646316238
1 1 55 -0,43 -26,75 -157,066 1646316238
1 1 55 -0,50 -27,00 -157,023 1646316239
1 1 55 -0,43 -27,25 -157,011 1646316239
1 1 55 -0,25 -27,43 -156,981 1646316240
1 1 55 -0,00 -27,50 -157,023 1646316240
1 1 55 0,25 -27,43 -156,993 1646316241
1 1 55 0,43 -27,25 -157,005 1646316241
1 1 56 6,99 -26,08 -157,029 1646316242
1 1 56 7,49 -26,08 -157,048 1646316242
1 1 56 7,42 -25,83 -157,005 1646316243
1 1 56 7,24 -25,65 -157,042 1646316243
1 1 56 6,99 -25,58 -157,042 1646316244
1 1 56 6,74 -25,65 -157,066 1646316244
1 1 56 6,56 -25,83 -156,999 1646316245
1 1 56 6,49 -26,08 -157,042 1646316245
1 1 56 6,56 -26,33 -157,023 1646316246
1 1 56 6,74 -26,51 -156,999 1646316246
1 1 56 6,99 -26,58 -157,066 1646316247
1 1 56 7,24 -26,51 -157,072 1646316247
1 1 56 7,42 -26,33 -157,029 1646316247
1 1 57 13,50 -23,38 -157,072 1646316248
1 1 57 14,00 -23,38 -157,035 1646316249
1 1 57 13,93 -23,13 -157,048 1646316249
1 1 57 13,75 -22,95 -157,023 1646316249
1 1 57 13,50 -22,88 -157,048 1646316250
1 1 57 13,25 -22,95 -157,042 1646316250
1 1 57 13,07 -23,13 -157,017 1646316251
1 1 57 13,00 -23,38 -157,048 1646316251
1 1 57 13,07 -23,63 -157,066 1646316252
1 1 57 13,25 -23,82 -157,078 1646316252
1 1 57 13,50 -23,88 -157,103 1646316253
1 1 57 13,75 -23,82 -157,072 1646316253
1 1 57 13,93 -23,63 -157,060 1646316253
1 1 58 19,09 -19,09 -157,072 1646316254
1 1 58 19,59 -19,09 -157,035 1646316255
1 1 58 19,52 -18,84 -157,066 1646316256
1 1 58 19,34 -18,66 -157,011 1646316256
1 1 58 19,09 -18,59 -157,072 1646316256
1 1 58 18,84 -18,66 -157,054 1646316257
1 1 58 18,66 -18,84 -157,035 1646316257
1 1 58 18,59 -19,09 -157,103 1646316258
1 1 58 18,66 -19,34 -156,999 1646316258
1 1 58 18,84 -19,52 -156,999 1646316258
1 1 58 19,09 -19,59 -157,060 1646316259
1 1 58 19,34 -19,52 -157,072 1646316260
1 1 58 19,52 -19,34 -157,035 1646316260
1 1 59 23,38 -13,50 -157,011 1646316261
1 1 59 23,88 -13,50 -157,090 1646316261
1 1 59 23,82 -13,25 -157,121 1646316262
1 1 59 23,63 -13,07 -157,060 1646316262
1 1 59 23,38 -13,00 -157,066 1646316262
1 1 59 23,13 -13,07 -157,029 1646316263
1 1 59 22,95 -13,25 -157,060 1646316263
1 1 59 22,88 -13,50 -157,011 1646316263
1 1 59 22,95 -13,75 -157,048 1646316264
1 1 59 23,13 -13,93 -157,054 1646316265
1 1 59 23,38 -14,00 -157,017 1646316265
1 1 59 23,63 -13,93 -157,096 1646316266
1 1 59 23,82 -13,75 -157,072 1646316266
1 1 60 26,08 -6,99 -157,042 1646316267
1 1 60 26,58 -6,99 -157,084 1646316267
1 1 60 26,51 -6,74 -157,029 1646316268
1 1 60 26,33 -6,56 -157,029 1646316268
1 1 60 26,08 -6,49 -157,017 1646316268
1 1 60 25,83 -6,56 -157,072 1646316269
1 1 60 25,65 -6,74 -157,084 1646316269
1 1 60 25,58 -6,99 -157,078 1646316270
1 1 60 25,65 -7,24 -157,035 1646316270
1 1 60 25,83 -7,42 -157,005 1646316271
1 1 60 26,08 -7,49 -157,072 1646316271
1 1 60 26,33 -7,42 -157,029 1646316272
1 1 60 26,51 -7,24 -157,035 1646316272
