1 1 1 4,24 4,24 -157,060 1646314709
1 1 1 4,74 4,24 -157,048 1646314709
1 1 1 4,68 4,49 -157,054 1646314710
1 1 1 4,49 4,68 -157,078 1646314710
1 1 1 4,24 4,74 -157,066 1646314711
1 1 1 3,99 4,68 -157,084 1646314712
1 1 1 3,81 4,49 -156,791 1646314712
1 1 1 3,74 4,24 -157,072 1646314712
1 1 1 3,81 3,99 -157,084 1646314713
1 1 1 3,99 3,81 -157,078 1646314713
1 1 1 4,24 3,74 -157,060 1646314714
1 1 1 4,49 3,81 -157,078 1646314714
1 1 1 4,68 3,99 -157,078 1646314715
1 1 2 3,36 12,56 -157,048 1646314716
1 1 2 3,86 12,56 -157,096 1646314716
1 1 2 3,80 12,81 -157,054 1646314717
1 1 2 3,61 12,99 -157,035 1646314717
1 1 2 3,36 13,06 -157,060 1646314718
1 1 2 3,11 12,99 -157,109 1646314718
1 1 2 2,93 12,81 -157,023 1646314718
1 1 2 2,86 12,56 -157,096 1646314719
1 1 2 2,93 12,31 -157,023 1646314720
1 1 2 3,11 12,12 -157,078 1646314720
1 1 2 3,36 12,06 -157,060 1646314721
1 1 2 3,61 12,12 -157,096 1646314721
1 1 2 3,80 12,31 -157,066 1646314721
1 1 3 9,19 9,19 -157,060 1646314722
1 1 3 9,69 9,19 -157,060 1646314723
1 1 3 9,63 9,44 -157,090 1646314723
1 1 3 9,44 9,63 -157,060 1646314724
1 1 3 9,19 9,69 -157,072 1646314724
1 1 3 8,94 9,63 -157,005 1646314725
1 1 3 8,76 9,44 -157,048 1646314725
1 1 3 8,69 9,19 -157,090 1646314726
1 1 3 8,76 8,94 -157,042 1646314726
1 1 3 8,94 8,76 -157,066 1646314727
1 1 3 9,19 8,69 -157,054 1646314727
1 1 3 9,44 8,76 -157,048 1646314728
1 1 3 9,63 8,94 -157,090 1646314728
1 1 4 12,56 3,36 -157,121 1646314729
1 1 4 13,06 3,36 -157,078 1646314730
1 1 4 12,99 3,61 -157,054 1646314730
1 1 4 12,81 3,80 -157,011 1646314730
1 1 4 12,56 3,86 -157,042 1646314731
1 1 4 12,31 3,80 -157,060 1646314731
1 1 4 12,12 3,61 -157,096 1646314732
1 1 4 12,06 3,36 -157,060 1646314732
1 1 4 12,12 3,11 -157,096 1646314733
1 1 4 12,31 2,93 -157,072 1646314733
1 1 4 12,56 2,86 -157,103 1646314734
1 1 4 12,81 2,93 -157,072 1646314734
1 1 4 12,99 3,11 -156,993 1646314735
1 1 5 19,32 5,18 -157,054 1646314735
1 1 5 19,82 5,18 -157,096 1646314736
1 1 5 19,75 5,43 -157,103 1646314736
1 1 5 19,57 5,61 -157,035 1646314736
1 1 5 19,32 5,68 -157,060 1646314737
1 1 5 19,07 5,61 -157,072 1646314737
1 1 5 18,89 5,43 -157,096 1646314738
1 1 5 18,82 5,18 -157,054 1646314738
1 1 5 18,89 4,93 -157,066 1646314739
1 1 5 19,07 4,74 -157,005 1646314739
1 1 5 19,32 4,68 -157,060 1646314740
1 1 5 19,57 4,74 -157,078 1646314740
1 1 5 19,75 4,93 -157,060 1646314741
1 1 6 17,32 10,00 -157,048 1646314741
1 1 6 17,82 10,00 -157,096 1646314742
1 1 6 17,75 10,25 -157,054 1646314742
1 1 6 17,57 10,43 -157,054 1646314743
1 1 6 17,32 10,50 -157,042 1646314743
1 1 6 17,07 10,43 -157,042 1646314744
1 1 6 16,89 10,25 -157,042 1646314745
1 1 6 16,82 10,00 -157,060 1646314745
1 1 6 16,89 9,75 -157,078 1646314746
1 1 6 17,07 9,57 -157,072 1646314746
1 1 6 17,32 9,50 -157,072 1646314746
1 1 6 17,57 9,57 -157,054 1646314747
1 1 6 17,75 9,75 -157,090 1646314747
1 1 7 14,14 14,14 -157,029 1646314748
1 1 7 14,64 14,14 -157,072 1646314749
1 1 7 14,58 14,39 -157,035 1646314749
1 1 7 14,39 14,58 -157,090 1646314750
1 1 7 14,14 14,64 -157,084 1646314750
1 1 7 13,89 14,58 -157,084 1646314751
1 1 7 13,71 14,39 -157,054 1646314751
1 1 7 13,64 14,14 -157,035 1646314752
1 1 7 13,71 13,89 -157,054 1646314752
1 1 7 13,89 13,71 -157,060 1646314752
1 1 7 14,14 13,64 -157,121 1646314753
1 1 7 14,39 13,71 -157,035 1646314754
1 1 7 14,58 13,89 -157,048 1646314754
1 1 8 10,00 17,32 -157,066 1646314755
1 1 8 10,50 17,32 -157,066 1646314755
1 1 8 10,43 17,57 -157,072 1646314755
1 1 8 10,25 17,75 -157,060 1646314756
1 1 8 10,00 17,82 -157,078 1646314757
1 1 8 9,75 17,75 -157,084 1646314757
1 1 8 9,57 17,57 -157,011 1646314758
1 1 8 9,50 17,32 -157,072 1646314758
1 1 8 9,57 17,07 -157,109 1646314759
1 1 8 9,75 16,89 -157,072 1646314759
1 1 8 10,00 16,82 -157,060 1646314760
1 1 8 10,25 16,89 -157,060 1646314760
1 1 8 10,43 17,07 -157,072 1646314760
1 1 9 5,18 19,32 -157,072 1646314761
1 1 9 5,68 19,32 -157,029 1646314762
1 1 9 5,61 19,57 -157,078 1646314762
1 1 9 5,43 19,75 -157,017 1646314763
1 1 9 5,18 19,82 -157,103 1646314763
1 1 9 4,93 19,75 -157,078 1646314764
1 1 9 4,74 19,57 -157,048 1646314764
1 1 9 4,68 19,32 -157,090 1646314765
1 1 9 4,74 19,07 -157,078 1646314766
1 1 9 4,93 18,89 -157,084 1646314766
1 1 9 5,18 18,82 -157,035 1646314767
1 1 9 5,43 18,89 -157,072 1646314767
1 1 9 5,61 19,07 -157,127 1646314768
1 1 10 -5,18 19,32 -157,048 1646314769
1 1 10 -4,68 19,32 -157,035 1646314769
1 1 10 -4,74 19,57 -157,072 1646314770
1 1 10 -4,93 19,75 -157,078 1646314770
1 1 10 -5,18 19,82 -157,054 1646314771
1 1 10 -5,43 19,75 -157,115 1646314772
1 1 10 -5,61 19,57 -157,072 1646314772
1 1 10 -5,68 19,32 -157,042 1646314773
1 1 10 -5,61 19,07 -157,066 1646314773
1 1 10 -5,43 18,89 -157,078 1646314773
1 1 10 -5,18 18,82 -157,084 1646314774
1 1 10 -4,93 18,89 -157,078 1646314775
1 1 10 -4,74 19,07 -157,078 1646314775
1 1 11 -10,00 17,32 -157,090 1646314776
1 1 11 -9,50 17,32 -157,035 1646314777
1 1 11 -9,57 17,57 -157,066 1646314777
1 1 11 -9,75 17,75 -157,066 1646314777
1 1 11 -10,00 17,82 -157,139 1646314778
1 1 11 -10,25 17,75 -157,066 1646314779
1 1 11 -10,43 17,57 -157,054 1646314779
1 1 11 -10,50 17,32 -157,084 1646314779
1 1 11 -10,43 17,07 -157,072 1646314780
1 1 11 -10,25 16,89 -157,090 1646314780
1 1 11 -10,00 16,82 -157,072 1646314781
1 1 11 -9,75 16,89 -157,078 1646314781
1 1 11 -9,57 17,07 -157,072 1646314782
1 1 12 -14,14 14,14 -157,060 1646314782
1 1 12 -13,64 14,14 -157,054 1646314783
1 1 12 -13,71 14,39 -157,060 1646314784
1 1 12 -13,89 14,58 -157,072 1646314784
1 1 12 -14,14 14,64 -157,035 1646314785
1 1 12 -14,39 14,58 -157,048 1646314785
1 1 12 -14,58 14,39 -157,084 1646314785
1 1 12 -14,64 14,14 -157,042 1646314786
1 1 12 -14,58 13,89 -157,060 1646314787
1 1 12 -14,39 13,71 -157,042 1646314787
1 1 12 -14,14 13,64 -157,054 1646314787
1 1 12 -13,89 13,71 -157,054 1646314788
1 1 12 -13,71 13,89 -157,060 1646314788
1 1 13 -17,32 10,00 -157,084 1646314789
1 1 13 -16,82 10,00 -157,060 1646314790
1 1 13 -16,89 10,25 -157,035 1646314790
1 1 13 -17,07 10,43 -157,035 1646314790
1 1 13 -17,32 10,50 -157,060 1646314791
1 1 13 -17,57 10,43 -157,084 1646314792
1 1 13 -17,75 10,25 -157,072 1646314792
1 1 13 -17,82 10,00 -157,096 1646314793
1 1 13 -17,75 9,75 -157,072 1646314793
1 1 13 -17,57 9,57 -157,042 1646314794
1 1 13 -17,32 9,50 -157,084 1646314794
1 1 13 -17,07 9,57 -157,035 1646314795
1 1 13 -16,89 9,75 -157,084 1646314795
1 1 14 -19,32 5,18 -157,084 1646314796
1 1 14 -18,82 5,18 -157,048 1646314796
1 1 14 -18,89 5,43 -157,096 1646314797
1 1 14 -19,07 5,61 -157,054 1646314797
1 1 14 -19,32 5,68 -157,054 1646314798
1 1 14 -19,57 5,61 -157,096 1646314799
1 1 14 -19,75 5,43 -157,029 1646314799
1 1 14 -19,82 5,18 -157,023 1646314799
1 1 14 -19,75 4,93 -157,048 1646314800
1 1 14 -19,57 4,74 -157,017 1646314800
1 1 14 -19,32 4,68 -157,060 1646314801
1 1 14 -19,07 4,74 -156,950 1646314801
1 1 14 -18,89 4,93 -157,090 1646314802
1 1 15 -12,56 3,36 -157,023 1646314802
1 1 15 -12,06 3,36 -157,072 1646314803
1 1 15 -12,12 3,61 -157,054 1646314803
1 1 15 -12,31 3,80 -157,035 1646314804
1 1 15 -12,56 3,86 -157,084 1646314805
1 1 15 -12,81 3,80 -157,072 1646314805
1 1 15 -12,99 3,61 -157,084 1646314805
1 1 15 -13,06 3,36 -157,066 1646314806
1 1 15 -12,99 3,11 -157,054 1646314806
1 1 15 -12,81 2,93 -157,066 1646314807
1 1 15 -12,56 2,86 -157,060 1646314807
1 1 15 -12,31 2,93 -157,060 1646314808
1 1 15 -12,12 3,11 -157,048 1646314808
1 1 16 -9,19 9,19 -157,078 1646314809
1 1 16 -8,69 9,19 -157,035 1646314810
1 1 16 -8,76 9,44 -157,066 1646314810
1 1 16 -8,94 9,63 -157,078 1646314810
1 1 16 -9,19 9,69 -157,048 1646314811
1 1 16 -9,44 9,63 -157,017 1646314812
1 1 16 -9,63 9,44 -157,011 1646314812
1 1 16 -9,69 9,19 -157,017 1646314812
1 1 16 -9,63 8,94 -157,066 1646314813
1 1 16 -9,44 8,76 -157,103 1646314813
1 1 16 -9,19 8,69 -157,035 1646314814
1 1 16 -8,94 8,76 -157,054 1646314814
1 1 16 -8,76 8,94 -157,096 1646314815
1 1 17 -3,36 12,56 -157,035 1646314815
1 1 17 -2,86 12,56 -157,035 1646314816
1 1 17 -2,93 12,81 -157,035 1646314817
1 1 17 -3,11 12,99 -157,084 1646314817
1 1 17 -3,36 13,06 -157,048 1646314818
1 1 17 -3,61 12,99 -157,042 1646314818
1 1 17 -3,80 12,81 -157,029 1646314818
1 1 17 -3,86 12,56 -157,084 1646314819
1 1 17 -3,80 12,31 -157,084 1646314820
1 1 17 -3,61 12,12 -157,011 1646314820
1 1 17 -3,36 12,06 -157,078 1646314820
1 1 17 -3,11 12,12 -157,078 1646314821
1 1 17 -2,93 12,31 -157,042 1646314821
1 1 18 -4,24 4,24 -157,090 1646314822
1 1 18 -3,74 4,24 -157,054 1646314823
1 1 18 -3,81 4,49 -157,084 1646314823
1 1 18 -3,99 4,68 -157,054 1646314824
1 1 18 -4,24 4,74 -157,103 1646314824
1 1 18 -4,49 4,68 -157,023 1646314825
1 1 18 -4,68 4,49 -157,042 1646314825
1 1 18 -4,74 4,24 -157,078 1646314826
1 1 18 -4,68 3,99 -157,054 1646314826
1 1 18 -4,49 3,81 -157,084 1646314827
1 1 18 -4,24 3,74 -157,096 1646314827
1 1 18 -3,99 3,81 -157,096 1646314828
1 1 18 -3,81 3,99 -157,054 1646314828
1 1 19 -4,24 -4,24 -157,121 1646314829
1 1 19 -3,74 -4,24 -157,078 1646314830
1 1 19 -3,81 -3,99 -157,072 1646314830
1 1 19 -3,99 -3,81 -157,017 1646314830
1 1 19 -4,24 -3,74 -157,066 1646314831
1 1 19 -4,49 -3,81 -157,042 1646314832
1 1 19 -4,68 -3,99 -157,048 1646314832
1 1 19 -4,74 -4,24 -157,054 1646314832
1 1 19 -4,68 -4,49 -157,054 1646314833
1 1 19 -4,49 -4,68 -157,096 1646314833
1 1 19 -4,24 -4,74 -157,103 1646314834
1 1 19 -3,99 -4,68 -157,170 1646314834
1 1 19 -3,81 -4,49 -157,042 1646314835
1 1 20 -3,36 -12,56 -157,060 1646314836
1 1 20 -2,86 -12,56 -157,072 1646314836
1 1 20 -2,93 -12,31 -157,072 1646314836
1 1 20 -3,11 -12,12 -157,084 1646314837
1 1 20 -3,36 -12,06 -157,090 1646314837
1 1 20 -3,61 -12,12 -157,005 1646314837
1 1 20 -3,80 -12,31 -157,011 1646314838
1 1 20 -3,86 -12,56 -157,035 1646314839
1 1 20 -3,80 -12,81 -157,005 1646314839
1 1 20 -3,61 -12,99 -157,084 1646314839
1 1 20 -3,36 -13,06 -157,072 1646314840
1 1 20 -3,11 -12,99 -157,035 1646314840
1 1 20 -2,93 -12,81 -157,011 1646314840
1 1 21 -9,19 -9,19 -157,115 1646314841
1 1 21 -8,69 -9,19 -157,042 1646314842
1 1 21 -8,76 -8,94 -157,060 1646314843
1 1 21 -8,94 -8,76 -157,029 1646314843
1 1 21 -9,19 -8,69 -157,017 1646314843
1 1 21 -9,44 -8,76 -157,066 1646314844
1 1 21 -9,63 -8,94 -157,042 1646314844
1 1 21 -9,69 -9,19 -157,072 1646314845
1 1 21 -9,63 -9,44 -157,048 1646314845
1 1 21 -9,44 -9,63 -157,084 1646314846
1 1 21 -9,19 -9,69 -157,066 1646314846
1 1 21 -8,94 -9,63 -157,035 1646314847
1 1 21 -8,76 -9,44 -157,072 1646314847
1 1 22 -12,56 -3,36 -157,060 1646314848
1 1 22 -12,06 -3,36 -157,054 1646314849
1 1 22 -12,12 -3,11 -157,084 1646314849
1 1 22 -12,31 -2,93 -157,121 1646314850
1 1 22 -12,56 -2,86 -157,042 1646314850
1 1 22 -12,81 -2,93 -157,054 1646314851
1 1 22 -12,99 -3,11 -157,042 1646314851
1 1 22 -13,06 -3,36 -157,078 1646314852
1 1 22 -12,99 -3,61 -157,042 1646314852
1 1 22 -12,81 -3,80 -157,060 1646314853
1 1 22 -12,56 -3,86 -157,048 1646314853
1 1 22 -12,31 -3,80 -157,066 1646314854
1 1 22 -12,12 -3,61 -157,048 1646314854
1 1 23 -19,32 -5,18 -157,054 1646314855
1 1 23 -18,82 -5,18 -157,060 1646314856
1 1 23 -18,89 -4,93 -156,974 1646314856
1 1 23 -19,07 -4,74 -157,060 1646314857
1 1 23 -19,32 -4,68 -157,072 1646314857
1 1 23 -19,57 -4,74 -157,084 1646314858
1 1 23 -19,75 -4,93 -157,017 1646314858
1 1 23 -19,82 -5,18 -157,060 1646314859
1 1 23 -19,75 -5,43 -157,109 1646314859
1 1 23 -19,57 -5,61 -157,042 1646314860
1 1 23 -19,32 -5,68 -157,072 1646314860
1 1 23 -19,07 -5,61 -157,103 1646314861
1 1 23 -18,89 -5,43 -157,029 1646314861
1 1 24 -17,32 -10,00 -156,999 1646314862
1 1 24 -16,82 -10,00 -157,060 1646314862
1 1 24 -16,89 -9,75 -157,084 1646314863
1 1 24 -17,07 -9,57 -157,048 1646314863
1 1 24 -17,32 -9,50 -157,072 1646314864
1 1 24 -17,57 -9,57 -157,096 1646314864
1 1 24 -17,75 -9,75 -157,109 1646314865
1 1 24 -17,82 -10,00 -157,060 1646314865
1 1 24 -17,75 -10,25 -157,048 1646314866
1 1 24 -17,57 -10,43 -157,035 1646314866
1 1 24 -17,32 -10,50 -157,096 1646314867
1 1 24 -17,07 -10,43 -157,072 1646314867
1 1 24 -16,89 -10,25 -157,121 1646314867
1 1 25 -14,14 -14,14 -157,054 1646314868
1 1 25 -13,64 -14,14 -157,078 1646314869
1 1 25 -13,71 -13,89 -157,109 1646314869
1 1 25 -13,89 -13,71 -157,035 1646314870
1 1 25 -14,14 -13,64 -157,072 1646314870
1 1 25 -14,39 -13,71 -157,017 1646314871
1 1 25 -14,58 -13,89 -157,035 1646314871
1 1 25 -14,64 -14,14 -157,078 1646314872
1 1 25 -14,58 -14,39 -157,060 1646314872
1 1 25 -14,39 -14,58 -157,029 1646314872
1 1 25 -14,14 -14,64 -157,090 1646314873
1 1 25 -13,89 -14,58 -157,109 1646314874
1 1 25 -13,71 -14,39 -157,042 1646314874
1 1 26 -10,00 -17,32 -157,023 1646314875
1 1 26 -9,50 -17,32 -157,060 1646314875
1 1 26 -9,57 -17,07 -157,060 1646314875
1 1 26 -9,75 -16,89 -157,072 1646314876
1 1 26 -10,00 -16,82 -157,090 1646314877
1 1 26 -10,25 -16,89 -157,048 1646314877
1 1 26 -10,43 -17,07 -157,072 1646314878
1 1 26 -10,50 -17,32 -157,017 1646314878
1 1 26 -10,43 -17,57 -157,011 1646314879
1 1 26 -10,25 -17,75 -157,035 1646314879
1 1 26 -10,00 -17,82 -157,072 1646314880
1 1 26 -9,75 -17,75 -157,035 1646314880
1 1 26 -9,57 -17,57 -157,066 1646314881
1 1 27 -5,18 -19,32 -157,096 1646314881
1 1 27 -4,68 -19,32 -157,060 1646314882
1 1 27 -4,74 -19,07 -157,090 1646314882
1 1 27 -4,93 -18,89 -157,048 1646314882
1 1 27 -5,18 -18,82 -157,023 1646314883
1 1 27 -5,43 -18,89 -157,078 1646314883
1 1 27 -5,61 -19,07 -157,072 1646314884
1 1 27 -5,68 -19,32 -157,072 1646314884
1 1 27 -5,61 -19,57 -157,121 1646314885
1 1 27 -5,43 -19,75 -157,017 1646314885
1 1 27 -5,18 -19,82 -157,035 1646314886
1 1 27 -4,93 -19,75 -157,109 1646314887
1 1 27 -4,74 -19,57 -157,054 1646314887
1 1 28 5,18 -19,32 -157,042 1646314888
1 1 28 5,68 -19,32 -157,042 1646314889
1 1 28 5,61 -19,07 -157,078 1646314889
1 1 28 5,43 -18,89 -157,048 1646314889
1 1 28 5,18 -18,82 -157,096 1646314890
1 1 28 4,93 -18,89 -157,035 1646314891
1 1 28 4,74 -19,07 -157,054 1646314891
1 1 28 4,68 -19,32 -157,042 1646314891
1 1 28 4,74 -19,57 -157,096 1646314892
1 1 28 4,93 -19,75 -157,066 1646314892
1 1 28 5,18 -19,82 -157,096 1646314893
1 1 28 5,43 -19,75 -157,054 1646314893
1 1 28 5,61 -19,57 -157,072 1646314894
1 1 29 10,00 -17,32 -157,078 1646314894
1 1 29 10,50 -17,32 -157,042 1646314895
1 1 29 10,43 -17,07 -157,072 1646314896
1 1 29 10,25 -16,89 -157,109 1646314896
1 1 29 10,00 -16,82 -157,029 1646314897
1 1 29 9,75 -16,89 -157,066 1646314897
1 1 29 9,57 -17,07 -157,011 1646314898
1 1 29 9,50 -17,32 -156,999 1646314898
1 1 29 9,57 -17,57 -157,054 1646314899
1 1 29 9,75 -17,75 -157,048 1646314899
1 1 29 10,00 -17,82 -156,968 1646314900
1 1 29 10,25 -17,75 -157,054 1646314900
1 1 29 10,43 -17,57 -157,054 1646314900
1 1 30 14,14 -14,14 -157,054 1646314901
1 1 30 14,64 -14,14 -157,072 1646314902
1 1 30 14,58 -13,89 -157,072 1646314902
1 1 30 14,39 -13,71 -157,066 1646314903
1 1 30 14,14 -13,64 -156,987 1646314903
1 1 30 13,89 -13,71 -157,054 1646314904
1 1 30 13,71 -13,89 -157,072 1646314904
1 1 30 13,64 -14,14 -157,035 1646314905
1 1 30 13,71 -14,39 -157,011 1646314905
1 1 30 13,89 -14,58 -157,048 1646314905
1 1 30 14,14 -14,64 -157,078 1646314906
1 1 30 14,39 -14,58 -157,072 1646314907
1 1 30 14,58 -14,39 -157,072 1646314907
1 1 31 17,32 -10,00 -157,060 1646314908
1 1 31 17,82 -10,00 -157,096 1646314908
1 1 31 17,75 -9,75 -157,084 1646314908
1 1 31 17,57 -9,57 -157,054 1646314909
1 1 31 17,32 -9,50 -157,078 1646314910
1 1 31 17,07 -9,57 -157,017 1646314910
1 1 31 16,89 -9,75 -157,060 1646314910
1 1 31 16,82 -10,00 -157,072 1646314911
1 1 31 16,89 -10,25 -157,048 1646314912
1 1 31 17,07 -10,43 -157,042 1646314912
1 1 31 17,32 -10,50 -157,121 1646314912
1 1 31 17,57 -10,43 -157,060 1646314913
1 1 31 17,75 -10,25 -157,042 1646314913
1 1 32 19,32 -5,18 -157,090 1646314914
1 1 32 19,82 -5,18 -157,042 1646314914
1 1 32 19,75 -4,93 -157,054 1646314915
1 1 32 19,57 -4,74 -157,048 1646314915
1 1 32 19,32 -4,68 -157,054 1646314916
1 1 32 19,07 -4,74 -156,999 1646314917
1 1 32 18,89 -4,93 -157,023 1646314917
1 1 32 18,82 -5,18 -157,072 1646314917
1 1 32 18,89 -5,43 -157,090 1646314918
1 1 32 19,07 -5,61 -157,054 1646314918
1 1 32 19,32 -5,68 -157,060 1646314919
1 1 32 19,57 -5,61 -156,639 1646314919
1 1 32 19,75 -5,43 -157,078 1646314920
1 1 33 12,56 -3,36 -156,999 1646314920
1 1 33 13,06 -3,36 -157,023 1646314921
1 1 33 12,99 -3,11 -157,017 1646314921
1 1 33 12,81 -2,93 -157,066 1646314922
1 1 33 12,56 -2,86 -157,011 1646314922
1 1 33 12,31 -2,93 -157,090 1646314922
1 1 33 12,12 -3,11 -157,035 1646314923
1 1 33 12,06 -3,36 -157,072 1646314923
1 1 33 12,12 -3,61 -156,993 1646314923
1 1 33 12,31 -3,80 -157,035 1646314924
1 1 33 12,56 -3,86 -156,993 1646314925
1 1 33 12,81 -3,80 -157,048 1646314925
1 1 33 12,99 -3,61 -157,109 1646314926
1 1 34 9,19 -9,19 -157,029 1646314926
1 1 34 9,69 -9,19 -157,060 1646314927
1 1 34 9,63 -8,94 -157,066 1646314927
1 1 34 9,44 -8,76 -157,035 1646314928
1 1 34 9,19 -8,69 -157,072 1646314928
1 1 34 8,94 -8,76 -157,090 1646314929
1 1 34 8,76 -8,94 -157,011 1646314929
1 1 34 8,69 -9,19 -157,078 1646314930
1 1 34 8,76 -9,44 -157,035 1646314930
1 1 34 8,94 -9,63 -157,066 1646314931
1 1 34 9,19 -9,69 -157,042 1646314931
1 1 34 9,44 -9,63 -157,048 1646314932
1 1 34 9,63 -9,44 -157,078 1646314932
1 1 35 3,36 -12,56 -156,742 1646314933
1 1 35 3,86 -12,56 -157,035 1646314933
1 1 35 3,80 -12,31 -157,084 1646314934
1 1 35 3,61 -12,12 -157,011 1646314934
1 1 35 3,36 -12,06 -157,090 1646314935
1 1 35 3,11 -12,12 -157,054 1646314935
1 1 35 2,93 -12,31 -157,048 1646314936
1 1 35 2,86 -12,56 -157,042 1646314936
1 1 35 2,93 -12,81 -157,096 1646314937
1 1 35 3,11 -12,99 -157,048 1646314937
1 1 35 3,36 -13,06 -157,042 1646314938
1 1 35 3,61 -12,99 -157,109 1646314938
1 1 35 3,80 -12,81 -157,072 1646314939
1 1 36 4,24 -4,24 -157,096 1646314940
1 1 36 4,74 -4,24 -157,072 1646314940
1 1 36 4,68 -3,99 -157,042 1646314940
1 1 36 4,49 -3,81 -156,993 1646314941
1 1 36 4,24 -3,74 -157,066 1646314941
1 1 36 3,99 -3,81 -157,054 1646314941
1 1 36 3,81 -3,99 -156,669 1646314942
1 1 36 3,74 -4,24 -157,035 1646314942
1 1 36 3,81 -4,49 -157,072 1646314942
1 1 36 3,99 -4,68 -157,066 1646314943
1 1 36 4,24 -4,74 -157,096 1646314943
1 1 36 4,49 -4,68 -157,103 1646314943
1 1 36 4,68 -4,49 -157,017 1646314944
1 1 37 27,00 0,00 -157,109 1646314946
1 1 37 27,50 0,00 -157,072 1646314946
1 1 37 27,43 0,25 -157,060 1646314947
1 1 37 27,25 0,43 -157,017 1646314948
1 1 37 27,00 0,50 -157,048 1646314948
1 1 37 26,75 0,43 -157,072 1646314949
1 1 37 26,57 0,25 -157,096 1646314949
1 1 37 26,50 0,00 -157,090 1646314949
1 1 37 26,57 -0,25 -157,096 1646314950
1 1 37 26,75 -0,43 -157,042 1646314950
1 1 37 27,00 -0,50 -157,042 1646314951
1 1 37 27,25 -0,43 -157,084 1646314952
1 1 37 27,43 -0,25 -157,072 1646314952
1 1 38 26,08 6,99 -157,072 1646314953
1 1 38 26,58 6,99 -157,035 1646314953
1 1 38 26,51 7,24 -157,042 1646314954
1 1 38 26,33 7,42 -157,090 1646314954
1 1 38 26,08 7,49 -157,060 1646314955
1 1 38 25,83 7,42 -157,060 1646314955
1 1 38 25,65 7,24 -157,023 1646314956
1 1 38 25,58 6,99 -156,993 1646314956
1 1 38 25,65 6,74 -157,035 1646314957
1 1 38 25,83 6,56 -157,066 1646314957
1 1 38 26,08 6,49 -157,078 1646314958
1 1 38 26,33 6,56 -157,042 1646314958
1 1 38 26,51 6,74 -157,109 1646314959
1 1 39 23,38 13,50 -157,072 1646314959
1 1 39 23,88 13,50 -157,084 1646314960
1 1 39 23,82 13,75 -157,042 1646314960
1 1 39 23,63 13,93 -157,042 1646314961
1 1 39 23,38 14,00 -157,096 1646314961
1 1 39 23,13 13,93 -157,035 1646314961
1 1 39 22,95 13,75 -157,072 1646314962
1 1 39 22,88 13,50 -157,139 1646314962
1 1 39 22,95 13,25 -157,042 1646314963
1 1 39 23,13 13,07 -157,035 1646314963
1 1 39 23,38 13,00 -156,987 1646314964
1 1 39 23,63 13,07 -157,115 1646314965
1 1 39 23,82 13,25 -157,103 1646314965
1 1 40 19,09 19,09 -157,151 1646314966
1 1 40 19,59 19,09 -157,048 1646314966
1 1 40 19,52 19,34 -157,078 1646314967
1 1 40 19,34 19,52 -157,078 1646314967
1 1 40 19,09 19,59 -157,042 1646314968
1 1 40 18,84 19,52 -157,096 1646314968
1 1 40 18,66 19,34 -157,005 1646314969
1 1 40 18,59 19,09 -157,017 1646314969
1 1 40 18,66 18,84 -157,072 1646314970
1 1 40 18,84 18,66 -157,060 1646314970
1 1 40 19,09 18,59 -157,017 1646314971
1 1 40 19,34 18,66 -157,054 1646314971
1 1 40 19,52 18,84 -157,103 1646314971
1 1 41 13,50 23,38 -157,084 1646314972
1 1 41 14,00 23,38 -157,042 1646314973
1 1 41 13,93 23,63 -157,078 1646314973
1 1 41 13,75 23,82 -157,066 1646314973
1 1 41 13,50 23,88 -157,060 1646314974
1 1 41 13,25 23,82 -157,078 1646314974
1 1 41 13,07 23,63 -157,084 1646314974
1 1 41 13,00 23,38 -157,066 1646314975
1 1 41 13,07 23,13 -157,054 1646314975
1 1 41 13,25 22,95 -157,084 1646314975
1 1 41 13,50 22,88 -157,035 1646314976
1 1 41 13,75 22,95 -157,090 1646314976
1 1 41 13,93 23,13 -157,072 1646314976
1 1 42 6,99 26,08 -157,078 1646314977
1 1 42 7,49 26,08 -156,987 1646314978
1 1 42 7,42 26,33 -157,011 1646314979
1 1 42 7,24 26,51 -157,048 1646314979
1 1 42 6,99 26,58 -157,078 1646314980
1 1 42 6,74 26,51 -157,066 1646314980
1 1 42 6,56 26,33 -156,993 1646314980
1 1 42 6,49 26,08 -157,060 1646314981
1 1 42 6,56 25,83 -157,042 1646314982
1 1 42 6,74 25,65 -157,127 1646314982
1 1 42 6,99 25,58 -157,072 1646314982
1 1 42 7,24 25,65 -157,066 1646314983
1 1 42 7,42 25,83 -157,072 1646314983
1 1 43 0,00 27,00 -157,035 1646314984
1 1 43 0,50 27,00 -157,121 1646314985
1 1 43 0,43 27,25 -157,035 1646314985
1 1 43 0,25 27,43 -157,048 1646314986
1 1 43 0,00 27,50 -157,042 1646314986
1 1 43 -0,25 27,43 -156,993 1646314987
1 1 43 -0,43 27,25 -157,029 1646314987
1 1 43 -0,50 27,00 -157,060 1646314988
1 1 43 -0,43 26,75 -157,084 1646314988
1 1 43 -0,25 26,57 -157,072 1646314989
1 1 43 0,00 26,50 -157,048 1646314989
1 1 43 0,25 26,57 -157,072 1646314990
1 1 43 0,43 26,75 -157,096 1646314990
1 1 44 -6,99 26,08 -157,060 1646314991
1 1 44 -6,49 26,08 -157,042 1646314991
1 1 44 -6,56 26,33 -157,115 1646314992
1 1 44 -6,74 26,51 -157,084 1646314992
1 1 44 -6,99 26,58 -157,084 1646314993
1 1 44 -7,24 26,51 -157,078 1646314994
1 1 44 -7,42 26,33 -157,164 1646314994
1 1 44 -7,49 26,08 -157,072 1646314995
1 1 44 -7,42 25,83 -157,060 1646314995
1 1 44 -7,24 25,65 -157,042 1646314995
1 1 44 -6,99 25,58 -157,066 1646314996
1 1 44 -6,74 25,65 -157,084 1646314997
1 1 44 -6,56 25,83 -157,072 1646314997
1 1 45 -13,50 23,38 -157,078 1646314998
1 1 45 -13,00 23,38 -157,066 1646314998
1 1 45 -13,07 23,63 -157,042 1646314999
1 1 45 -13,25 23,82 -157,127 1646314999
1 1 45 -13,50 23,88 -157,096 1646315000
1 1 45 -13,75 23,82 -157,127 1646315001
1 1 45 -13,93 23,63 -157,042 1646315001
1 1 45 -14,00 23,38 -157,127 1646315001
1 1 45 -13,93 23,13 -157,029 1646315002
1 1 45 -13,75 22,95 -157,096 1646315002
1 1 45 -13,50 22,88 -157,054 1646315003
1 1 45 -13,25 22,95 -157,060 1646315003
1 1 45 -13,07 23,13 -157,096 1646315004
1 1 46 -19,09 19,09 -157,042 1646315004
1 1 46 -18,59 19,09 -157,084 1646315005
1 1 46 -18,66 19,34 -157,109 1646315006
1 1 46 -18,84 19,52 -157,090 1646315006
1 1 46 -19,09 19,59 -157,084 1646315006
1 1 46 -19,34 19,52 -157,096 1646315007
1 1 46 -19,52 19,34 -157,072 1646315007
1 1 46 -19,59 19,09 -157,072 1646315008
1 1 46 -19,52 18,84 -157,078 1646315008
1 1 46 -19,34 18,66 -157,109 1646315009
1 1 46 -19,09 18,59 -157,048 1646315009
1 1 46 -18,84 18,66 -157,151 1646315010
1 1 46 -18,66 18,84 -157,048 1646315010
1 1 47 -23,38 13,50 -157,072 1646315011
1 1 47 -22,88 13,50 -157,054 1646315012
1 1 47 -22,95 13,75 -157,084 1646315012
1 1 47 -23,13 13,93 -157,042 1646315012
1 1 47 -23,38 14,00 -157,078 1646315013
1 1 47 -23,63 13,93 -157,048 1646315014
1 1 47 -23,82 13,75 -157,072 1646315014
1 1 47 -23,88 13,50 -157,090 1646315015
1 1 47 -23,82 13,25 -157,096 1646315015
1 1 47 -23,63 13,07 -157,084 1646315015
1 1 47 -23,38 13,00 -157,096 1646315016
1 1 47 -23,13 13,07 -157,072 1646315017
1 1 47 -22,95 13,25 -157,078 1646315017
1 1 48 -26,08 6,99 -157,090 1646315018
1 1 48 -25,58 6,99 -157,121 1646315018
1 1 48 -25,65 7,24 -157,054 1646315018
1 1 48 -25,83 7,42 -157,084 1646315019
1 1 48 -26,08 7,49 -157,090 1646315020
1 1 48 -26,33 7,42 -157,072 1646315020
1 1 48 -26,51 7,24 -157,035 1646315021
1 1 48 -26,58 6,99 -157,103 1646315021
1 1 48 -26,51 6,74 -156,749 1646315022
1 1 48 -26,33 6,56 -157,005 1646315022
1 1 48 -26,08 6,49 -157,060 1646315022
1 1 48 -25,83 6,56 -157,023 1646315023
1 1 48 -25,65 6,74 -157,078 1646315023
1 1 49 -27,00 0,00 -157,066 1646315024
1 1 49 -26,50 0,00 -157,096 1646315025
1 1 49 -26,57 0,25 -157,035 1646315025
1 1 49 -26,75 0,43 -157,072 1646315026
1 1 49 -27,00 0,50 -157,042 1646315026
1 1 49 -27,25 0,43 -157,060 1646315027
1 1 49 -27,43 0,25 -156,987 1646315027
1 1 49 -27,50 0,00 -157,060 1646315028
1 1 49 -27,43 -0,25 -157,054 1646315028
1 1 49 -27,25 -0,43 -157,060 1646315029
1 1 49 -27,00 -0,50 -157,078 1646315029
1 1 49 -26,75 -0,43 -157,072 1646315030
1 1 49 -26,57 -0,25 -157,042 1646315030
1 1 50 -26,08 -6,99 -157,121 1646315031
1 1 50 -25,58 -6,99 -157,054 1646315031
1 1 50 -25,65 -6,74 -157,060 1646315032
1 1 50 -25,83 -6,56 -157,096 1646315032
1 1 50 -26,08 -6,49 -157,017 1646315032
1 1 50 -26,33 -6,56 -157,078 1646315033
1 1 50 -26,51 -6,74 -157,029 1646315033
1 1 50 -26,58 -6,99 -157,054 1646315034
1 1 50 -26,51 -7,24 -157,090 1646315035
1 1 50 -26,33 -7,42 -157,072 1646315035
1 1 50 -26,08 -7,49 -157,096 1646315035
1 1 50 -25,83 -7,42 -156,675 1646315036
1 1 50 -25,65 -7,24 -157,115 1646315036
1 1 51 -23,38 -13,50 -157,042 1646315037
1 1 51 -22,88 -13,50 -157,096 1646315037
1 1 51 -22,95 -13,25 -157,084 1646315038
1 1 51 -23,13 -13,07 -157,084 1646315038
1 1 51 -23,38 -13,00 -157,078 1646315038
1 1 51 -23,63 -13,07 -157,066 1646315039
1 1 51 -23,82 -13,25 -157,096 1646315039
1 1 51 -23,88 -13,50 -157,121 1646315039
1 1 51 -23,82 -13,75 -157,066 1646315040
1 1 51 -23,63 -13,93 -157,066 1646315040
1 1 51 -23,38 -14,00 -157,048 1646315041
1 1 51 -23,13 -13,93 -157,017 1646315041
1 1 51 -22,95 -13,75 -157,090 1646315041
1 1 52 -19,09 -19,09 -156,987 1646315042
1 1 52 -18,59 -19,09 -157,066 1646315043
1 1 52 -18,66 -18,84 -157,109 1646315043
1 1 52 -18,84 -18,66 -156,987 1646315044
1 1 52 -19,09 -18,59 -157,054 1646315044
1 1 52 -19,34 -18,66 -157,048 1646315045
1 1 52 -19,52 -18,84 -157,096 1646315045
1 1 52 -19,59 -19,09 -157,084 1646315046
1 1 52 -19,52 -19,34 -157,078 1646315046
1 1 52 -19,34 -19,52 -157,054 1646315046
1 1 52 -19,09 -19,59 -157,005 1646315047
1 1 52 -18,84 -19,52 -157,042 1646315047
1 1 52 -18,66 -19,34 -157,072 1646315047
1 1 53 -13,50 -23,38 -157,078 1646315048
1 1 53 -13,00 -23,38 -157,060 1646315048
1 1 53 -13,07 -23,13 -157,103 1646315049
1 1 53 -13,25 -22,95 -157,042 1646315049
1 1 53 -13,50 -22,88 -157,005 1646315049
1 1 53 -13,75 -22,95 -157,005 1646315049
1 1 53 -13,93 -23,13 -157,048 1646315050
1 1 53 -14,00 -23,38 -157,011 1646315050
1 1 53 -13,93 -23,63 -157,035 1646315050
1 1 53 -13,75 -23,82 -156,981 1646315050
1 1 53 -13,50 -23,88 -157,042 1646315051
1 1 53 -13,25 -23,82 -157,023 1646315051
1 1 53 -13,07 -23,63 -157,121 1646315051
1 1 54 -6,99 -26,08 -157,035 1646315052
1 1 54 -6,49 -26,08 -157,090 1646315052
1 1 54 -6,56 -25,83 -157,078 1646315053
1 1 54 -6,74 -25,65 -157,029 1646315053
1 1 54 -6,99 -25,58 -157,042 1646315053
1 1 54 -7,24 -25,65 -157,072 1646315053
1 1 54 -7,42 -25,83 -157,072 1646315053
1 1 54 -7,49 -26,08 -157,035 1646315054
1 1 54 -7,42 -26,33 -156,999 1646315054
1 1 54 -7,24 -26,51 -157,072 1646315054
1 1 54 -6,99 -26,58 -157,029 1646315054
1 1 54 -6,74 -26,51 -157,054 1646315055
1 1 54 -6,56 -26,33 -157,090 1646315055
1 1 55 -0,00 -27,00 -157,048 1646315056
1 1 55 0,50 -27,00 -157,060 1646315056
1 1 55 0,43 -26,75 -157,042 1646315057
1 1 55 0,25 -26,57 -157,084 1646315057
1 1 55 -0,00 -26,50 -156,999 1646315057
1 1 55 -0,25 -26,57 -157,023 1646315057
1 1 55 -0,43 -26,75 -157,042 1646315058
1 1 55 -0,50 -27,00 -157,029 1646315058
1 1 55 -0,43 -27,25 -157,029 1646315058
1 1 55 -0,25 -27,43 -156,981 1646315058
1 1 55 -0,00 -27,50 -157,029 1646315058
1 1 55 0,25 -27,43 -156,987 1646315059
1 1 55 0,43 -27,25 -156,999 1646315059
1 1 56 6,99 -26,08 -157,042 1646315060
1 1 56 7,49 -26,08 -157,042 1646315060
1 1 56 7,42 -25,83 -157,023 1646315060
1 1 56 7,24 -25,65 -157,035 1646315061
1 1 56 6,99 -25,58 -157,060 1646315061
1 1 56 6,74 -25,65 -157,054 1646315061
1 1 56 6,56 -25,83 -157,042 1646315061
1 1 56 6,49 -26,08 -157,042 1646315062
1 1 56 6,56 -26,33 -156,999 1646315062
1 1 56 6,74 -26,51 -157,011 1646315062
1 1 56 6,99 -26,58 -157,078 1646315062
1 1 56 7,24 -26,51 -157,084 1646315063
1 1 56 7,42 -26,33 -157,023 1646315063
1 1 57 13,50 -23,38 -157,096 1646315064
1 1 57 14,00 -23,38 -157,060 1646315064
1 1 57 13,93 -23,13 -157,054 1646315064
1 1 57 13,75 -22,95 -157,054 1646315064
1 1 57 13,50 -22,88 -157,023 1646315065
1 1 57 13,25 -22,95 -157,023 1646315065
1 1 57 13,07 -23,13 -157,017 1646315065
1 1 57 13,00 -23,38 -157,042 1646315066
1 1 57 13,07 -23,63 -157,066 1646315066
1 1 57 13,25 -23,82 -157,084 1646315066
1 1 57 13,50 -23,88 -157,078 1646315067
1 1 57 13,75 -23,82 -157,072 1646315067
1 1 57 13,93 -23,63 -157,035 1646315068
1 1 58 19,09 -19,09 -157,096 1646315069
1 1 58 19,59 -19,09 -157,017 1646315069
1 1 58 19,52 -18,84 -157,054 1646315069
1 1 58 19,34 -18,66 -157,048 1646315070
1 1 58 19,09 -18,59 -157,060 1646315070
1 1 58 18,84 -18,66 -157,017 1646315070
1 1 58 18,66 -18,84 -157,078 1646315071
1 1 58 18,59 -19,09 -157,121 1646315071
1 1 58 18,66 -19,34 -157,005 1646315071
1 1 58 18,84 -19,52 -156,993 1646315071
1 1 58 19,09 -19,59 -157,035 1646315071
1 1 58 19,34 -19,52 -157,078 1646315072
1 1 58 19,52 -19,34 -157,035 1646315072
1 1 59 23,38 -13,50 -157,017 1646315073
1 1 59 23,88 -13,50 -157,072 1646315073
1 1 59 23,82 -13,25 -157,084 1646315073
1 1 59 23,63 -13,07 -157,029 1646315074
1 1 59 23,38 -13,00 -157,060 1646315075
1 1 59 23,13 -13,07 -156,993 1646315075
1 1 59 22,95 -13,25 -157,066 1646315076
1 1 59 22,88 -13,50 -157,072 1646315076
1 1 59 22,95 -13,75 -157,072 1646315077
1 1 59 23,13 -13,93 -157,066 1646315077
1 1 59 23,38 -14,00 -157,017 1646315078
1 1 59 23,63 -13,93 -157,072 1646315078
1 1 59 23,82 -13,75 -157,060 1646315079
1 1 60 26,08 -6,99 -157,048 1646315079
1 1 60 26,58 -6,99 -157,133 1646315080
1 1 60 26,51 -6,74 -157,060 1646315081
1 1 60 26,33 -6,56 -157,035 1646315081
1 1 60 26,08 -6,49 -157,005 1646315082
1 1 60 25,83 -6,56 -157,072 1646315082
1 1 60 25,65 -6,74 -157,048 1646315082
1 1 60 25,58 -6,99 -157,072 1646315083
1 1 60 25,65 -7,24 -157,078 1646315084
1 1 60 25,83 -7,42 -157,054 1646315084
1 1 60 26,08 -7,49 -157,060 1646315084
1 1 60 26,33 -7,42 -157,011 1646315085
1 1 60 26,51 -7,24 -157,035 1646315085
