1 1 1 4,24 4,24 -157,042 1646314365
1 1 1 4,74 4,24 -157,060 1646314366
1 1 1 4,68 4,49 -157,054 1646314366
1 1 1 4,49 4,68 -157,078 1646314366
1 1 1 4,24 4,74 -157,072 1646314367
1 1 1 3,99 4,68 -157,090 1646314368
1 1 1 3,81 4,49 -157,017 1646314368
1 1 1 3,74 4,24 -157,072 1646314369
1 1 1 3,81 3,99 -157,078 1646314369
1 1 1 3,99 3,81 -157,072 1646314369
1 1 1 4,24 3,74 -156,944 1646314369
1 1 1 4,49 3,81 -157,054 1646314370
1 1 1 4,68 3,99 -157,066 1646314370
1 1 2 3,36 12,56 -157,054 1646314371
1 1 2 3,86 12,56 -157,096 1646314371
1 1 2 3,80 12,81 -157,096 1646314372
1 1 2 3,61 12,99 -157,048 1646314372
1 1 2 3,36 13,06 -157,060 1646314372
1 1 2 3,11 12,99 -157,084 1646314372
1 1 2 2,93 12,81 -157,035 1646314372
1 1 2 2,86 12,56 -157,084 1646314373
1 1 2 2,93 12,31 -157,005 1646314373
1 1 2 3,11 12,12 -157,078 1646314373
1 1 2 3,36 12,06 -157,066 1646314373
1 1 2 3,61 12,12 -157,103 1646314374
1 1 2 3,80 12,31 -157,072 1646314374
1 1 3 9,19 9,19 -157,048 1646314375
1 1 3 9,69 9,19 -157,096 1646314375
1 1 3 9,63 9,44 -157,072 1646314375
1 1 3 9,44 9,63 -157,048 1646314376
1 1 3 9,19 9,69 -157,103 1646314376
1 1 3 8,94 9,63 -157,035 1646314376
1 1 3 8,76 9,44 -157,066 1646314376
1 1 3 8,69 9,19 -157,078 1646314377
1 1 3 8,76 8,94 -157,035 1646314377
1 1 3 8,94 8,76 -157,054 1646314377
1 1 3 9,19 8,69 -157,042 1646314377
1 1 3 9,44 8,76 -157,035 1646314377
1 1 3 9,63 8,94 -157,096 1646314378
1 1 4 12,56 3,36 -157,127 1646314379
1 1 4 13,06 3,36 -157,060 1646314379
1 1 4 12,99 3,61 -157,072 1646314379
1 1 4 12,81 3,80 -157,035 1646314379
1 1 4 12,56 3,86 -157,042 1646314380
1 1 4 12,31 3,80 -157,072 1646314380
1 1 4 12,12 3,61 -157,096 1646314380
1 1 4 12,06 3,36 -157,066 1646314380
1 1 4 12,12 3,11 -157,066 1646314381
1 1 4 12,31 2,93 -157,090 1646314381
1 1 4 12,56 2,86 -157,133 1646314381
1 1 4 12,81 2,93 -157,072 1646314381
1 1 4 12,99 3,11 -157,017 1646314382
1 1 5 19,32 5,18 -157,072 1646314382
1 1 5 19,82 5,18 -157,072 1646314383
1 1 5 19,75 5,43 -157,133 1646314383
1 1 5 19,57 5,61 -157,042 1646314383
1 1 5 19,32 5,68 -157,060 1646314384
1 1 5 19,07 5,61 -157,078 1646314384
1 1 5 18,89 5,43 -157,096 1646314384
1 1 5 18,82 5,18 -157,011 1646314384
1 1 5 18,89 4,93 -157,029 1646314384
1 1 5 19,07 4,74 -157,005 1646314385
1 1 5 19,32 4,68 -157,072 1646314385
1 1 5 19,57 4,74 -157,084 1646314385
1 1 5 19,75 4,93 -157,048 1646314385
1 1 6 17,32 10,00 -157,042 1646314386
1 1 6 17,82 10,00 -157,060 1646314387
1 1 6 17,75 10,25 -157,072 1646314387
1 1 6 17,57 10,43 -157,072 1646314387
1 1 6 17,32 10,50 -157,042 1646314387
1 1 6 17,07 10,43 -157,035 1646314388
1 1 6 16,89 10,25 -157,048 1646314388
1 1 6 16,82 10,00 -157,042 1646314388
1 1 6 16,89 9,75 -157,072 1646314389
1 1 6 17,07 9,57 -157,078 1646314389
1 1 6 17,32 9,50 -157,072 1646314389
1 1 6 17,57 9,57 -157,029 1646314389
1 1 6 17,75 9,75 -157,103 1646314389
1 1 7 14,14 14,14 -157,023 1646314390
1 1 7 14,64 14,14 -157,060 1646314391
1 1 7 14,58 14,39 -157,054 1646314391
1 1 7 14,39 14,58 -157,084 1646314391
1 1 7 14,14 14,64 -157,060 1646314391
1 1 7 13,89 14,58 -157,054 1646314392
1 1 7 13,71 14,39 -157,048 1646314392
1 1 7 13,64 14,14 -156,999 1646314392
1 1 7 13,71 13,89 -157,060 1646314392
1 1 7 13,89 13,71 -157,109 1646314393
1 1 7 14,14 13,64 -157,133 1646314393
1 1 7 14,39 13,71 -157,029 1646314393
1 1 7 14,58 13,89 -157,072 1646314393
1 1 8 10,00 17,32 -157,060 1646314394
1 1 8 10,50 17,32 -157,090 1646314395
1 1 8 10,43 17,57 -157,054 1646314395
1 1 8 10,25 17,75 -157,054 1646314395
1 1 8 10,00 17,82 -157,072 1646314395
1 1 8 9,75 17,75 -157,078 1646314395
1 1 8 9,57 17,57 -157,029 1646314396
1 1 8 9,50 17,32 -157,084 1646314396
1 1 8 9,57 17,07 -157,084 1646314396
1 1 8 9,75 16,89 -157,054 1646314396
1 1 8 10,00 16,82 -157,042 1646314397
1 1 8 10,25 16,89 -157,078 1646314397
1 1 8 10,43 17,07 -157,096 1646314397
1 1 9 5,18 19,32 -157,096 1646314398
1 1 9 5,68 19,32 -157,035 1646314398
1 1 9 5,61 19,57 -157,084 1646314399
1 1 9 5,43 19,75 -157,035 1646314399
1 1 9 5,18 19,82 -157,060 1646314399
1 1 9 4,93 19,75 -157,096 1646314399
1 1 9 4,74 19,57 -157,042 1646314400
1 1 9 4,68 19,32 -157,042 1646314400
1 1 9 4,74 19,07 -156,865 1646314400
1 1 9 4,93 18,89 -157,078 1646314400
1 1 9 5,18 18,82 -157,042 1646314400
1 1 9 5,43 18,89 -157,078 1646314401
1 1 9 5,61 19,07 -157,084 1646314401
1 1 10 -5,18 19,32 -157,042 1646314402
1 1 10 -4,68 19,32 -157,103 1646314402
1 1 10 -4,74 19,57 -157,084 1646314403
1 1 10 -4,93 19,75 -157,072 1646314403
1 1 10 -5,18 19,82 -157,054 1646314404
1 1 10 -5,43 19,75 -157,115 1646314404
1 1 10 -5,61 19,57 -157,084 1646314404
1 1 10 -5,68 19,32 -157,042 1646314405
1 1 10 -5,61 19,07 -157,054 1646314405
1 1 10 -5,43 18,89 -157,090 1646314405
1 1 10 -5,18 18,82 -157,084 1646314405
1 1 10 -4,93 18,89 -157,084 1646314405
1 1 10 -4,74 19,07 -157,029 1646314406
1 1 11 -10,00 17,32 -157,103 1646314407
1 1 11 -9,50 17,32 -157,078 1646314407
1 1 11 -9,57 17,57 -157,078 1646314407
1 1 11 -9,75 17,75 -157,072 1646314407
1 1 11 -10,00 17,82 -157,096 1646314408
1 1 11 -10,25 17,75 -157,078 1646314408
1 1 11 -10,43 17,57 -157,048 1646314408
1 1 11 -10,50 17,32 -157,054 1646314408
1 1 11 -10,43 17,07 -157,035 1646314409
1 1 11 -10,25 16,89 -157,084 1646314409
1 1 11 -10,00 16,82 -157,078 1646314409
1 1 11 -9,75 16,89 -157,090 1646314409
1 1 11 -9,57 17,07 -157,084 1646314410
1 1 12 -14,14 14,14 -157,029 1646314410
1 1 12 -13,64 14,14 -157,072 1646314411
1 1 12 -13,71 14,39 -157,072 1646314411
1 1 12 -13,89 14,58 -157,078 1646314411
1 1 12 -14,14 14,64 -157,054 1646314411
1 1 12 -14,39 14,58 -157,060 1646314412
1 1 12 -14,58 14,39 -157,096 1646314412
1 1 12 -14,64 14,14 -157,035 1646314412
1 1 12 -14,58 13,89 -157,066 1646314412
1 1 12 -14,39 13,71 -156,993 1646314413
1 1 12 -14,14 13,64 -157,048 1646314413
1 1 12 -13,89 13,71 -157,060 1646314413
1 1 12 -13,71 13,89 -157,072 1646314413
1 1 13 -17,32 10,00 -157,109 1646314414
1 1 13 -16,82 10,00 -157,072 1646314415
1 1 13 -16,89 10,25 -157,054 1646314415
1 1 13 -17,07 10,43 -157,035 1646314415
1 1 13 -17,32 10,50 -157,042 1646314415
1 1 13 -17,57 10,43 -157,090 1646314415
1 1 13 -17,75 10,25 -157,096 1646314416
1 1 13 -17,82 10,00 -157,121 1646314416
1 1 13 -17,75 9,75 -157,133 1646314416
1 1 13 -17,57 9,57 -157,084 1646314417
1 1 13 -17,32 9,50 -157,078 1646314417
1 1 13 -17,07 9,57 -157,023 1646314417
1 1 13 -16,89 9,75 -157,090 1646314417
1 1 14 -19,32 5,18 -157,035 1646314418
1 1 14 -18,82 5,18 -157,042 1646314419
1 1 14 -18,89 5,43 -157,090 1646314419
1 1 14 -19,07 5,61 -157,054 1646314419
1 1 14 -19,32 5,68 -157,072 1646314419
1 1 14 -19,57 5,61 -157,096 1646314419
1 1 14 -19,75 5,43 -157,048 1646314420
1 1 14 -19,82 5,18 -157,066 1646314420
1 1 14 -19,75 4,93 -157,035 1646314420
1 1 14 -19,57 4,74 -157,048 1646314420
1 1 14 -19,32 4,68 -157,090 1646314421
1 1 14 -19,07 4,74 -157,054 1646314421
1 1 14 -18,89 4,93 -157,029 1646314421
1 1 15 -12,56 3,36 -157,066 1646314422
1 1 15 -12,06 3,36 -157,090 1646314422
1 1 15 -12,12 3,61 -157,072 1646314423
1 1 15 -12,31 3,80 -157,078 1646314423
1 1 15 -12,56 3,86 -157,078 1646314423
1 1 15 -12,81 3,80 -157,078 1646314423
1 1 15 -12,99 3,61 -157,054 1646314424
1 1 15 -13,06 3,36 -157,084 1646314424
1 1 15 -12,99 3,11 -157,066 1646314424
1 1 15 -12,81 2,93 -157,072 1646314424
1 1 15 -12,56 2,86 -157,096 1646314424
1 1 15 -12,31 2,93 -157,115 1646314425
1 1 15 -12,12 3,11 -157,060 1646314425
1 1 16 -9,19 9,19 -157,042 1646314426
1 1 16 -8,69 9,19 -157,066 1646314426
1 1 16 -8,76 9,44 -157,096 1646314426
1 1 16 -8,94 9,63 -157,078 1646314427
1 1 16 -9,19 9,69 -157,048 1646314427
1 1 16 -9,44 9,63 -157,035 1646314427
1 1 16 -9,63 9,44 -157,072 1646314427
1 1 16 -9,69 9,19 -157,042 1646314428
1 1 16 -9,63 8,94 -157,066 1646314428
1 1 16 -9,44 8,76 -157,078 1646314428
1 1 16 -9,19 8,69 -157,048 1646314428
1 1 16 -8,94 8,76 -157,011 1646314429
1 1 16 -8,76 8,94 -157,054 1646314429
1 1 17 -3,36 12,56 -156,999 1646314430
1 1 17 -2,86 12,56 -157,078 1646314430
1 1 17 -2,93 12,81 -157,054 1646314430
1 1 17 -3,11 12,99 -157,096 1646314431
1 1 17 -3,36 13,06 -157,066 1646314431
1 1 17 -3,61 12,99 -157,060 1646314431
1 1 17 -3,80 12,81 -157,072 1646314431
1 1 17 -3,86 12,56 -157,035 1646314432
1 1 17 -3,80 12,31 -157,066 1646314432
1 1 17 -3,61 12,12 -157,035 1646314432
1 1 17 -3,36 12,06 -157,017 1646314433
1 1 17 -3,11 12,12 -157,060 1646314433
1 1 17 -2,93 12,31 -157,042 1646314433
1 1 18 -4,24 4,24 -157,078 1646314434
1 1 18 -3,74 4,24 -157,042 1646314434
1 1 18 -3,81 4,49 -157,084 1646314435
1 1 18 -3,99 4,68 -157,072 1646314435
1 1 18 -4,24 4,74 -157,096 1646314435
1 1 18 -4,49 4,68 -157,066 1646314435
1 1 18 -4,68 4,49 -157,005 1646314436
1 1 18 -4,74 4,24 -157,090 1646314436
1 1 18 -4,68 3,99 -157,078 1646314436
1 1 18 -4,49 3,81 -157,078 1646314436
1 1 18 -4,24 3,74 -157,084 1646314437
1 1 18 -3,99 3,81 -157,078 1646314437
1 1 18 -3,81 3,99 -157,035 1646314437
1 1 19 -4,24 -4,24 -157,158 1646314438
1 1 19 -3,74 -4,24 -157,078 1646314439
1 1 19 -3,81 -3,99 -156,840 1646314439
1 1 19 -3,99 -3,81 -157,023 1646314439
1 1 19 -4,24 -3,74 -157,054 1646314439
1 1 19 -4,49 -3,81 -157,054 1646314439
1 1 19 -4,68 -3,99 -157,029 1646314440
1 1 19 -4,74 -4,24 -156,993 1646314440
1 1 19 -4,68 -4,49 -157,066 1646314440
1 1 19 -4,49 -4,68 -157,127 1646314440
1 1 19 -4,24 -4,74 -157,072 1646314441
1 1 19 -3,99 -4,68 -157,151 1646314441
1 1 19 -3,81 -4,49 -157,042 1646314441
1 1 20 -3,36 -12,56 -157,072 1646314442
1 1 20 -2,86 -12,56 -157,072 1646314442
1 1 20 -2,93 -12,31 -157,035 1646314443
1 1 20 -3,11 -12,12 -157,078 1646314443
1 1 20 -3,36 -12,06 -157,115 1646314443
1 1 20 -3,61 -12,12 -157,005 1646314443
1 1 20 -3,80 -12,31 -157,017 1646314444
1 1 20 -3,86 -12,56 -157,017 1646314444
1 1 20 -3,80 -12,81 -157,017 1646314444
1 1 20 -3,61 -12,99 -157,096 1646314444
1 1 20 -3,36 -13,06 -157,084 1646314445
1 1 20 -3,11 -12,99 -157,054 1646314445
1 1 20 -2,93 -12,81 -157,035 1646314445
1 1 21 -9,19 -9,19 -157,096 1646314446
1 1 21 -8,69 -9,19 -157,042 1646314446
1 1 21 -8,76 -8,94 -157,096 1646314447
1 1 21 -8,94 -8,76 -157,011 1646314447
1 1 21 -9,19 -8,69 -157,072 1646314447
1 1 21 -9,44 -8,76 -157,060 1646314447
1 1 21 -9,63 -8,94 -157,066 1646314447
1 1 21 -9,69 -9,19 -157,035 1646314448
1 1 21 -9,63 -9,44 -157,023 1646314448
1 1 21 -9,44 -9,63 -157,072 1646314448
1 1 21 -9,19 -9,69 -157,084 1646314448
1 1 21 -8,94 -9,63 -157,011 1646314449
1 1 21 -8,76 -9,44 -157,048 1646314449
1 1 22 -12,56 -3,36 -157,103 1646314450
1 1 22 -12,06 -3,36 -157,011 1646314450
1 1 22 -12,12 -3,11 -157,096 1646314450
1 1 22 -12,31 -2,93 -157,072 1646314451
1 1 22 -12,56 -2,86 -157,017 1646314451
1 1 22 -12,81 -2,93 -157,048 1646314451
1 1 22 -12,99 -3,11 -157,072 1646314451
1 1 22 -13,06 -3,36 -157,072 1646314452
1 1 22 -12,99 -3,61 -157,048 1646314452
1 1 22 -12,81 -3,80 -157,029 1646314452
1 1 22 -12,56 -3,86 -157,054 1646314452
1 1 22 -12,31 -3,80 -157,084 1646314452
1 1 22 -12,12 -3,61 -156,999 1646314453
1 1 23 -19,32 -5,18 -157,103 1646314454
1 1 23 -18,82 -5,18 -157,078 1646314454
1 1 23 -18,89 -4,93 -156,724 1646314455
1 1 23 -19,07 -4,74 -157,035 1646314455
1 1 23 -19,32 -4,68 -157,096 1646314455
1 1 23 -19,57 -4,74 -157,072 1646314455
1 1 23 -19,75 -4,93 -157,017 1646314455
1 1 23 -19,82 -5,18 -157,042 1646314456
1 1 23 -19,75 -5,43 -157,072 1646314456
1 1 23 -19,57 -5,61 -157,060 1646314456
1 1 23 -19,32 -5,68 -157,096 1646314456
1 1 23 -19,07 -5,61 -157,078 1646314457
1 1 23 -18,89 -5,43 -157,060 1646314457
1 1 24 -17,32 -10,00 -157,023 1646314458
1 1 24 -16,82 -10,00 -157,066 1646314458
1 1 24 -16,89 -9,75 -157,084 1646314458
1 1 24 -17,07 -9,57 -157,078 1646314459
1 1 24 -17,32 -9,50 -157,066 1646314459
1 1 24 -17,57 -9,57 -157,115 1646314459
1 1 24 -17,75 -9,75 -157,121 1646314459
1 1 24 -17,82 -10,00 -157,042 1646314460
1 1 24 -17,75 -10,25 -157,054 1646314460
1 1 24 -17,57 -10,43 -157,017 1646314460
1 1 24 -17,32 -10,50 -157,103 1646314460
1 1 24 -17,07 -10,43 -157,072 1646314460
1 1 24 -16,89 -10,25 -157,115 1646314461
1 1 25 -14,14 -14,14 -157,072 1646314461
1 1 25 -13,64 -14,14 -157,078 1646314462
1 1 25 -13,71 -13,89 -156,736 1646314462
1 1 25 -13,89 -13,71 -157,084 1646314462
1 1 25 -14,14 -13,64 -157,054 1646314463
1 1 25 -14,39 -13,71 -157,035 1646314463
1 1 25 -14,58 -13,89 -157,054 1646314463
1 1 25 -14,64 -14,14 -157,054 1646314463
1 1 25 -14,58 -14,39 -157,035 1646314463
1 1 25 -14,39 -14,58 -157,060 1646314464
1 1 25 -14,14 -14,64 -157,084 1646314464
1 1 25 -13,89 -14,58 -157,084 1646314464
1 1 25 -13,71 -14,39 -157,072 1646314464
1 1 26 -10,00 -17,32 -157,048 1646314465
1 1 26 -9,50 -17,32 -157,133 1646314466
1 1 26 -9,57 -17,07 -157,072 1646314466
1 1 26 -9,75 -16,89 -157,072 1646314466
1 1 26 -10,00 -16,82 -157,072 1646314466
1 1 26 -10,25 -16,89 -157,060 1646314467
1 1 26 -10,43 -17,07 -157,042 1646314467
1 1 26 -10,50 -17,32 -156,999 1646314467
1 1 26 -10,43 -17,57 -157,011 1646314467
1 1 26 -10,25 -17,75 -157,042 1646314468
1 1 26 -10,00 -17,82 -157,109 1646314468
1 1 26 -9,75 -17,75 -157,042 1646314468
1 1 26 -9,57 -17,57 -157,078 1646314468
1 1 27 -5,18 -19,32 -157,121 1646314469
1 1 27 -4,68 -19,32 -157,078 1646314470
1 1 27 -4,74 -19,07 -157,078 1646314470
1 1 27 -4,93 -18,89 -157,060 1646314470
1 1 27 -5,18 -18,82 -157,054 1646314470
1 1 27 -5,43 -18,89 -157,066 1646314470
1 1 27 -5,61 -19,07 -157,072 1646314471
1 1 27 -5,68 -19,32 -157,042 1646314471
1 1 27 -5,61 -19,57 -157,060 1646314471
1 1 27 -5,43 -19,75 -157,035 1646314471
1 1 27 -5,18 -19,82 -157,078 1646314472
1 1 27 -4,93 -19,75 -157,115 1646314472
1 1 27 -4,74 -19,57 -157,072 1646314472
1 1 28 5,18 -19,32 -157,042 1646314473
1 1 28 5,68 -19,32 -157,060 1646314474
1 1 28 5,61 -19,07 -157,066 1646314474
1 1 28 5,43 -18,89 -157,072 1646314474
1 1 28 5,18 -18,82 -157,084 1646314474
1 1 28 4,93 -18,89 -157,060 1646314475
1 1 28 4,74 -19,07 -157,084 1646314475
1 1 28 4,68 -19,32 -157,048 1646314475
1 1 28 4,74 -19,57 -157,042 1646314475
1 1 28 4,93 -19,75 -157,078 1646314475
1 1 28 5,18 -19,82 -157,121 1646314476
1 1 28 5,43 -19,75 -157,096 1646314476
1 1 28 5,61 -19,57 -157,060 1646314476
1 1 29 10,00 -17,32 -157,072 1646314477
1 1 29 10,50 -17,32 -157,090 1646314477
1 1 29 10,43 -17,07 -157,035 1646314478
1 1 29 10,25 -16,89 -157,072 1646314478
1 1 29 10,00 -16,82 -157,084 1646314478
1 1 29 9,75 -16,89 -157,054 1646314478
1 1 29 9,57 -17,07 -156,999 1646314479
1 1 29 9,50 -17,32 -156,981 1646314479
1 1 29 9,57 -17,57 -157,035 1646314479
1 1 29 9,75 -17,75 -157,066 1646314479
1 1 29 10,00 -17,82 -157,029 1646314480
1 1 29 10,25 -17,75 -157,042 1646314480
1 1 29 10,43 -17,57 -157,066 1646314480
1 1 30 14,14 -14,14 -157,042 1646314481
1 1 30 14,64 -14,14 -157,090 1646314481
1 1 30 14,58 -13,89 -157,072 1646314481
1 1 30 14,39 -13,71 -157,072 1646314482
1 1 30 14,14 -13,64 -156,987 1646314482
1 1 30 13,89 -13,71 -157,054 1646314482
1 1 30 13,71 -13,89 -157,035 1646314482
1 1 30 13,64 -14,14 -157,035 1646314483
1 1 30 13,71 -14,39 -157,035 1646314483
1 1 30 13,89 -14,58 -157,042 1646314483
1 1 30 14,14 -14,64 -157,072 1646314483
1 1 30 14,39 -14,58 -157,072 1646314484
1 1 30 14,58 -14,39 -157,072 1646314484
1 1 31 17,32 -10,00 -157,096 1646314485
1 1 31 17,82 -10,00 -157,084 1646314485
1 1 31 17,75 -9,75 -157,090 1646314485
1 1 31 17,57 -9,57 -157,048 1646314486
1 1 31 17,32 -9,50 -157,072 1646314486
1 1 31 17,07 -9,57 -157,060 1646314486
1 1 31 16,89 -9,75 -157,078 1646314486
1 1 31 16,82 -10,00 -157,060 1646314487
1 1 31 16,89 -10,25 -157,060 1646314487
1 1 31 17,07 -10,43 -157,054 1646314487
1 1 31 17,32 -10,50 -157,127 1646314487
1 1 31 17,57 -10,43 -157,078 1646314488
1 1 31 17,75 -10,25 -157,017 1646314488
1 1 32 19,32 -5,18 -157,072 1646314489
1 1 32 19,82 -5,18 -157,035 1646314489
1 1 32 19,75 -4,93 -157,060 1646314489
1 1 32 19,57 -4,74 -157,054 1646314490
1 1 32 19,32 -4,68 -157,066 1646314490
1 1 32 19,07 -4,74 -157,023 1646314490
1 1 32 18,89 -4,93 -157,011 1646314490
1 1 32 18,82 -5,18 -157,072 1646314491
1 1 32 18,89 -5,43 -157,090 1646314491
1 1 32 19,07 -5,61 -157,023 1646314491
1 1 32 19,32 -5,68 -157,084 1646314491
1 1 32 19,57 -5,61 -157,054 1646314491
1 1 32 19,75 -5,43 -157,109 1646314492
1 1 33 12,56 -3,36 -157,005 1646314493
1 1 33 13,06 -3,36 -157,017 1646314493
1 1 33 12,99 -3,11 -157,029 1646314493
1 1 33 12,81 -2,93 -157,060 1646314494
1 1 33 12,56 -2,86 -157,035 1646314494
1 1 33 12,31 -2,93 -157,133 1646314494
1 1 33 12,12 -3,11 -157,078 1646314494
1 1 33 12,06 -3,36 -157,035 1646314494
1 1 33 12,12 -3,61 -157,066 1646314495
1 1 33 12,31 -3,80 -157,029 1646314495
1 1 33 12,56 -3,86 -157,023 1646314495
1 1 33 12,81 -3,80 -157,072 1646314495
1 1 33 12,99 -3,61 -157,072 1646314496
1 1 34 9,19 -9,19 -157,017 1646314497
1 1 34 9,69 -9,19 -157,078 1646314497
1 1 34 9,63 -8,94 -157,042 1646314497
1 1 34 9,44 -8,76 -157,042 1646314498
1 1 34 9,19 -8,69 -157,109 1646314498
1 1 34 8,94 -8,76 -157,078 1646314498
1 1 34 8,76 -8,94 -157,035 1646314498
1 1 34 8,69 -9,19 -157,011 1646314499
1 1 34 8,76 -9,44 -157,023 1646314499
1 1 34 8,94 -9,63 -157,096 1646314499
1 1 34 9,19 -9,69 -157,054 1646314499
1 1 34 9,44 -9,63 -157,035 1646314499
1 1 34 9,63 -9,44 -157,066 1646314500
1 1 35 3,36 -12,56 -157,060 1646314501
1 1 35 3,86 -12,56 -156,993 1646314501
1 1 35 3,80 -12,31 -157,096 1646314501
1 1 35 3,61 -12,12 -157,017 1646314501
1 1 35 3,36 -12,06 -157,090 1646314502
1 1 35 3,11 -12,12 -157,078 1646314502
1 1 35 2,93 -12,31 -157,072 1646314502
1 1 35 2,86 -12,56 -157,029 1646314502
1 1 35 2,93 -12,81 -157,060 1646314503
1 1 35 3,11 -12,99 -156,999 1646314503
1 1 35 3,36 -13,06 -157,017 1646314503
1 1 35 3,61 -12,99 -157,096 1646314504
1 1 35 3,80 -12,81 -157,060 1646314504
1 1 36 4,24 -4,24 -157,072 1646314505
1 1 36 4,74 -4,24 -156,999 1646314505
1 1 36 4,68 -3,99 -157,060 1646314506
1 1 36 4,49 -3,81 -157,035 1646314506
1 1 36 4,24 -3,74 -157,035 1646314506
1 1 36 3,99 -3,81 -157,084 1646314506
1 1 36 3,81 -3,99 -157,035 1646314507
1 1 36 3,74 -4,24 -157,054 1646314508
1 1 36 3,81 -4,49 -157,084 1646314508
1 1 36 3,99 -4,68 -157,078 1646314508
1 1 36 4,24 -4,74 -157,115 1646314509
1 1 36 4,49 -4,68 -157,090 1646314509
1 1 36 4,68 -4,49 -157,048 1646314510
1 1 37 27,00 0,00 -157,096 1646314511
1 1 37 27,50 0,00 -157,048 1646314512
1 1 37 27,43 0,25 -157,084 1646314513
1 1 37 27,25 0,43 -157,048 1646314513
1 1 37 27,00 0,50 -157,072 1646314513
1 1 37 26,75 0,43 -157,042 1646314514
1 1 37 26,57 0,25 -157,096 1646314514
1 1 37 26,50 0,00 -157,072 1646314514
1 1 37 26,57 -0,25 -157,090 1646314515
1 1 37 26,75 -0,43 -157,048 1646314515
1 1 37 27,00 -0,50 -157,072 1646314516
1 1 37 27,25 -0,43 -157,048 1646314516
1 1 37 27,43 -0,25 -157,158 1646314516
1 1 38 26,08 6,99 -157,096 1646314517
1 1 38 26,58 6,99 -157,035 1646314518
1 1 38 26,51 7,24 -157,035 1646314518
1 1 38 26,33 7,42 -157,078 1646314519
1 1 38 26,08 7,49 -157,066 1646314519
1 1 38 25,83 7,42 -157,084 1646314519
1 1 38 25,65 7,24 -157,011 1646314520
1 1 38 25,58 6,99 -157,017 1646314520
1 1 38 25,65 6,74 -157,048 1646314520
1 1 38 25,83 6,56 -157,035 1646314520
1 1 38 26,08 6,49 -157,066 1646314521
1 1 38 26,33 6,56 -157,090 1646314521
1 1 38 26,51 6,74 -157,072 1646314521
1 1 39 23,38 13,50 -157,072 1646314522
1 1 39 23,88 13,50 -157,072 1646314522
1 1 39 23,82 13,75 -157,090 1646314523
1 1 39 23,63 13,93 -157,060 1646314523
1 1 39 23,38 14,00 -157,090 1646314523
1 1 39 23,13 13,93 -157,048 1646314523
1 1 39 22,95 13,75 -157,103 1646314524
1 1 39 22,88 13,50 -157,109 1646314524
1 1 39 22,95 13,25 -157,042 1646314524
1 1 39 23,13 13,07 -157,017 1646314524
1 1 39 23,38 13,00 -157,042 1646314525
1 1 39 23,63 13,07 -157,139 1646314525
1 1 39 23,82 13,25 -157,103 1646314525
1 1 40 19,09 19,09 -157,121 1646314526
1 1 40 19,59 19,09 -157,035 1646314526
1 1 40 19,52 19,34 -157,078 1646314527
1 1 40 19,34 19,52 -157,060 1646314527
1 1 40 19,09 19,59 -157,084 1646314527
1 1 40 18,84 19,52 -157,084 1646314527
1 1 40 18,66 19,34 -156,987 1646314527
1 1 40 18,59 19,09 -157,017 1646314528
1 1 40 18,66 18,84 -157,023 1646314528
1 1 40 18,84 18,66 -157,035 1646314528
1 1 40 19,09 18,59 -157,060 1646314528
1 1 40 19,34 18,66 -157,060 1646314529
1 1 40 19,52 18,84 -157,066 1646314529
1 1 41 13,50 23,38 -157,072 1646314530
1 1 41 14,00 23,38 -157,060 1646314530
1 1 41 13,93 23,63 -157,072 1646314530
1 1 41 13,75 23,82 -157,096 1646314531
1 1 41 13,50 23,88 -157,048 1646314531
1 1 41 13,25 23,82 -157,048 1646314531
1 1 41 13,07 23,63 -157,072 1646314531
1 1 41 13,00 23,38 -157,054 1646314532
1 1 41 13,07 23,13 -157,017 1646314532
1 1 41 13,25 22,95 -157,096 1646314532
1 1 41 13,50 22,88 -157,035 1646314532
1 1 41 13,75 22,95 -157,084 1646314532
1 1 41 13,93 23,13 -157,054 1646314533
1 1 42 6,99 26,08 -157,084 1646314534
1 1 42 7,49 26,08 -157,060 1646314534
1 1 42 7,42 26,33 -157,029 1646314534
1 1 42 7,24 26,51 -157,060 1646314535
1 1 42 6,99 26,58 -157,096 1646314535
1 1 42 6,74 26,51 -157,072 1646314535
1 1 42 6,56 26,33 -157,035 1646314535
1 1 42 6,49 26,08 -157,048 1646314535
1 1 42 6,56 25,83 -157,048 1646314536
1 1 42 6,74 25,65 -157,096 1646314536
1 1 42 6,99 25,58 -157,072 1646314536
1 1 42 7,24 25,65 -157,060 1646314537
1 1 42 7,42 25,83 -157,042 1646314537
1 1 43 0,00 27,00 -157,023 1646314538
1 1 43 0,50 27,00 -157,066 1646314538
1 1 43 0,43 27,25 -157,060 1646314538
1 1 43 0,25 27,43 -157,048 1646314539
1 1 43 0,00 27,50 -157,017 1646314539
1 1 43 -0,25 27,43 -157,042 1646314539
1 1 43 -0,43 27,25 -157,054 1646314539
1 1 43 -0,50 27,00 -157,029 1646314540
1 1 43 -0,43 26,75 -157,023 1646314540
1 1 43 -0,25 26,57 -157,060 1646314540
1 1 43 0,00 26,50 -157,084 1646314540
1 1 43 0,25 26,57 -157,035 1646314541
1 1 43 0,43 26,75 -157,078 1646314541
1 1 44 -6,99 26,08 -157,066 1646314542
1 1 44 -6,49 26,08 -157,090 1646314542
1 1 44 -6,56 26,33 -157,103 1646314542
1 1 44 -6,74 26,51 -157,090 1646314543
1 1 44 -6,99 26,58 -157,042 1646314543
1 1 44 -7,24 26,51 -157,035 1646314543
1 1 44 -7,42 26,33 -157,072 1646314543
1 1 44 -7,49 26,08 -157,084 1646314544
1 1 44 -7,42 25,83 -157,029 1646314544
1 1 44 -7,24 25,65 -157,072 1646314544
1 1 44 -6,99 25,58 -157,048 1646314544
1 1 44 -6,74 25,65 -157,072 1646314545
1 1 44 -6,56 25,83 -157,078 1646314545
1 1 45 -13,50 23,38 -157,035 1646314546
1 1 45 -13,00 23,38 -157,078 1646314546
1 1 45 -13,07 23,63 -157,072 1646314546
1 1 45 -13,25 23,82 -157,096 1646314547
1 1 45 -13,50 23,88 -157,054 1646314547
1 1 45 -13,75 23,82 -157,109 1646314547
1 1 45 -13,93 23,63 -157,011 1646314547
1 1 45 -14,00 23,38 -157,145 1646314548
1 1 45 -13,93 23,13 -157,048 1646314548
1 1 45 -13,75 22,95 -157,060 1646314548
1 1 45 -13,50 22,88 -157,078 1646314548
1 1 45 -13,25 22,95 -157,084 1646314548
1 1 45 -13,07 23,13 -157,072 1646314549
1 1 46 -19,09 19,09 -157,066 1646314549
1 1 46 -18,59 19,09 -157,096 1646314550
1 1 46 -18,66 19,34 -157,121 1646314550
1 1 46 -18,84 19,52 -157,084 1646314550
1 1 46 -19,09 19,59 -157,084 1646314551
1 1 46 -19,34 19,52 -157,072 1646314551
1 1 46 -19,52 19,34 -157,078 1646314551
1 1 46 -19,59 19,09 -157,078 1646314551
1 1 46 -19,52 18,84 -157,048 1646314552
1 1 46 -19,34 18,66 -157,090 1646314552
1 1 46 -19,09 18,59 -157,042 1646314552
1 1 46 -18,84 18,66 -157,115 1646314553
1 1 46 -18,66 18,84 -157,054 1646314553
1 1 47 -23,38 13,50 -157,060 1646314554
1 1 47 -22,88 13,50 -157,060 1646314554
1 1 47 -22,95 13,75 -157,072 1646314554
1 1 47 -23,13 13,93 -157,096 1646314554
1 1 47 -23,38 14,00 -157,060 1646314555
1 1 47 -23,63 13,93 -157,066 1646314555
1 1 47 -23,82 13,75 -157,078 1646314555
1 1 47 -23,88 13,50 -157,078 1646314555
1 1 47 -23,82 13,25 -157,072 1646314556
1 1 47 -23,63 13,07 -157,072 1646314556
1 1 47 -23,38 13,00 -157,096 1646314556
1 1 47 -23,13 13,07 -157,096 1646314556
1 1 47 -22,95 13,25 -157,066 1646314557
1 1 48 -26,08 6,99 -157,084 1646314557
1 1 48 -25,58 6,99 -157,145 1646314558
1 1 48 -25,65 7,24 -157,072 1646314558
1 1 48 -25,83 7,42 -157,127 1646314558
1 1 48 -26,08 7,49 -157,084 1646314559
1 1 48 -26,33 7,42 -157,035 1646314559
1 1 48 -26,51 7,24 -157,078 1646314559
1 1 48 -26,58 6,99 -157,066 1646314559
1 1 48 -26,51 6,74 -157,060 1646314559
1 1 48 -26,33 6,56 -157,005 1646314560
1 1 48 -26,08 6,49 -157,023 1646314560
1 1 48 -25,83 6,56 -157,042 1646314560
1 1 48 -25,65 6,74 -157,127 1646314560
1 1 49 -27,00 0,00 -157,048 1646314561
1 1 49 -26,50 0,00 -157,090 1646314562
1 1 49 -26,57 0,25 -157,060 1646314562
1 1 49 -26,75 0,43 -157,035 1646314562
1 1 49 -27,00 0,50 -157,048 1646314563
1 1 49 -27,25 0,43 -157,072 1646314563
1 1 49 -27,43 0,25 -157,005 1646314563
1 1 49 -27,50 0,00 -157,054 1646314563
1 1 49 -27,43 -0,25 -157,066 1646314563
1 1 49 -27,25 -0,43 -157,060 1646314564
1 1 49 -27,00 -0,50 -157,084 1646314564
1 1 49 -26,75 -0,43 -157,096 1646314564
1 1 49 -26,57 -0,25 -157,023 1646314564
1 1 50 -26,08 -6,99 -157,072 1646314565
1 1 50 -25,58 -6,99 -157,060 1646314566
1 1 50 -25,65 -6,74 -157,042 1646314566
1 1 50 -25,83 -6,56 -157,084 1646314566
1 1 50 -26,08 -6,49 -157,035 1646314566
1 1 50 -26,33 -6,56 -157,096 1646314567
1 1 50 -26,51 -6,74 -157,017 1646314567
1 1 50 -26,58 -6,99 -157,029 1646314567
1 1 50 -26,51 -7,24 -157,115 1646314567
1 1 50 -26,33 -7,42 -157,096 1646314568
1 1 50 -26,08 -7,49 -157,072 1646314568
1 1 50 -25,83 -7,42 -157,133 1646314568
1 1 50 -25,65 -7,24 -157,072 1646314568
1 1 51 -23,38 -13,50 -157,011 1646314569
1 1 51 -22,88 -13,50 -157,115 1646314570
1 1 51 -22,95 -13,25 -157,054 1646314570
1 1 51 -23,13 -13,07 -157,072 1646314570
1 1 51 -23,38 -13,00 -157,054 1646314570
1 1 51 -23,63 -13,07 -157,048 1646314570
1 1 51 -23,82 -13,25 -157,084 1646314571
1 1 51 -23,88 -13,50 -157,072 1646314571
1 1 51 -23,82 -13,75 -157,042 1646314571
1 1 51 -23,63 -13,93 -157,078 1646314571
1 1 51 -23,38 -14,00 -157,035 1646314572
1 1 51 -23,13 -13,93 -157,090 1646314572
1 1 51 -22,95 -13,75 -157,109 1646314572
1 1 52 -19,09 -19,09 -157,035 1646314573
1 1 52 -18,59 -19,09 -157,090 1646314573
1 1 52 -18,66 -18,84 -157,115 1646314574
1 1 52 -18,84 -18,66 -157,060 1646314574
1 1 52 -19,09 -18,59 -157,096 1646314574
1 1 52 -19,34 -18,66 -157,060 1646314574
1 1 52 -19,52 -18,84 -157,060 1646314575
1 1 52 -19,59 -19,09 -157,035 1646314575
1 1 52 -19,52 -19,34 -157,066 1646314575
1 1 52 -19,34 -19,52 -157,060 1646314575
1 1 52 -19,09 -19,59 -157,042 1646314576
1 1 52 -18,84 -19,52 -157,048 1646314576
1 1 52 -18,66 -19,34 -157,078 1646314576
1 1 53 -13,50 -23,38 -157,072 1646314577
1 1 53 -13,00 -23,38 -157,078 1646314577
1 1 53 -13,07 -23,13 -157,109 1646314578
1 1 53 -13,25 -22,95 -157,023 1646314578
1 1 53 -13,50 -22,88 -157,035 1646314578
1 1 53 -13,75 -22,95 -157,035 1646314578
1 1 53 -13,93 -23,13 -157,035 1646314579
1 1 53 -14,00 -23,38 -156,987 1646314579
1 1 53 -13,93 -23,63 -157,060 1646314579
1 1 53 -13,75 -23,82 -156,950 1646314579
1 1 53 -13,50 -23,88 -157,035 1646314580
1 1 53 -13,25 -23,82 -157,066 1646314580
1 1 53 -13,07 -23,63 -157,103 1646314580
1 1 54 -6,99 -26,08 -157,011 1646314581
1 1 54 -6,49 -26,08 -157,072 1646314581
1 1 54 -6,56 -25,83 -157,072 1646314582
1 1 54 -6,74 -25,65 -157,048 1646314582
1 1 54 -6,99 -25,58 -157,084 1646314582
1 1 54 -7,24 -25,65 -157,035 1646314582
1 1 54 -7,42 -25,83 -157,060 1646314583
1 1 54 -7,49 -26,08 -157,072 1646314583
1 1 54 -7,42 -26,33 -156,999 1646314583
1 1 54 -7,24 -26,51 -157,121 1646314583
1 1 54 -6,99 -26,58 -157,042 1646314584
1 1 54 -6,74 -26,51 -157,072 1646314584
1 1 54 -6,56 -26,33 -157,084 1646314584
1 1 55 -0,00 -27,00 -157,072 1646314585
1 1 55 0,50 -27,00 -157,035 1646314586
1 1 55 0,43 -26,75 -157,042 1646314586
1 1 55 0,25 -26,57 -157,066 1646314587
1 1 55 -0,00 -26,50 -156,993 1646314587
1 1 55 -0,25 -26,57 -157,035 1646314588
1 1 55 -0,43 -26,75 -157,084 1646314588
1 1 55 -0,50 -27,00 -157,035 1646314589
1 1 55 -0,43 -27,25 -157,035 1646314589
1 1 55 -0,25 -27,43 -156,987 1646314590
1 1 55 -0,00 -27,50 -157,011 1646314590
1 1 55 0,25 -27,43 -156,987 1646314591
1 1 55 0,43 -27,25 -157,017 1646314591
1 1 56 6,99 -26,08 -157,042 1646314592
1 1 56 7,49 -26,08 -157,042 1646314593
1 1 56 7,42 -25,83 -157,023 1646314593
1 1 56 7,24 -25,65 -157,035 1646314593
1 1 56 6,99 -25,58 -157,048 1646314594
1 1 56 6,74 -25,65 -157,042 1646314595
1 1 56 6,56 -25,83 -157,035 1646314595
1 1 56 6,49 -26,08 -157,054 1646314595
1 1 56 6,56 -26,33 -157,023 1646314596
1 1 56 6,74 -26,51 -157,029 1646314596
1 1 56 6,99 -26,58 -157,084 1646314597
1 1 56 7,24 -26,51 -157,054 1646314597
1 1 56 7,42 -26,33 -157,011 1646314598
1 1 57 13,50 -23,38 -157,078 1646314599
1 1 57 14,00 -23,38 -157,042 1646314599
1 1 57 13,93 -23,13 -157,072 1646314599
1 1 57 13,75 -22,95 -157,048 1646314600
1 1 57 13,50 -22,88 -157,017 1646314600
1 1 57 13,25 -22,95 -157,035 1646314600
1 1 57 13,07 -23,13 -157,011 1646314601
1 1 57 13,00 -23,38 -156,858 1646314601
1 1 57 13,07 -23,63 -157,042 1646314601
1 1 57 13,25 -23,82 -157,090 1646314602
1 1 57 13,50 -23,88 -157,096 1646314602
1 1 57 13,75 -23,82 -157,060 1646314602
1 1 57 13,93 -23,63 -157,042 1646314603
1 1 58 19,09 -19,09 -157,090 1646314604
1 1 58 19,59 -19,09 -157,017 1646314604
1 1 58 19,52 -18,84 -157,090 1646314605
1 1 58 19,34 -18,66 -157,023 1646314605
1 1 58 19,09 -18,59 -157,060 1646314606
1 1 58 18,84 -18,66 -157,023 1646314607
1 1 58 18,66 -18,84 -157,078 1646314607
1 1 58 18,59 -19,09 -157,109 1646314607
1 1 58 18,66 -19,34 -157,029 1646314608
1 1 58 18,84 -19,52 -156,999 1646314608
1 1 58 19,09 -19,59 -157,054 1646314609
1 1 58 19,34 -19,52 -157,096 1646314610
1 1 58 19,52 -19,34 -157,054 1646314610
1 1 59 23,38 -13,50 -157,029 1646314611
1 1 59 23,88 -13,50 -157,078 1646314611
1 1 59 23,82 -13,25 -157,096 1646314611
1 1 59 23,63 -13,07 -157,072 1646314612
1 1 59 23,38 -13,00 -157,023 1646314613
1 1 59 23,13 -13,07 -157,042 1646314613
1 1 59 22,95 -13,25 -157,035 1646314614
1 1 59 22,88 -13,50 -157,060 1646314614
1 1 59 22,95 -13,75 -157,084 1646314615
1 1 59 23,13 -13,93 -157,060 1646314615
1 1 59 23,38 -14,00 -157,054 1646314616
1 1 59 23,63 -13,93 -157,084 1646314616
1 1 59 23,82 -13,75 -157,035 1646314616
1 1 60 26,08 -6,99 -157,054 1646314617
1 1 60 26,58 -6,99 -157,103 1646314618
1 1 60 26,51 -6,74 -157,048 1646314619
1 1 60 26,33 -6,56 -157,042 1646314619
1 1 60 26,08 -6,49 -157,035 1646314619
1 1 60 25,83 -6,56 -157,084 1646314620
1 1 60 25,65 -6,74 -157,090 1646314620
1 1 60 25,58 -6,99 -157,054 1646314621
1 1 60 25,65 -7,24 -157,060 1646314621
1 1 60 25,83 -7,42 -156,987 1646314622
1 1 60 26,08 -7,49 -157,084 1646314622
1 1 60 26,33 -7,42 -157,017 1646314623
1 1 60 26,51 -7,24 -157,060 1646314623
