1 1 1 4,24 4,24 -157,072 1646315569
1 1 1 4,74 4,24 -157,042 1646315569
1 1 1 4,68 4,49 -157,096 1646315569
1 1 1 4,49 4,68 -157,042 1646315570
1 1 1 4,24 4,74 -157,103 1646315570
1 1 1 3,99 4,68 -157,060 1646315570
1 1 1 3,81 4,49 -157,066 1646315571
1 1 1 3,74 4,24 -157,084 1646315572
1 1 1 3,81 3,99 -157,084 1646315572
1 1 1 3,99 3,81 -157,096 1646315572
1 1 1 4,24 3,74 -157,054 1646315573
1 1 1 4,49 3,81 -157,042 1646315573
1 1 1 4,68 3,99 -157,054 1646315573
1 1 2 3,36 12,56 -157,035 1646315574
1 1 2 3,86 12,56 -157,084 1646315574
1 1 2 3,80 12,81 -157,109 1646315575
1 1 2 3,61 12,99 -157,066 1646315575
1 1 2 3,36 13,06 -157,084 1646315575
1 1 2 3,11 12,99 -157,072 1646315575
1 1 2 2,93 12,81 -157,023 1646315576
1 1 2 2,86 12,56 -157,103 1646315576
1 1 2 2,93 12,31 -157,035 1646315576
1 1 2 3,11 12,12 -157,042 1646315576
1 1 2 3,36 12,06 -157,060 1646315577
1 1 2 3,61 12,12 -157,060 1646315577
1 1 2 3,80 12,31 -157,072 1646315577
1 1 3 9,19 9,19 -157,017 1646315578
1 1 3 9,69 9,19 -157,090 1646315578
1 1 3 9,63 9,44 -157,072 1646315579
1 1 3 9,44 9,63 -157,048 1646315579
1 1 3 9,19 9,69 -157,139 1646315579
1 1 3 8,94 9,63 -157,035 1646315579
1 1 3 8,76 9,44 -157,060 1646315579
1 1 3 8,69 9,19 -157,072 1646315580
1 1 3 8,76 8,94 -157,023 1646315580
1 1 3 8,94 8,76 -157,054 1646315580
1 1 3 9,19 8,69 -157,035 1646315580
1 1 3 9,44 8,76 -157,042 1646315581
1 1 3 9,63 8,94 -157,096 1646315581
1 1 4 12,56 3,36 -157,096 1646315582
1 1 4 13,06 3,36 -157,072 1646315582
1 1 4 12,99 3,61 -157,054 1646315582
1 1 4 12,81 3,80 -156,999 1646315583
1 1 4 12,56 3,86 -157,035 1646315583
1 1 4 12,31 3,80 -157,072 1646315583
1 1 4 12,12 3,61 -157,072 1646315584
1 1 4 12,06 3,36 -157,072 1646315584
1 1 4 12,12 3,11 -157,090 1646315584
1 1 4 12,31 2,93 -157,078 1646315584
1 1 4 12,56 2,86 -157,127 1646315585
1 1 4 12,81 2,93 -157,048 1646315585
1 1 4 12,99 3,11 -157,017 1646315585
1 1 5 19,32 5,18 -157,054 1646315586
1 1 5 19,82 5,18 -157,096 1646315586
1 1 5 19,75 5,43 -157,127 1646315587
1 1 5 19,57 5,61 -157,017 1646315587
1 1 5 19,32 5,68 -157,078 1646315587
1 1 5 19,07 5,61 -157,072 1646315587
1 1 5 18,89 5,43 -157,127 1646315587
1 1 5 18,82 5,18 -157,017 1646315588
1 1 5 18,89 4,93 -157,029 1646315588
1 1 5 19,07 4,74 -156,993 1646315588
1 1 5 19,32 4,68 -157,048 1646315588
1 1 5 19,57 4,74 -157,072 1646315589
1 1 5 19,75 4,93 -157,054 1646315589
1 1 6 17,32 10,00 -157,042 1646315590
1 1 6 17,82 10,00 -157,072 1646315590
1 1 6 17,75 10,25 -157,054 1646315590
1 1 6 17,57 10,43 -157,066 1646315591
1 1 6 17,32 10,50 -157,035 1646315591
1 1 6 17,07 10,43 -157,035 1646315591
1 1 6 16,89 10,25 -157,048 1646315591
1 1 6 16,82 10,00 -157,048 1646315592
1 1 6 16,89 9,75 -157,066 1646315592
1 1 6 17,07 9,57 -157,072 1646315592
1 1 6 17,32 9,50 -157,054 1646315592
1 1 6 17,57 9,57 -157,060 1646315592
1 1 6 17,75 9,75 -157,060 1646315593
1 1 7 14,14 14,14 -157,035 1646315593
1 1 7 14,64 14,14 -157,072 1646315594
1 1 7 14,58 14,39 -157,060 1646315594
1 1 7 14,39 14,58 -157,048 1646315594
1 1 7 14,14 14,64 -157,096 1646315595
1 1 7 13,89 14,58 -157,060 1646315595
1 1 7 13,71 14,39 -157,035 1646315595
1 1 7 13,64 14,14 -157,035 1646315595
1 1 7 13,71 13,89 -157,042 1646315596
1 1 7 13,89 13,71 -157,096 1646315596
1 1 7 14,14 13,64 -157,115 1646315596
1 1 7 14,39 13,71 -157,023 1646315596
1 1 7 14,58 13,89 -157,078 1646315597
1 1 8 10,00 17,32 -157,066 1646315597
1 1 8 10,50 17,32 -157,060 1646315598
1 1 8 10,43 17,57 -157,072 1646315598
1 1 8 10,25 17,75 -157,084 1646315598
1 1 8 10,00 17,82 -157,072 1646315599
1 1 8 9,75 17,75 -157,072 1646315599
1 1 8 9,57 17,57 -157,017 1646315599
1 1 8 9,50 17,32 -157,048 1646315599
1 1 8 9,57 17,07 -157,151 1646315600
1 1 8 9,75 16,89 -157,096 1646315600
1 1 8 10,00 16,82 -157,048 1646315600
1 1 8 10,25 16,89 -157,023 1646315600
1 1 8 10,43 17,07 -157,084 1646315601
1 1 9 5,18 19,32 -157,078 1646315602
1 1 9 5,68 19,32 -156,999 1646315602
1 1 9 5,61 19,57 -157,072 1646315603
1 1 9 5,43 19,75 -157,042 1646315603
1 1 9 5,18 19,82 -157,060 1646315603
1 1 9 4,93 19,75 -157,096 1646315603
1 1 9 4,74 19,57 -157,023 1646315603
1 1 9 4,68 19,32 -157,072 1646315604
1 1 9 4,74 19,07 -157,048 1646315604
1 1 9 4,93 18,89 -157,072 1646315604
1 1 9 5,18 18,82 -156,999 1646315605
1 1 9 5,43 18,89 -157,115 1646315605
1 1 9 5,61 19,07 -157,084 1646315605
1 1 10 -5,18 19,32 -157,072 1646315606
1 1 10 -4,68 19,32 -157,084 1646315607
1 1 10 -4,74 19,57 -157,078 1646315607
1 1 10 -4,93 19,75 -157,066 1646315607
1 1 10 -5,18 19,82 -157,029 1646315607
1 1 10 -5,43 19,75 -157,096 1646315608
1 1 10 -5,61 19,57 -157,066 1646315608
1 1 10 -5,68 19,32 -157,023 1646315608
1 1 10 -5,61 19,07 -157,042 1646315609
1 1 10 -5,43 18,89 -157,084 1646315609
1 1 10 -5,18 18,82 -157,078 1646315609
1 1 10 -4,93 18,89 -157,072 1646315609
1 1 10 -4,74 19,07 -157,072 1646315610
1 1 11 -10,00 17,32 -157,096 1646315610
1 1 11 -9,50 17,32 -157,054 1646315611
1 1 11 -9,57 17,57 -157,072 1646315611
1 1 11 -9,75 17,75 -157,084 1646315611
1 1 11 -10,00 17,82 -157,109 1646315611
1 1 11 -10,25 17,75 -157,060 1646315612
1 1 11 -10,43 17,57 -157,042 1646315612
1 1 11 -10,50 17,32 -157,029 1646315612
1 1 11 -10,43 17,07 -157,029 1646315612
1 1 11 -10,25 16,89 -157,103 1646315613
1 1 11 -10,00 16,82 -157,084 1646315613
1 1 11 -9,75 16,89 -157,096 1646315613
1 1 11 -9,57 17,07 -157,090 1646315613
1 1 12 -14,14 14,14 -157,048 1646315614
1 1 12 -13,64 14,14 -157,066 1646315615
1 1 12 -13,71 14,39 -157,072 1646315615
1 1 12 -13,89 14,58 -157,072 1646315615
1 1 12 -14,14 14,64 -157,029 1646315615
1 1 12 -14,39 14,58 -157,035 1646315616
1 1 12 -14,58 14,39 -157,078 1646315616
1 1 12 -14,64 14,14 -157,023 1646315616
1 1 12 -14,58 13,89 -157,035 1646315616
1 1 12 -14,39 13,71 -157,029 1646315616
1 1 12 -14,14 13,64 -157,054 1646315617
1 1 12 -13,89 13,71 -157,054 1646315617
1 1 12 -13,71 13,89 -157,072 1646315617
1 1 13 -17,32 10,00 -157,084 1646315618
1 1 13 -16,82 10,00 -157,060 1646315618
1 1 13 -16,89 10,25 -157,060 1646315619
1 1 13 -17,07 10,43 -157,048 1646315619
1 1 13 -17,32 10,50 -157,048 1646315619
1 1 13 -17,57 10,43 -157,066 1646315619
1 1 13 -17,75 10,25 -157,096 1646315620
1 1 13 -17,82 10,00 -157,103 1646315620
1 1 13 -17,75 9,75 -157,103 1646315620
1 1 13 -17,57 9,57 -157,078 1646315620
1 1 13 -17,32 9,50 -157,084 1646315620
1 1 13 -17,07 9,57 -157,029 1646315621
1 1 13 -16,89 9,75 -157,090 1646315621
1 1 14 -19,32 5,18 -157,060 1646315622
1 1 14 -18,82 5,18 -157,029 1646315622
1 1 14 -18,89 5,43 -157,090 1646315622
1 1 14 -19,07 5,61 -157,060 1646315623
1 1 14 -19,32 5,68 -157,078 1646315623
1 1 14 -19,57 5,61 -157,096 1646315623
1 1 14 -19,75 5,43 -157,035 1646315624
1 1 14 -19,82 5,18 -157,072 1646315624
1 1 14 -19,75 4,93 -157,035 1646315624
1 1 14 -19,57 4,74 -157,042 1646315624
1 1 14 -19,32 4,68 -157,066 1646315624
1 1 14 -19,07 4,74 -157,042 1646315625
1 1 14 -18,89 4,93 -157,048 1646315625
1 1 15 -12,56 3,36 -157,072 1646315626
1 1 15 -12,06 3,36 -157,096 1646315626
1 1 15 -12,12 3,61 -157,078 1646315626
1 1 15 -12,31 3,80 -157,035 1646315627
1 1 15 -12,56 3,86 -157,103 1646315627
1 1 15 -12,81 3,80 -157,084 1646315627
1 1 15 -12,99 3,61 -157,048 1646315627
1 1 15 -13,06 3,36 -157,084 1646315628
1 1 15 -12,99 3,11 -157,066 1646315628
1 1 15 -12,81 2,93 -157,054 1646315628
1 1 15 -12,56 2,86 -157,096 1646315629
1 1 15 -12,31 2,93 -157,078 1646315629
1 1 15 -12,12 3,11 -157,060 1646315629
1 1 16 -9,19 9,19 -157,060 1646315630
1 1 16 -8,69 9,19 -157,072 1646315630
1 1 16 -8,76 9,44 -157,060 1646315631
1 1 16 -8,94 9,63 -157,072 1646315631
1 1 16 -9,19 9,69 -157,054 1646315631
1 1 16 -9,44 9,63 -157,048 1646315631
1 1 16 -9,63 9,44 -157,084 1646315631
1 1 16 -9,69 9,19 -157,054 1646315632
1 1 16 -9,63 8,94 -157,060 1646315632
1 1 16 -9,44 8,76 -157,090 1646315632
1 1 16 -9,19 8,69 -157,035 1646315632
1 1 16 -8,94 8,76 -157,017 1646315633
1 1 16 -8,76 8,94 -157,072 1646315633
1 1 17 -3,36 12,56 -157,035 1646315634
1 1 17 -2,86 12,56 -157,042 1646315634
1 1 17 -2,93 12,81 -157,054 1646315634
1 1 17 -3,11 12,99 -157,072 1646315635
1 1 17 -3,36 13,06 -157,023 1646315635
1 1 17 -3,61 12,99 -157,060 1646315635
1 1 17 -3,80 12,81 -157,060 1646315635
1 1 17 -3,86 12,56 -157,060 1646315636
1 1 17 -3,80 12,31 -157,054 1646315636
1 1 17 -3,61 12,12 -157,035 1646315636
1 1 17 -3,36 12,06 -157,035 1646315636
1 1 17 -3,11 12,12 -157,060 1646315636
1 1 17 -2,93 12,31 -157,054 1646315637
1 1 18 -4,24 4,24 -157,072 1646315638
1 1 18 -3,74 4,24 -157,023 1646315638
1 1 18 -3,81 4,49 -157,072 1646315638
1 1 18 -3,99 4,68 -157,096 1646315639
1 1 18 -4,24 4,74 -157,096 1646315639
1 1 18 -4,49 4,68 -157,035 1646315639
1 1 18 -4,68 4,49 -157,023 1646315639
1 1 18 -4,74 4,24 -157,090 1646315639
1 1 18 -4,68 3,99 -157,072 1646315640
1 1 18 -4,49 3,81 -157,096 1646315640
1 1 18 -4,24 3,74 -157,072 1646315640
1 1 18 -3,99 3,81 -157,072 1646315640
1 1 18 -3,81 3,99 -157,035 1646315641
1 1 19 -4,24 -4,24 -157,096 1646315642
1 1 19 -3,74 -4,24 -157,084 1646315642
1 1 19 -3,81 -3,99 -157,072 1646315642
1 1 19 -3,99 -3,81 -157,011 1646315643
1 1 19 -4,24 -3,74 -157,029 1646315643
1 1 19 -4,49 -3,81 -157,048 1646315643
1 1 19 -4,68 -3,99 -157,048 1646315643
1 1 19 -4,74 -4,24 -157,035 1646315644
1 1 19 -4,68 -4,49 -157,066 1646315644
1 1 19 -4,49 -4,68 -157,103 1646315644
1 1 19 -4,24 -4,74 -157,060 1646315644
1 1 19 -3,99 -4,68 -157,109 1646315644
1 1 19 -3,81 -4,49 -157,023 1646315645
1 1 20 -3,36 -12,56 -157,048 1646315646
1 1 20 -2,86 -12,56 -157,060 1646315646
1 1 20 -2,93 -12,31 -157,035 1646315646
1 1 20 -3,11 -12,12 -157,084 1646315647
1 1 20 -3,36 -12,06 -157,127 1646315647
1 1 20 -3,61 -12,12 -157,029 1646315647
1 1 20 -3,80 -12,31 -157,023 1646315647
1 1 20 -3,86 -12,56 -157,005 1646315647
1 1 20 -3,80 -12,81 -157,042 1646315648
1 1 20 -3,61 -12,99 -157,072 1646315648
1 1 20 -3,36 -13,06 -157,090 1646315648
1 1 20 -3,11 -12,99 -157,054 1646315648
1 1 20 -2,93 -12,81 -157,011 1646315649
1 1 21 -9,19 -9,19 -157,090 1646315649
1 1 21 -8,69 -9,19 -157,029 1646315650
1 1 21 -8,76 -8,94 -157,072 1646315650
1 1 21 -8,94 -8,76 -157,029 1646315650
1 1 21 -9,19 -8,69 -157,060 1646315651
1 1 21 -9,44 -8,76 -157,054 1646315651
1 1 21 -9,63 -8,94 -157,054 1646315651
1 1 21 -9,69 -9,19 -157,035 1646315651
1 1 21 -9,63 -9,44 -157,035 1646315652
1 1 21 -9,44 -9,63 -157,078 1646315652
1 1 21 -9,19 -9,69 -157,072 1646315652
1 1 21 -8,94 -9,63 -157,023 1646315652
1 1 21 -8,76 -9,44 -157,048 1646315652
1 1 22 -12,56 -3,36 -157,078 1646315653
1 1 22 -12,06 -3,36 -157,011 1646315654
1 1 22 -12,12 -3,11 -157,072 1646315654
1 1 22 -12,31 -2,93 -157,096 1646315654
1 1 22 -12,56 -2,86 -157,035 1646315654
1 1 22 -12,81 -2,93 -157,048 1646315655
1 1 22 -12,99 -3,11 -157,035 1646315655
1 1 22 -13,06 -3,36 -157,066 1646315655
1 1 22 -12,99 -3,61 -157,005 1646315655
1 1 22 -12,81 -3,80 -157,066 1646315656
1 1 22 -12,56 -3,86 -157,042 1646315656
1 1 22 -12,31 -3,80 -157,042 1646315656
1 1 22 -12,12 -3,61 -157,042 1646315656
1 1 23 -19,32 -5,18 -157,048 1646315657
1 1 23 -18,82 -5,18 -157,060 1646315658
1 1 23 -18,89 -4,93 -157,017 1646315658
1 1 23 -19,07 -4,74 -157,048 1646315658
1 1 23 -19,32 -4,68 -157,084 1646315658
1 1 23 -19,57 -4,74 -157,084 1646315659
1 1 23 -19,75 -4,93 -157,035 1646315659
1 1 23 -19,82 -5,18 -157,066 1646315659
1 1 23 -19,75 -5,43 -157,090 1646315659
1 1 23 -19,57 -5,61 -157,048 1646315660
1 1 23 -19,32 -5,68 -157,072 1646315660
1 1 23 -19,07 -5,61 -157,127 1646315660
1 1 23 -18,89 -5,43 -157,035 1646315660
1 1 24 -17,32 -10,00 -157,005 1646315661
1 1 24 -16,82 -10,00 -157,072 1646315662
1 1 24 -16,89 -9,75 -157,103 1646315662
1 1 24 -17,07 -9,57 -157,035 1646315662
1 1 24 -17,32 -9,50 -157,066 1646315662
1 1 24 -17,57 -9,57 -157,096 1646315662
1 1 24 -17,75 -9,75 -157,109 1646315663
1 1 24 -17,82 -10,00 -157,060 1646315663
1 1 24 -17,75 -10,25 -157,060 1646315663
1 1 24 -17,57 -10,43 -157,048 1646315663
1 1 24 -17,32 -10,50 -157,090 1646315664
1 1 24 -17,07 -10,43 -157,072 1646315664
1 1 24 -16,89 -10,25 -157,115 1646315664
1 1 25 -14,14 -14,14 -157,072 1646315665
1 1 25 -13,64 -14,14 -157,090 1646315665
1 1 25 -13,71 -13,89 -156,852 1646315665
1 1 25 -13,89 -13,71 -157,035 1646315666
1 1 25 -14,14 -13,64 -157,054 1646315666
1 1 25 -14,39 -13,71 -157,023 1646315666
1 1 25 -14,58 -13,89 -157,035 1646315666
1 1 25 -14,64 -14,14 -157,078 1646315667
1 1 25 -14,58 -14,39 -157,054 1646315667
1 1 25 -14,39 -14,58 -157,035 1646315667
1 1 25 -14,14 -14,64 -157,096 1646315667
1 1 25 -13,89 -14,58 -157,096 1646315668
1 1 25 -13,71 -14,39 -157,035 1646315668
1 1 26 -10,00 -17,32 -157,035 1646315668
1 1 26 -9,50 -17,32 -157,029 1646315669
1 1 26 -9,57 -17,07 -157,048 1646315669
1 1 26 -9,75 -16,89 -157,072 1646315669
1 1 26 -10,00 -16,82 -157,084 1646315670
1 1 26 -10,25 -16,89 -157,029 1646315670
1 1 26 -10,43 -17,07 -157,072 1646315670
1 1 26 -10,50 -17,32 -157,029 1646315670
1 1 26 -10,43 -17,57 -157,017 1646315671
1 1 26 -10,25 -17,75 -157,017 1646315671
1 1 26 -10,00 -17,82 -157,072 1646315671
1 1 26 -9,75 -17,75 -157,029 1646315671
1 1 26 -9,57 -17,57 -157,078 1646315672
1 1 27 -5,18 -19,32 -157,078 1646315672
1 1 27 -4,68 -19,32 -157,078 1646315673
1 1 27 -4,74 -19,07 -157,084 1646315673
1 1 27 -4,93 -18,89 -157,060 1646315673
1 1 27 -5,18 -18,82 -157,042 1646315673
1 1 27 -5,43 -18,89 -157,072 1646315674
1 1 27 -5,61 -19,07 -157,078 1646315674
1 1 27 -5,68 -19,32 -157,042 1646315674
1 1 27 -5,61 -19,57 -157,072 1646315674
1 1 27 -5,43 -19,75 -157,035 1646315675
1 1 27 -5,18 -19,82 -157,078 1646315675
1 1 27 -4,93 -19,75 -157,139 1646315675
1 1 27 -4,74 -19,57 -157,072 1646315676
1 1 28 5,18 -19,32 -157,048 1646315677
1 1 28 5,68 -19,32 -157,060 1646315677
1 1 28 5,61 -19,07 -157,066 1646315677
1 1 28 5,43 -18,89 -157,042 1646315678
1 1 28 5,18 -18,82 -157,066 1646315678
1 1 28 4,93 -18,89 -157,035 1646315678
1 1 28 4,74 -19,07 -157,060 1646315678
1 1 28 4,68 -19,32 -157,035 1646315678
1 1 28 4,74 -19,57 -157,035 1646315679
1 1 28 4,93 -19,75 -157,042 1646315679
1 1 28 5,18 -19,82 -157,096 1646315679
1 1 28 5,43 -19,75 -157,066 1646315679
1 1 28 5,61 -19,57 -157,060 1646315680
1 1 29 10,00 -17,32 -157,060 1646315680
1 1 29 10,50 -17,32 -157,072 1646315681
1 1 29 10,43 -17,07 -157,054 1646315681
1 1 29 10,25 -16,89 -157,078 1646315681
1 1 29 10,00 -16,82 -157,054 1646315682
1 1 29 9,75 -16,89 -157,072 1646315682
1 1 29 9,57 -17,07 -156,987 1646315682
1 1 29 9,50 -17,32 -156,974 1646315682
1 1 29 9,57 -17,57 -157,048 1646315683
1 1 29 9,75 -17,75 -157,054 1646315683
1 1 29 10,00 -17,82 -156,950 1646315683
1 1 29 10,25 -17,75 -157,029 1646315683
1 1 29 10,43 -17,57 -157,048 1646315683
1 1 30 14,14 -14,14 -157,054 1646315684
1 1 30 14,64 -14,14 -157,035 1646315685
1 1 30 14,58 -13,89 -157,060 1646315685
1 1 30 14,39 -13,71 -157,060 1646315685
1 1 30 14,14 -13,64 -156,981 1646315685
1 1 30 13,89 -13,71 -157,054 1646315686
1 1 30 13,71 -13,89 -157,072 1646315686
1 1 30 13,64 -14,14 -157,005 1646315686
1 1 30 13,71 -14,39 -157,042 1646315686
1 1 30 13,89 -14,58 -157,035 1646315686
1 1 30 14,14 -14,64 -157,054 1646315687
1 1 30 14,39 -14,58 -157,084 1646315687
1 1 30 14,58 -14,39 -157,072 1646315687
1 1 31 17,32 -10,00 -157,096 1646315688
1 1 31 17,82 -10,00 -157,103 1646315688
1 1 31 17,75 -9,75 -157,084 1646315689
1 1 31 17,57 -9,57 -157,090 1646315689
1 1 31 17,32 -9,50 -156,968 1646315689
1 1 31 17,07 -9,57 -157,011 1646315690
1 1 31 16,89 -9,75 -157,060 1646315690
1 1 31 16,82 -10,00 -157,060 1646315690
1 1 31 16,89 -10,25 -157,017 1646315690
1 1 31 17,07 -10,43 -157,084 1646315691
1 1 31 17,32 -10,50 -157,078 1646315691
1 1 31 17,57 -10,43 -157,084 1646315691
1 1 31 17,75 -10,25 -157,060 1646315691
1 1 32 19,32 -5,18 -157,072 1646315692
1 1 32 19,82 -5,18 -157,035 1646315693
1 1 32 19,75 -4,93 -157,072 1646315693
1 1 32 19,57 -4,74 -157,072 1646315693
1 1 32 19,32 -4,68 -157,072 1646315693
1 1 32 19,07 -4,74 -157,017 1646315694
1 1 32 18,89 -4,93 -157,005 1646315694
1 1 32 18,82 -5,18 -157,060 1646315694
1 1 32 18,89 -5,43 -157,090 1646315694
1 1 32 19,07 -5,61 -157,035 1646315695
1 1 32 19,32 -5,68 -157,072 1646315695
1 1 32 19,57 -5,61 -157,109 1646315695
1 1 32 19,75 -5,43 -157,072 1646315695
1 1 33 12,56 -3,36 -156,987 1646315696
1 1 33 13,06 -3,36 -157,029 1646315697
1 1 33 12,99 -3,11 -157,017 1646315697
1 1 33 12,81 -2,93 -157,072 1646315697
1 1 33 12,56 -2,86 -157,029 1646315698
1 1 33 12,31 -2,93 -157,115 1646315698
1 1 33 12,12 -3,11 -157,042 1646315698
1 1 33 12,06 -3,36 -157,060 1646315698
1 1 33 12,12 -3,61 -157,084 1646315699
1 1 33 12,31 -3,80 -157,005 1646315699
1 1 33 12,56 -3,86 -156,993 1646315699
1 1 33 12,81 -3,80 -157,042 1646315699
1 1 33 12,99 -3,61 -157,078 1646315699
1 1 34 9,19 -9,19 -157,035 1646315700
1 1 34 9,69 -9,19 -157,042 1646315701
1 1 34 9,63 -8,94 -157,029 1646315701
1 1 34 9,44 -8,76 -157,048 1646315701
1 1 34 9,19 -8,69 -157,084 1646315701
1 1 34 8,94 -8,76 -157,072 1646315702
1 1 34 8,76 -8,94 -156,987 1646315702
1 1 34 8,69 -9,19 -157,042 1646315702
1 1 34 8,76 -9,44 -156,987 1646315702
1 1 34 8,94 -9,63 -157,096 1646315703
1 1 34 9,19 -9,69 -157,084 1646315703
1 1 34 9,44 -9,63 -157,023 1646315703
1 1 34 9,63 -9,44 -157,072 1646315703
1 1 35 3,36 -12,56 -157,048 1646315704
1 1 35 3,86 -12,56 -157,017 1646315705
1 1 35 3,80 -12,31 -157,072 1646315705
1 1 35 3,61 -12,12 -157,011 1646315705
1 1 35 3,36 -12,06 -157,090 1646315705
1 1 35 3,11 -12,12 -157,066 1646315706
1 1 35 2,93 -12,31 -157,029 1646315706
1 1 35 2,86 -12,56 -157,035 1646315706
1 1 35 2,93 -12,81 -157,078 1646315706
1 1 35 3,11 -12,99 -157,048 1646315707
1 1 35 3,36 -13,06 -157,029 1646315707
1 1 35 3,61 -12,99 -157,078 1646315707
1 1 35 3,80 -12,81 -157,066 1646315707
1 1 36 4,24 -4,24 -157,090 1646315708
1 1 36 4,74 -4,24 -157,017 1646315709
1 1 36 4,68 -3,99 -157,042 1646315709
1 1 36 4,49 -3,81 -156,987 1646315709
1 1 36 4,24 -3,74 -157,060 1646315709
1 1 36 3,99 -3,81 -157,072 1646315710
1 1 36 3,81 -3,99 -157,023 1646315710
1 1 36 3,74 -4,24 -157,035 1646315710
1 1 36 3,81 -4,49 -157,084 1646315710
1 1 36 3,99 -4,68 -157,060 1646315711
1 1 36 4,24 -4,74 -157,084 1646315711
1 1 36 4,49 -4,68 -157,060 1646315711
1 1 36 4,68 -4,49 -157,060 1646315711
1 1 37 27,00 0,00 -157,121 1646315713
1 1 37 27,50 0,00 -157,072 1646315713
1 1 37 27,43 0,25 -157,066 1646315714
1 1 37 27,25 0,43 -157,029 1646315714
1 1 37 27,00 0,50 -157,054 1646315714
1 1 37 26,75 0,43 -157,048 1646315714
1 1 37 26,57 0,25 -157,096 1646315715
1 1 37 26,50 0,00 -157,054 1646315715
1 1 37 26,57 -0,25 -157,078 1646315715
1 1 37 26,75 -0,43 -157,042 1646315715
1 1 37 27,00 -0,50 -157,048 1646315715
1 1 37 27,25 -0,43 -157,084 1646315716
1 1 37 27,43 -0,25 -157,084 1646315716
1 1 38 26,08 6,99 -157,072 1646315717
1 1 38 26,58 6,99 -157,066 1646315717
1 1 38 26,51 7,24 -157,011 1646315718
1 1 38 26,33 7,42 -157,072 1646315718
1 1 38 26,08 7,49 -157,090 1646315718
1 1 38 25,83 7,42 -157,072 1646315718
1 1 38 25,65 7,24 -157,011 1646315719
1 1 38 25,58 6,99 -157,023 1646315719
1 1 38 25,65 6,74 -157,035 1646315719
1 1 38 25,83 6,56 -157,042 1646315719
1 1 38 26,08 6,49 -157,042 1646315719
1 1 38 26,33 6,56 -157,060 1646315720
1 1 38 26,51 6,74 -157,090 1646315720
1 1 39 23,38 13,50 -157,072 1646315721
1 1 39 23,88 13,50 -157,072 1646315721
1 1 39 23,82 13,75 -157,072 1646315722
1 1 39 23,63 13,93 -157,072 1646315722
1 1 39 23,38 14,00 -157,084 1646315722
1 1 39 23,13 13,93 -156,999 1646315722
1 1 39 22,95 13,75 -157,072 1646315722
1 1 39 22,88 13,50 -157,096 1646315723
1 1 39 22,95 13,25 -157,072 1646315723
1 1 39 23,13 13,07 -156,999 1646315723
1 1 39 23,38 13,00 -157,005 1646315723
1 1 39 23,63 13,07 -157,103 1646315724
1 1 39 23,82 13,25 -157,084 1646315724
1 1 40 19,09 19,09 -157,084 1646315725
1 1 40 19,59 19,09 -157,054 1646315725
1 1 40 19,52 19,34 -157,090 1646315725
1 1 40 19,34 19,52 -157,072 1646315726
1 1 40 19,09 19,59 -157,084 1646315726
1 1 40 18,84 19,52 -157,048 1646315726
1 1 40 18,66 19,34 -157,035 1646315726
1 1 40 18,59 19,09 -156,993 1646315727
1 1 40 18,66 18,84 -157,023 1646315727
1 1 40 18,84 18,66 -157,011 1646315727
1 1 40 19,09 18,59 -157,066 1646315727
1 1 40 19,34 18,66 -157,072 1646315727
1 1 40 19,52 18,84 -157,084 1646315728
1 1 41 13,50 23,38 -157,096 1646315728
1 1 41 14,00 23,38 -157,066 1646315729
1 1 41 13,93 23,63 -157,060 1646315729
1 1 41 13,75 23,82 -157,078 1646315729
1 1 41 13,50 23,88 -157,035 1646315730
1 1 41 13,25 23,82 -157,072 1646315730
1 1 41 13,07 23,63 -157,078 1646315730
1 1 41 13,00 23,38 -157,078 1646315730
1 1 41 13,07 23,13 -157,060 1646315731
1 1 41 13,25 22,95 -157,096 1646315731
1 1 41 13,50 22,88 -156,834 1646315731
1 1 41 13,75 22,95 -157,084 1646315731
1 1 41 13,93 23,13 -157,096 1646315732
1 1 42 6,99 26,08 -157,060 1646315732
1 1 42 7,49 26,08 -157,035 1646315733
1 1 42 7,42 26,33 -157,054 1646315733
1 1 42 7,24 26,51 -157,042 1646315733
1 1 42 6,99 26,58 -157,042 1646315734
1 1 42 6,74 26,51 -157,078 1646315734
1 1 42 6,56 26,33 -156,999 1646315734
1 1 42 6,49 26,08 -157,035 1646315734
1 1 42 6,56 25,83 -157,066 1646315735
1 1 42 6,74 25,65 -157,109 1646315735
1 1 42 6,99 25,58 -157,042 1646315735
1 1 42 7,24 25,65 -157,042 1646315735
1 1 42 7,42 25,83 -157,072 1646315735
1 1 43 0,00 27,00 -157,035 1646315736
1 1 43 0,50 27,00 -157,078 1646315737
1 1 43 0,43 27,25 -157,060 1646315737
1 1 43 0,25 27,43 -157,035 1646315737
1 1 43 0,00 27,50 -157,023 1646315738
1 1 43 -0,25 27,43 -157,029 1646315738
1 1 43 -0,43 27,25 -157,035 1646315738
1 1 43 -0,50 27,00 -157,060 1646315738
1 1 43 -0,43 26,75 -157,084 1646315738
1 1 43 -0,25 26,57 -157,060 1646315739
1 1 43 0,00 26,50 -157,060 1646315739
1 1 43 0,25 26,57 -157,060 1646315739
1 1 43 0,43 26,75 -157,090 1646315739
1 1 44 -6,99 26,08 -157,072 1646315740
1 1 44 -6,49 26,08 -157,084 1646315741
1 1 44 -6,56 26,33 -157,139 1646315741
1 1 44 -6,74 26,51 -157,096 1646315741
1 1 44 -6,99 26,58 -157,151 1646315741
1 1 44 -7,24 26,51 -157,035 1646315742
1 1 44 -7,42 26,33 -157,078 1646315742
1 1 44 -7,49 26,08 -157,072 1646315742
1 1 44 -7,42 25,83 -157,054 1646315742
1 1 44 -7,24 25,65 -157,078 1646315743
1 1 44 -6,99 25,58 -157,072 1646315743
1 1 44 -6,74 25,65 -157,066 1646315743
1 1 44 -6,56 25,83 -157,066 1646315743
1 1 45 -13,50 23,38 -157,078 1646315744
1 1 45 -13,00 23,38 -157,084 1646315745
1 1 45 -13,07 23,63 -157,042 1646315745
1 1 45 -13,25 23,82 -157,121 1646315745
1 1 45 -13,50 23,88 -157,072 1646315745
1 1 45 -13,75 23,82 -157,139 1646315746
1 1 45 -13,93 23,63 -157,017 1646315746
1 1 45 -14,00 23,38 -157,164 1646315746
1 1 45 -13,93 23,13 -157,011 1646315746
1 1 45 -13,75 22,95 -157,042 1646315747
1 1 45 -13,50 22,88 -157,060 1646315747
1 1 45 -13,25 22,95 -157,054 1646315747
1 1 45 -13,07 23,13 -157,096 1646315747
1 1 46 -19,09 19,09 -157,042 1646315748
1 1 46 -18,59 19,09 -157,060 1646315749
1 1 46 -18,66 19,34 -157,127 1646315749
1 1 46 -18,84 19,52 -157,072 1646315749
1 1 46 -19,09 19,59 -157,090 1646315749
1 1 46 -19,34 19,52 -157,078 1646315749
1 1 46 -19,52 19,34 -157,078 1646315750
1 1 46 -19,59 19,09 -157,072 1646315750
1 1 46 -19,52 18,84 -157,042 1646315750
1 1 46 -19,34 18,66 -157,090 1646315750
1 1 46 -19,09 18,59 -157,035 1646315751
1 1 46 -18,84 18,66 -157,121 1646315751
1 1 46 -18,66 18,84 -157,078 1646315751
1 1 47 -23,38 13,50 -157,060 1646315752
1 1 47 -22,88 13,50 -157,060 1646315752
1 1 47 -22,95 13,75 -157,078 1646315753
1 1 47 -23,13 13,93 -157,072 1646315753
1 1 47 -23,38 14,00 -157,072 1646315753
1 1 47 -23,63 13,93 -157,072 1646315754
1 1 47 -23,82 13,75 -157,072 1646315754
1 1 47 -23,88 13,50 -157,066 1646315754
1 1 47 -23,82 13,25 -157,029 1646315754
1 1 47 -23,63 13,07 -157,078 1646315754
1 1 47 -23,38 13,00 -157,096 1646315755
1 1 47 -23,13 13,07 -157,084 1646315755
1 1 47 -22,95 13,25 -157,072 1646315755
1 1 48 -26,08 6,99 -157,060 1646315756
1 1 48 -25,58 6,99 -157,139 1646315756
1 1 48 -25,65 7,24 -157,072 1646315757
1 1 48 -25,83 7,42 -157,103 1646315757
1 1 48 -26,08 7,49 -157,078 1646315757
1 1 48 -26,33 7,42 -157,048 1646315757
1 1 48 -26,51 7,24 -157,035 1646315758
1 1 48 -26,58 6,99 -157,096 1646315758
1 1 48 -26,51 6,74 -157,084 1646315758
1 1 48 -26,33 6,56 -157,011 1646315758
1 1 48 -26,08 6,49 -157,023 1646315759
1 1 48 -25,83 6,56 -157,023 1646315759
1 1 48 -25,65 6,74 -157,096 1646315759
1 1 49 -27,00 0,00 -157,072 1646315760
1 1 49 -26,50 0,00 -157,084 1646315760
1 1 49 -26,57 0,25 -157,035 1646315761
1 1 49 -26,75 0,43 -157,048 1646315761
1 1 49 -27,00 0,50 -157,060 1646315761
1 1 49 -27,25 0,43 -157,072 1646315761
1 1 49 -27,43 0,25 -157,035 1646315762
1 1 49 -27,50 0,00 -157,029 1646315762
1 1 49 -27,43 -0,25 -157,035 1646315762
1 1 49 -27,25 -0,43 -157,078 1646315762
1 1 49 -27,00 -0,50 -157,048 1646315762
1 1 49 -26,75 -0,43 -157,121 1646315763
1 1 49 -26,57 -0,25 -157,017 1646315763
1 1 50 -26,08 -6,99 -157,066 1646315764
1 1 50 -25,58 -6,99 -157,066 1646315764
1 1 50 -25,65 -6,74 -157,054 1646315765
1 1 50 -25,83 -6,56 -157,078 1646315765
1 1 50 -26,08 -6,49 -157,029 1646315765
1 1 50 -26,33 -6,56 -157,109 1646315765
1 1 50 -26,51 -6,74 -157,011 1646315766
1 1 50 -26,58 -6,99 -157,042 1646315766
1 1 50 -26,51 -7,24 -157,096 1646315766
1 1 50 -26,33 -7,42 -157,090 1646315766
1 1 50 -26,08 -7,49 -157,084 1646315766
1 1 50 -25,83 -7,42 -157,096 1646315767
1 1 50 -25,65 -7,24 -157,096 1646315767
1 1 51 -23,38 -13,50 -156,993 1646315768
1 1 51 -22,88 -13,50 -157,121 1646315768
1 1 51 -22,95 -13,25 -157,078 1646315768
1 1 51 -23,13 -13,07 -157,060 1646315769
1 1 51 -23,38 -13,00 -157,066 1646315769
1 1 51 -23,63 -13,07 -157,042 1646315769
1 1 51 -23,82 -13,25 -157,078 1646315769
1 1 51 -23,88 -13,50 -157,072 1646315770
1 1 51 -23,82 -13,75 -157,035 1646315770
1 1 51 -23,63 -13,93 -157,035 1646315770
1 1 51 -23,38 -14,00 -157,023 1646315770
1 1 51 -23,13 -13,93 -157,054 1646315771
1 1 51 -22,95 -13,75 -157,096 1646315771
1 1 52 -19,09 -19,09 -157,017 1646315772
1 1 52 -18,59 -19,09 -157,090 1646315772
1 1 52 -18,66 -18,84 -157,096 1646315772
1 1 52 -18,84 -18,66 -156,999 1646315772
1 1 52 -19,09 -18,59 -157,096 1646315773
1 1 52 -19,34 -18,66 -157,042 1646315773
1 1 52 -19,52 -18,84 -157,035 1646315773
1 1 52 -19,59 -19,09 -157,023 1646315773
1 1 52 -19,52 -19,34 -157,042 1646315774
1 1 52 -19,34 -19,52 -157,072 1646315774
1 1 52 -19,09 -19,59 -157,023 1646315774
1 1 52 -18,84 -19,52 -157,072 1646315774
1 1 52 -18,66 -19,34 -156,944 1646315775
1 1 53 -13,50 -23,38 -157,072 1646315775
1 1 53 -13,00 -23,38 -157,042 1646315776
1 1 53 -13,07 -23,13 -157,096 1646315776
1 1 53 -13,25 -22,95 -157,035 1646315776
1 1 53 -13,50 -22,88 -157,011 1646315777
1 1 53 -13,75 -22,95 -156,993 1646315777
1 1 53 -13,93 -23,13 -157,048 1646315777
1 1 53 -14,00 -23,38 -156,999 1646315777
1 1 53 -13,93 -23,63 -157,023 1646315777
1 1 53 -13,75 -23,82 -156,987 1646315778
1 1 53 -13,50 -23,88 -157,054 1646315778
1 1 53 -13,25 -23,82 -157,011 1646315778
1 1 53 -13,07 -23,63 -157,133 1646315778
1 1 54 -6,99 -26,08 -157,029 1646315779
1 1 54 -6,49 -26,08 -157,078 1646315780
1 1 54 -6,56 -25,83 -157,048 1646315780
1 1 54 -6,74 -25,65 -157,035 1646315780
1 1 54 -6,99 -25,58 -157,060 1646315780
1 1 54 -7,24 -25,65 -157,048 1646315781
1 1 54 -7,42 -25,83 -157,072 1646315781
1 1 54 -7,49 -26,08 -157,072 1646315781
1 1 54 -7,42 -26,33 -156,968 1646315781
1 1 54 -7,24 -26,51 -157,096 1646315782
1 1 54 -6,99 -26,58 -157,042 1646315782
1 1 54 -6,74 -26,51 -157,054 1646315782
1 1 54 -6,56 -26,33 -157,096 1646315782
1 1 55 -0,00 -27,00 -157,048 1646315783
1 1 55 0,50 -27,00 -157,029 1646315784
1 1 55 0,43 -26,75 -157,035 1646315784
1 1 55 0,25 -26,57 -157,072 1646315784
1 1 55 -0,00 -26,50 -156,993 1646315784
1 1 55 -0,25 -26,57 -157,023 1646315784
1 1 55 -0,43 -26,75 -157,029 1646315785
1 1 55 -0,50 -27,00 -157,011 1646315785
1 1 55 -0,43 -27,25 -157,029 1646315785
1 1 55 -0,25 -27,43 -156,974 1646315785
1 1 55 -0,00 -27,50 -157,029 1646315786
1 1 55 0,25 -27,43 -156,999 1646315786
1 1 55 0,43 -27,25 -157,017 1646315786
1 1 56 6,99 -26,08 -157,042 1646315787
1 1 56 7,49 -26,08 -157,035 1646315787
1 1 56 7,42 -25,83 -157,042 1646315788
1 1 56 7,24 -25,65 -157,042 1646315788
1 1 56 6,99 -25,58 -157,072 1646315788
1 1 56 6,74 -25,65 -157,066 1646315788
1 1 56 6,56 -25,83 -157,035 1646315788
1 1 56 6,49 -26,08 -157,048 1646315789
1 1 56 6,56 -26,33 -156,987 1646315789
1 1 56 6,74 -26,51 -157,023 1646315789
1 1 56 6,99 -26,58 -157,103 1646315789
1 1 56 7,24 -26,51 -157,072 1646315790
1 1 56 7,42 -26,33 -156,999 1646315790
1 1 57 13,50 -23,38 -157,090 1646315791
1 1 57 14,00 -23,38 -157,035 1646315791
1 1 57 13,93 -23,13 -157,060 1646315791
1 1 57 13,75 -22,95 -157,048 1646315792
1 1 57 13,50 -22,88 -157,035 1646315792
1 1 57 13,25 -22,95 -157,035 1646315792
1 1 57 13,07 -23,13 -157,029 1646315792
1 1 57 13,00 -23,38 -157,035 1646315793
1 1 57 13,07 -23,63 -157,042 1646315793
1 1 57 13,25 -23,82 -157,084 1646315793
1 1 57 13,50 -23,88 -157,054 1646315793
1 1 57 13,75 -23,82 -157,072 1646315793
1 1 57 13,93 -23,63 -157,011 1646315794
1 1 58 19,09 -19,09 -157,072 1646315795
1 1 58 19,59 -19,09 -157,035 1646315795
1 1 58 19,52 -18,84 -157,060 1646315795
1 1 58 19,34 -18,66 -157,017 1646315795
1 1 58 19,09 -18,59 -157,042 1646315796
1 1 58 18,84 -18,66 -157,042 1646315796
1 1 58 18,66 -18,84 -157,066 1646315796
1 1 58 18,59 -19,09 -157,096 1646315796
1 1 58 18,66 -19,34 -157,011 1646315797
1 1 58 18,84 -19,52 -157,005 1646315797
1 1 58 19,09 -19,59 -157,042 1646315797
1 1 58 19,34 -19,52 -157,084 1646315797
1 1 58 19,52 -19,34 -157,029 1646315798
1 1 59 23,38 -13,50 -157,017 1646315798
1 1 59 23,88 -13,50 -157,072 1646315799
1 1 59 23,82 -13,25 -157,084 1646315799
1 1 59 23,63 -13,07 -157,035 1646315799
1 1 59 23,38 -13,00 -157,042 1646315800
1 1 59 23,13 -13,07 -157,017 1646315800
1 1 59 22,95 -13,25 -157,072 1646315800
1 1 59 22,88 -13,50 -157,035 1646315800
1 1 59 22,95 -13,75 -157,072 1646315800
1 1 59 23,13 -13,93 -157,042 1646315801
1 1 59 23,38 -14,00 -157,017 1646315801
1 1 59 23,63 -13,93 -157,072 1646315801
1 1 59 23,82 -13,75 -157,072 1646315801
1 1 60 26,08 -6,99 -157,035 1646315802
1 1 60 26,58 -6,99 -157,090 1646315803
1 1 60 26,51 -6,74 -157,048 1646315803
1 1 60 26,33 -6,56 -157,029 1646315803
1 1 60 26,08 -6,49 -157,005 1646315803
1 1 60 25,83 -6,56 -157,072 1646315804
1 1 60 25,65 -6,74 -157,042 1646315804
1 1 60 25,58 -6,99 -157,090 1646315804
1 1 60 25,65 -7,24 -157,048 1646315804
1 1 60 25,83 -7,42 -157,042 1646315805
1 1 60 26,08 -7,49 -157,078 1646315805
1 1 60 26,33 -7,42 -156,987 1646315805
1 1 60 26,51 -7,24 -157,017 1646315805
