1 1 1 4,24 4,24 -157,096 1646316355
1 1 1 4,74 4,24 -157,054 1646316355
1 1 1 4,68 4,49 -157,042 1646316356
1 1 1 4,49 4,68 -157,042 1646316356
1 1 1 4,24 4,74 -157,072 1646316357
1 1 1 3,99 4,68 -157,060 1646316357
1 1 1 3,81 4,49 -157,042 1646316357
1 1 1 3,74 4,24 -157,017 1646316358
1 1 1 3,81 3,99 -157,017 1646316358
1 1 1 3,99 3,81 -157,072 1646316358
1 1 1 4,24 3,74 -157,066 1646316358
1 1 1 4,49 3,81 -157,017 1646316359
1 1 1 4,68 3,99 -157,042 1646316359
1 1 2 3,36 12,56 -157,054 1646316360
1 1 2 3,86 12,56 -157,072 1646316360
1 1 2 3,80 12,81 -157,096 1646316360
1 1 2 3,61 12,99 -157,029 1646316361
1 1 2 3,36 13,06 -157,078 1646316361
1 1 2 3,11 12,99 -157,115 1646316361
1 1 2 2,93 12,81 -157,011 1646316361
1 1 2 2,86 12,56 -157,078 1646316362
1 1 2 2,93 12,31 -157,011 1646316362
1 1 2 3,11 12,12 -157,072 1646316362
1 1 2 3,36 12,06 -157,066 1646316362
1 1 2 3,61 12,12 -157,060 1646316363
1 1 2 3,80 12,31 -157,084 1646316363
1 1 3 9,19 9,19 -157,042 1646316364
1 1 3 9,69 9,19 -157,060 1646316364
1 1 3 9,63 9,44 -157,096 1646316364
1 1 3 9,44 9,63 -157,054 1646316365
1 1 3 9,19 9,69 -157,103 1646316365
1 1 3 8,94 9,63 -157,042 1646316365
1 1 3 8,76 9,44 -157,072 1646316365
1 1 3 8,69 9,19 -157,084 1646316365
1 1 3 8,76 8,94 -156,993 1646316366
1 1 3 8,94 8,76 -157,060 1646316366
1 1 3 9,19 8,69 -157,072 1646316366
1 1 3 9,44 8,76 -157,042 1646316366
1 1 3 9,63 8,94 -157,078 1646316367
1 1 4 12,56 3,36 -157,103 1646316367
1 1 4 13,06 3,36 -157,072 1646316368
1 1 4 12,99 3,61 -157,035 1646316368
1 1 4 12,81 3,80 -157,035 1646316369
1 1 4 12,56 3,86 -157,066 1646316369
1 1 4 12,31 3,80 -157,048 1646316370
1 1 4 12,12 3,61 -157,060 1646316370
1 1 4 12,06 3,36 -157,029 1646316370
1 1 4 12,12 3,11 -157,060 1646316370
1 1 4 12,31 2,93 -157,066 1646316370
1 1 4 12,56 2,86 -157,121 1646316371
1 1 4 12,81 2,93 -157,042 1646316371
1 1 4 12,99 3,11 -157,017 1646316371
1 1 5 19,32 5,18 -157,078 1646316372
1 1 5 19,82 5,18 -157,072 1646316373
1 1 5 19,75 5,43 -157,084 1646316373
1 1 5 19,57 5,61 -157,017 1646316373
1 1 5 19,32 5,68 -157,078 1646316373
1 1 5 19,07 5,61 -157,060 1646316373
1 1 5 18,89 5,43 -157,090 1646316374
1 1 5 18,82 5,18 -157,035 1646316374
1 1 5 18,89 4,93 -157,060 1646316374
1 1 5 19,07 4,74 -156,993 1646316374
1 1 5 19,32 4,68 -157,054 1646316375
1 1 5 19,57 4,74 -157,042 1646316375
1 1 5 19,75 4,93 -157,060 1646316375
1 1 6 17,32 10,00 -157,017 1646316376
1 1 6 17,82 10,00 -157,084 1646316376
1 1 6 17,75 10,25 -157,066 1646316377
1 1 6 17,57 10,43 -157,011 1646316377
1 1 6 17,32 10,50 -157,072 1646316377
1 1 6 17,07 10,43 -157,042 1646316377
1 1 6 16,89 10,25 -157,060 1646316378
1 1 6 16,82 10,00 -157,042 1646316378
1 1 6 16,89 9,75 -157,035 1646316378
1 1 6 17,07 9,57 -157,078 1646316378
1 1 6 17,32 9,50 -157,048 1646316378
1 1 6 17,57 9,57 -157,084 1646316379
1 1 6 17,75 9,75 -157,072 1646316379
1 1 7 14,14 14,14 -157,035 1646316380
1 1 7 14,64 14,14 -157,072 1646316380
1 1 7 14,58 14,39 -157,054 1646316380
1 1 7 14,39 14,58 -157,078 1646316381
1 1 7 14,14 14,64 -157,096 1646316381
1 1 7 13,89 14,58 -157,072 1646316381
1 1 7 13,71 14,39 -157,096 1646316381
1 1 7 13,64 14,14 -157,023 1646316381
1 1 7 13,71 13,89 -157,054 1646316382
1 1 7 13,89 13,71 -157,054 1646316382
1 1 7 14,14 13,64 -157,090 1646316382
1 1 7 14,39 13,71 -157,066 1646316382
1 1 7 14,58 13,89 -157,042 1646316383
1 1 8 10,00 17,32 -157,096 1646316383
1 1 8 10,50 17,32 -157,072 1646316384
1 1 8 10,43 17,57 -157,054 1646316384
1 1 8 10,25 17,75 -157,072 1646316384
1 1 8 10,00 17,82 -157,078 1646316385
1 1 8 9,75 17,75 -157,072 1646316385
1 1 8 9,57 17,57 -157,023 1646316385
1 1 8 9,50 17,32 -157,084 1646316385
1 1 8 9,57 17,07 -157,060 1646316386
1 1 8 9,75 16,89 -157,048 1646316386
1 1 8 10,00 16,82 -157,042 1646316386
1 1 8 10,25 16,89 -157,096 1646316386
1 1 8 10,43 17,07 -157,072 1646316386
1 1 9 5,18 19,32 -157,048 1646316387
1 1 9 5,68 19,32 -157,035 1646316388
1 1 9 5,61 19,57 -157,096 1646316388
1 1 9 5,43 19,75 -157,042 1646316388
1 1 9 5,18 19,82 -157,066 1646316388
1 1 9 4,93 19,75 -157,072 1646316389
1 1 9 4,74 19,57 -157,035 1646316389
1 1 9 4,68 19,32 -157,048 1646316389
1 1 9 4,74 19,07 -157,042 1646316389
1 1 9 4,93 18,89 -157,072 1646316390
1 1 9 5,18 18,82 -157,029 1646316390
1 1 9 5,43 18,89 -157,060 1646316390
1 1 9 5,61 19,07 -157,096 1646316390
1 1 10 -5,18 19,32 -157,042 1646316391
1 1 10 -4,68 19,32 -157,029 1646316392
1 1 10 -4,74 19,57 -157,066 1646316392
1 1 10 -4,93 19,75 -157,066 1646316392
1 1 10 -5,18 19,82 -157,035 1646316393
1 1 10 -5,43 19,75 -157,096 1646316393
1 1 10 -5,61 19,57 -157,066 1646316393
1 1 10 -5,68 19,32 -157,017 1646316393
1 1 10 -5,61 19,07 -157,054 1646316393
1 1 10 -5,43 18,89 -157,121 1646316394
1 1 10 -5,18 18,82 -157,042 1646316394
1 1 10 -4,93 18,89 -157,096 1646316394
1 1 10 -4,74 19,07 -157,103 1646316394
1 1 11 -10,00 17,32 -157,084 1646316395
1 1 11 -9,50 17,32 -157,060 1646316396
1 1 11 -9,57 17,57 -157,048 1646316396
1 1 11 -9,75 17,75 -157,042 1646316396
1 1 11 -10,00 17,82 -157,109 1646316396
1 1 11 -10,25 17,75 -157,060 1646316397
1 1 11 -10,43 17,57 -157,054 1646316397
1 1 11 -10,50 17,32 -157,072 1646316397
1 1 11 -10,43 17,07 -157,035 1646316397
1 1 11 -10,25 16,89 -157,096 1646316397
1 1 11 -10,00 16,82 -157,084 1646316398
1 1 11 -9,75 16,89 -157,060 1646316398
1 1 11 -9,57 17,07 -157,084 1646316398
1 1 12 -14,14 14,14 -157,035 1646316399
1 1 12 -13,64 14,14 -157,048 1646316399
1 1 12 -13,71 14,39 -157,084 1646316400
1 1 12 -13,89 14,58 -157,072 1646316400
1 1 12 -14,14 14,64 -157,035 1646316400
1 1 12 -14,39 14,58 -157,054 1646316400
1 1 12 -14,58 14,39 -157,072 1646316401
1 1 12 -14,64 14,14 -157,005 1646316401
1 1 12 -14,58 13,89 -157,072 1646316401
1 1 12 -14,39 13,71 -157,029 1646316401
1 1 12 -14,14 13,64 -157,096 1646316402
1 1 12 -13,89 13,71 -157,066 1646316402
1 1 12 -13,71 13,89 -157,060 1646316402
1 1 13 -17,32 10,00 -157,096 1646316403
1 1 13 -16,82 10,00 -157,060 1646316403
1 1 13 -16,89 10,25 -157,078 1646316403
1 1 13 -17,07 10,43 -157,078 1646316404
1 1 13 -17,32 10,50 -157,054 1646316404
1 1 13 -17,57 10,43 -157,060 1646316404
1 1 13 -17,75 10,25 -157,078 1646316404
1 1 13 -17,82 10,00 -157,090 1646316405
1 1 13 -17,75 9,75 -157,084 1646316405
1 1 13 -17,57 9,57 -157,066 1646316405
1 1 13 -17,32 9,50 -157,078 1646316405
1 1 13 -17,07 9,57 -157,023 1646316406
1 1 13 -16,89 9,75 -157,066 1646316406
1 1 14 -19,32 5,18 -157,072 1646316407
1 1 14 -18,82 5,18 -157,011 1646316407
1 1 14 -18,89 5,43 -157,127 1646316407
1 1 14 -19,07 5,61 -157,042 1646316407
1 1 14 -19,32 5,68 -157,054 1646316408
1 1 14 -19,57 5,61 -157,084 1646316408
1 1 14 -19,75 5,43 -157,029 1646316408
1 1 14 -19,82 5,18 -156,999 1646316408
1 1 14 -19,75 4,93 -157,011 1646316409
1 1 14 -19,57 4,74 -157,029 1646316409
1 1 14 -19,32 4,68 -157,084 1646316409
1 1 14 -19,07 4,74 -157,042 1646316409
1 1 14 -18,89 4,93 -157,072 1646316410
1 1 15 -12,56 3,36 -157,042 1646316410
1 1 15 -12,06 3,36 -157,035 1646316411
1 1 15 -12,12 3,61 -157,042 1646316411
1 1 15 -12,31 3,80 -157,054 1646316411
1 1 15 -12,56 3,86 -157,060 1646316412
1 1 15 -12,81 3,80 -157,103 1646316412
1 1 15 -12,99 3,61 -157,060 1646316412
1 1 15 -13,06 3,36 -156,688 1646316412
1 1 15 -12,99 3,11 -157,048 1646316413
1 1 15 -12,81 2,93 -157,078 1646316413
1 1 15 -12,56 2,86 -157,096 1646316413
1 1 15 -12,31 2,93 -157,078 1646316413
1 1 15 -12,12 3,11 -157,060 1646316414
1 1 16 -9,19 9,19 -157,005 1646316414
1 1 16 -8,69 9,19 -157,035 1646316415
1 1 16 -8,76 9,44 -157,072 1646316415
1 1 16 -8,94 9,63 -157,072 1646316415
1 1 16 -9,19 9,69 -157,048 1646316416
1 1 16 -9,44 9,63 -157,035 1646316416
1 1 16 -9,63 9,44 -156,987 1646316416
1 1 16 -9,69 9,19 -157,042 1646316416
1 1 16 -9,63 8,94 -157,072 1646316417
1 1 16 -9,44 8,76 -157,084 1646316417
1 1 16 -9,19 8,69 -157,060 1646316417
1 1 16 -8,94 8,76 -157,072 1646316417
1 1 16 -8,76 8,94 -157,066 1646316417
1 1 17 -3,36 12,56 -157,072 1646316418
1 1 17 -2,86 12,56 -156,993 1646316419
1 1 17 -2,93 12,81 -157,035 1646316419
1 1 17 -3,11 12,99 -157,072 1646316419
1 1 17 -3,36 13,06 -157,029 1646316420
1 1 17 -3,61 12,99 -157,048 1646316420
1 1 17 -3,80 12,81 -157,048 1646316420
1 1 17 -3,86 12,56 -157,060 1646316420
1 1 17 -3,80 12,31 -157,060 1646316421
1 1 17 -3,61 12,12 -157,017 1646316421
1 1 17 -3,36 12,06 -157,035 1646316421
1 1 17 -3,11 12,12 -157,072 1646316421
1 1 17 -2,93 12,31 -157,048 1646316422
1 1 18 -4,24 4,24 -157,072 1646316422
1 1 18 -3,74 4,24 -157,054 1646316423
1 1 18 -3,81 4,49 -157,060 1646316423
1 1 18 -3,99 4,68 -157,066 1646316423
1 1 18 -4,24 4,74 -157,090 1646316424
1 1 18 -4,49 4,68 -156,981 1646316424
1 1 18 -4,68 4,49 -156,993 1646316424
1 1 18 -4,74 4,24 -157,072 1646316424
1 1 18 -4,68 3,99 -157,072 1646316425
1 1 18 -4,49 3,81 -157,096 1646316425
1 1 18 -4,24 3,74 -157,078 1646316425
1 1 18 -3,99 3,81 -157,078 1646316425
1 1 18 -3,81 3,99 -157,035 1646316426
1 1 19 -4,24 -4,24 -157,109 1646316427
1 1 19 -3,74 -4,24 -157,103 1646316427
1 1 19 -3,81 -3,99 -157,042 1646316427
1 1 19 -3,99 -3,81 -157,023 1646316428
1 1 19 -4,24 -3,74 -157,084 1646316428
1 1 19 -4,49 -3,81 -157,017 1646316428
1 1 19 -4,68 -3,99 -157,023 1646316428
1 1 19 -4,74 -4,24 -156,999 1646316428
1 1 19 -4,68 -4,49 -157,035 1646316429
1 1 19 -4,49 -4,68 -157,103 1646316429
1 1 19 -4,24 -4,74 -157,072 1646316429
1 1 19 -3,99 -4,68 -157,133 1646316429
1 1 19 -3,81 -4,49 -157,042 1646316430
1 1 20 -3,36 -12,56 -157,060 1646316431
1 1 20 -2,86 -12,56 -157,066 1646316431
1 1 20 -2,93 -12,31 -157,054 1646316431
1 1 20 -3,11 -12,12 -157,090 1646316432
1 1 20 -3,36 -12,06 -157,090 1646316432
1 1 20 -3,61 -12,12 -157,011 1646316432
1 1 20 -3,80 -12,31 -157,005 1646316432
1 1 20 -3,86 -12,56 -157,011 1646316432
1 1 20 -3,80 -12,81 -157,042 1646316433
1 1 20 -3,61 -12,99 -157,090 1646316433
1 1 20 -3,36 -13,06 -157,072 1646316433
1 1 20 -3,11 -12,99 -157,054 1646316433
1 1 20 -2,93 -12,81 -156,999 1646316434
1 1 21 -9,19 -9,19 -157,078 1646316434
1 1 21 -8,69 -9,19 -157,060 1646316435
1 1 21 -8,76 -8,94 -157,078 1646316435
1 1 21 -8,94 -8,76 -157,017 1646316435
1 1 21 -9,19 -8,69 -157,011 1646316436
1 1 21 -9,44 -8,76 -157,072 1646316436
1 1 21 -9,63 -8,94 -157,048 1646316436
1 1 21 -9,69 -9,19 -157,054 1646316436
1 1 21 -9,63 -9,44 -157,042 1646316436
1 1 21 -9,44 -9,63 -157,078 1646316437
1 1 21 -9,19 -9,69 -157,072 1646316437
1 1 21 -8,94 -9,63 -157,005 1646316437
1 1 21 -8,76 -9,44 -157,066 1646316437
1 1 22 -12,56 -3,36 -157,072 1646316438
1 1 22 -12,06 -3,36 -157,023 1646316439
1 1 22 -12,12 -3,11 -157,096 1646316439
1 1 22 -12,31 -2,93 -157,109 1646316439
1 1 22 -12,56 -2,86 -157,035 1646316439
1 1 22 -12,81 -2,93 -157,084 1646316440
1 1 22 -12,99 -3,11 -157,048 1646316440
1 1 22 -13,06 -3,36 -157,072 1646316440
1 1 22 -12,99 -3,61 -157,042 1646316441
1 1 22 -12,81 -3,80 -157,035 1646316441
1 1 22 -12,56 -3,86 -157,035 1646316441
1 1 22 -12,31 -3,80 -157,048 1646316441
1 1 22 -12,12 -3,61 -157,035 1646316441
1 1 23 -19,32 -5,18 -157,078 1646316442
1 1 23 -18,82 -5,18 -157,048 1646316443
1 1 23 -18,89 -4,93 -157,005 1646316443
1 1 23 -19,07 -4,74 -157,060 1646316443
1 1 23 -19,32 -4,68 -157,035 1646316444
1 1 23 -19,57 -4,74 -157,090 1646316444
1 1 23 -19,75 -4,93 -157,035 1646316444
1 1 23 -19,82 -5,18 -157,029 1646316444
1 1 23 -19,75 -5,43 -157,072 1646316445
1 1 23 -19,57 -5,61 -157,042 1646316445
1 1 23 -19,32 -5,68 -157,072 1646316445
1 1 23 -19,07 -5,61 -157,084 1646316445
1 1 23 -18,89 -5,43 -157,048 1646316445
1 1 24 -17,32 -10,00 -157,005 1646316446
1 1 24 -16,82 -10,00 -157,060 1646316447
1 1 24 -16,89 -9,75 -157,060 1646316447
1 1 24 -17,07 -9,57 -157,054 1646316447
1 1 24 -17,32 -9,50 -157,072 1646316447
1 1 24 -17,57 -9,57 -157,060 1646316448
1 1 24 -17,75 -9,75 -157,121 1646316448
1 1 24 -17,82 -10,00 -157,054 1646316448
1 1 24 -17,75 -10,25 -157,011 1646316448
1 1 24 -17,57 -10,43 -157,048 1646316449
1 1 24 -17,32 -10,50 -157,096 1646316449
1 1 24 -17,07 -10,43 -157,072 1646316449
1 1 24 -16,89 -10,25 -157,078 1646316449
1 1 25 -14,14 -14,14 -157,060 1646316450
1 1 25 -13,64 -14,14 -157,060 1646316450
1 1 25 -13,71 -13,89 -157,060 1646316451
1 1 25 -13,89 -13,71 -157,035 1646316451
1 1 25 -14,14 -13,64 -157,060 1646316451
1 1 25 -14,39 -13,71 -157,011 1646316451
1 1 25 -14,58 -13,89 -157,035 1646316452
1 1 25 -14,64 -14,14 -157,060 1646316452
1 1 25 -14,58 -14,39 -157,060 1646316452
1 1 25 -14,39 -14,58 -157,042 1646316452
1 1 25 -14,14 -14,64 -157,072 1646316453
1 1 25 -13,89 -14,58 -157,072 1646316453
1 1 25 -13,71 -14,39 -157,084 1646316453
1 1 26 -10,00 -17,32 -157,035 1646316454
1 1 26 -9,50 -17,32 -157,042 1646316454
1 1 26 -9,57 -17,07 -157,060 1646316454
1 1 26 -9,75 -16,89 -157,084 1646316455
1 1 26 -10,00 -16,82 -157,084 1646316455
1 1 26 -10,25 -16,89 -157,048 1646316455
1 1 26 -10,43 -17,07 -157,048 1646316455
1 1 26 -10,50 -17,32 -157,048 1646316456
1 1 26 -10,43 -17,57 -156,999 1646316456
1 1 26 -10,25 -17,75 -157,035 1646316456
1 1 26 -10,00 -17,82 -157,084 1646316456
1 1 26 -9,75 -17,75 -157,035 1646316456
1 1 26 -9,57 -17,57 -157,042 1646316457
1 1 27 -5,18 -19,32 -157,072 1646316458
1 1 27 -4,68 -19,32 -157,072 1646316458
1 1 27 -4,74 -19,07 -157,084 1646316458
1 1 27 -4,93 -18,89 -157,072 1646316458
1 1 27 -5,18 -18,82 -157,048 1646316459
1 1 27 -5,43 -18,89 -157,060 1646316459
1 1 27 -5,61 -19,07 -157,060 1646316459
1 1 27 -5,68 -19,32 -157,048 1646316459
1 1 27 -5,61 -19,57 -157,066 1646316460
1 1 27 -5,43 -19,75 -157,011 1646316460
1 1 27 -5,18 -19,82 -157,060 1646316460
1 1 27 -4,93 -19,75 -157,133 1646316460
1 1 27 -4,74 -19,57 -157,066 1646316461
1 1 28 5,18 -19,32 -157,042 1646316462
1 1 28 5,68 -19,32 -157,042 1646316462
1 1 28 5,61 -19,07 -157,060 1646316462
1 1 28 5,43 -18,89 -157,048 1646316462
1 1 28 5,18 -18,82 -157,066 1646316463
1 1 28 4,93 -18,89 -157,084 1646316463
1 1 28 4,74 -19,07 -157,048 1646316463
1 1 28 4,68 -19,32 -157,035 1646316463
1 1 28 4,74 -19,57 -157,035 1646316464
1 1 28 4,93 -19,75 -157,078 1646316464
1 1 28 5,18 -19,82 -157,096 1646316464
1 1 28 5,43 -19,75 -157,066 1646316464
1 1 28 5,61 -19,57 -157,078 1646316465
1 1 29 10,00 -17,32 -157,060 1646316465
1 1 29 10,50 -17,32 -157,078 1646316466
1 1 29 10,43 -17,07 -157,042 1646316466
1 1 29 10,25 -16,89 -157,072 1646316466
1 1 29 10,00 -16,82 -157,042 1646316467
1 1 29 9,75 -16,89 -157,054 1646316467
1 1 29 9,57 -17,07 -156,974 1646316467
1 1 29 9,50 -17,32 -156,981 1646316467
1 1 29 9,57 -17,57 -157,042 1646316467
1 1 29 9,75 -17,75 -157,029 1646316468
1 1 29 10,00 -17,82 -156,962 1646316468
1 1 29 10,25 -17,75 -157,042 1646316468
1 1 29 10,43 -17,57 -157,048 1646316468
1 1 30 14,14 -14,14 -157,023 1646316469
1 1 30 14,64 -14,14 -157,060 1646316470
1 1 30 14,58 -13,89 -157,060 1646316470
1 1 30 14,39 -13,71 -157,060 1646316470
1 1 30 14,14 -13,64 -156,956 1646316470
1 1 30 13,89 -13,71 -157,072 1646316471
1 1 30 13,71 -13,89 -157,035 1646316471
1 1 30 13,64 -14,14 -157,017 1646316471
1 1 30 13,71 -14,39 -157,005 1646316471
1 1 30 13,89 -14,58 -157,060 1646316471
1 1 30 14,14 -14,64 -157,078 1646316472
1 1 30 14,39 -14,58 -157,084 1646316472
1 1 30 14,58 -14,39 -157,078 1646316472
1 1 31 17,32 -10,00 -157,096 1646316473
1 1 31 17,82 -10,00 -157,072 1646316473
1 1 31 17,75 -9,75 -157,090 1646316474
1 1 31 17,57 -9,57 -157,042 1646316474
1 1 31 17,32 -9,50 -157,090 1646316474
1 1 31 17,07 -9,57 -157,017 1646316474
1 1 31 16,89 -9,75 -157,060 1646316475
1 1 31 16,82 -10,00 -157,042 1646316475
1 1 31 16,89 -10,25 -157,042 1646316475
1 1 31 17,07 -10,43 -157,023 1646316475
1 1 31 17,32 -10,50 -157,096 1646316475
1 1 31 17,57 -10,43 -157,066 1646316476
1 1 31 17,75 -10,25 -157,054 1646316476
1 1 32 19,32 -5,18 -157,066 1646316477
1 1 32 19,82 -5,18 -157,023 1646316477
1 1 32 19,75 -4,93 -157,084 1646316477
1 1 32 19,57 -4,74 -157,066 1646316478
1 1 32 19,32 -4,68 -157,054 1646316478
1 1 32 19,07 -4,74 -157,029 1646316478
1 1 32 18,89 -4,93 -157,011 1646316478
1 1 32 18,82 -5,18 -157,078 1646316479
1 1 32 18,89 -5,43 -157,072 1646316479
1 1 32 19,07 -5,61 -157,017 1646316479
1 1 32 19,32 -5,68 -157,066 1646316479
1 1 32 19,57 -5,61 -157,054 1646316480
1 1 32 19,75 -5,43 -157,109 1646316480
1 1 33 12,56 -3,36 -157,023 1646316481
1 1 33 13,06 -3,36 -157,029 1646316481
1 1 33 12,99 -3,11 -157,011 1646316481
1 1 33 12,81 -2,93 -157,060 1646316482
1 1 33 12,56 -2,86 -157,029 1646316482
1 1 33 12,31 -2,93 -157,072 1646316482
1 1 33 12,12 -3,11 -157,023 1646316482
1 1 33 12,06 -3,36 -157,048 1646316483
1 1 33 12,12 -3,61 -157,054 1646316483
1 1 33 12,31 -3,80 -157,005 1646316483
1 1 33 12,56 -3,86 -157,017 1646316483
1 1 33 12,81 -3,80 -157,035 1646316484
1 1 33 12,99 -3,61 -157,090 1646316484
1 1 34 9,19 -9,19 -157,072 1646316485
1 1 34 9,69 -9,19 -157,060 1646316485
1 1 34 9,63 -8,94 -157,048 1646316485
1 1 34 9,44 -8,76 -157,054 1646316485
1 1 34 9,19 -8,69 -157,072 1646316486
1 1 34 8,94 -8,76 -157,072 1646316486
1 1 34 8,76 -8,94 -157,005 1646316486
1 1 34 8,69 -9,19 -157,078 1646316486
1 1 34 8,76 -9,44 -156,999 1646316487
1 1 34 8,94 -9,63 -157,078 1646316487
1 1 34 9,19 -9,69 -157,054 1646316487
1 1 34 9,44 -9,63 -157,042 1646316487
1 1 34 9,63 -9,44 -157,054 1646316488
1 1 35 3,36 -12,56 -157,072 1646316488
1 1 35 3,86 -12,56 -157,017 1646316489
1 1 35 3,80 -12,31 -157,103 1646316489
1 1 35 3,61 -12,12 -157,005 1646316489
1 1 35 3,36 -12,06 -157,084 1646316490
1 1 35 3,11 -12,12 -157,084 1646316490
1 1 35 2,93 -12,31 -157,066 1646316490
1 1 35 2,86 -12,56 -157,035 1646316490
1 1 35 2,93 -12,81 -157,054 1646316490
1 1 35 3,11 -12,99 -157,011 1646316491
1 1 35 3,36 -13,06 -157,011 1646316491
1 1 35 3,61 -12,99 -157,170 1646316491
1 1 35 3,80 -12,81 -157,072 1646316492
1 1 36 4,24 -4,24 -157,078 1646316493
1 1 36 4,74 -4,24 -157,011 1646316493
1 1 36 4,68 -3,99 -157,042 1646316493
1 1 36 4,49 -3,81 -157,017 1646316493
1 1 36 4,24 -3,74 -157,042 1646316494
1 1 36 3,99 -3,81 -157,072 1646316494
1 1 36 3,81 -3,99 -156,907 1646316494
1 1 36 3,74 -4,24 -157,054 1646316494
1 1 36 3,81 -4,49 -157,060 1646316495
1 1 36 3,99 -4,68 -157,066 1646316495
1 1 36 4,24 -4,74 -157,096 1646316495
1 1 36 4,49 -4,68 -157,066 1646316495
1 1 36 4,68 -4,49 -157,029 1646316496
1 1 37 27,00 0,00 -157,084 1646316497
1 1 37 27,50 0,00 -157,029 1646316498
1 1 37 27,43 0,25 -157,035 1646316498
1 1 37 27,25 0,43 -157,042 1646316498
1 1 37 27,00 0,50 -157,072 1646316498
1 1 37 26,75 0,43 -157,048 1646316499
1 1 37 26,57 0,25 -157,078 1646316499
1 1 37 26,50 0,00 -157,048 1646316499
1 1 37 26,57 -0,25 -157,048 1646316499
1 1 37 26,75 -0,43 -157,035 1646316500
1 1 37 27,00 -0,50 -157,042 1646316500
1 1 37 27,25 -0,43 -157,054 1646316500
1 1 37 27,43 -0,25 -157,072 1646316500
1 1 38 26,08 6,99 -157,078 1646316501
1 1 38 26,58 6,99 -157,060 1646316502
1 1 38 26,51 7,24 -157,060 1646316502
1 1 38 26,33 7,42 -157,078 1646316502
1 1 38 26,08 7,49 -157,042 1646316502
1 1 38 25,83 7,42 -157,115 1646316503
1 1 38 25,65 7,24 -156,993 1646316503
1 1 38 25,58 6,99 -157,029 1646316503
1 1 38 25,65 6,74 -157,066 1646316503
1 1 38 25,83 6,56 -157,035 1646316503
1 1 38 26,08 6,49 -157,035 1646316504
1 1 38 26,33 6,56 -157,072 1646316504
1 1 38 26,51 6,74 -157,060 1646316504
1 1 39 23,38 13,50 -157,048 1646316505
1 1 39 23,88 13,50 -157,084 1646316506
1 1 39 23,82 13,75 -157,048 1646316506
1 1 39 23,63 13,93 -157,066 1646316506
1 1 39 23,38 14,00 -157,096 1646316506
1 1 39 23,13 13,93 -157,066 1646316506
1 1 39 22,95 13,75 -157,054 1646316507
1 1 39 22,88 13,50 -157,103 1646316507
1 1 39 22,95 13,25 -157,054 1646316507
1 1 39 23,13 13,07 -157,035 1646316507
1 1 39 23,38 13,00 -156,999 1646316508
1 1 39 23,63 13,07 -157,133 1646316508
1 1 39 23,82 13,25 -157,084 1646316508
1 1 40 19,09 19,09 -157,096 1646316509
1 1 40 19,59 19,09 -157,035 1646316509
1 1 40 19,52 19,34 -157,090 1646316510
1 1 40 19,34 19,52 -157,072 1646316510
1 1 40 19,09 19,59 -157,072 1646316510
1 1 40 18,84 19,52 -157,035 1646316510
1 1 40 18,66 19,34 -156,987 1646316511
1 1 40 18,59 19,09 -156,993 1646316511
1 1 40 18,66 18,84 -157,029 1646316511
1 1 40 18,84 18,66 -157,023 1646316511
1 1 40 19,09 18,59 -157,066 1646316512
1 1 40 19,34 18,66 -157,048 1646316512
1 1 40 19,52 18,84 -157,078 1646316512
1 1 41 13,50 23,38 -157,084 1646316513
1 1 41 14,00 23,38 -157,084 1646316513
1 1 41 13,93 23,63 -157,066 1646316514
1 1 41 13,75 23,82 -157,084 1646316514
1 1 41 13,50 23,88 -157,029 1646316514
1 1 41 13,25 23,82 -157,060 1646316514
1 1 41 13,07 23,63 -157,096 1646316515
1 1 41 13,00 23,38 -157,078 1646316515
1 1 41 13,07 23,13 -157,066 1646316515
1 1 41 13,25 22,95 -157,090 1646316515
1 1 41 13,50 22,88 -156,993 1646316516
1 1 41 13,75 22,95 -157,121 1646316516
1 1 41 13,93 23,13 -157,072 1646316516
1 1 42 6,99 26,08 -157,096 1646316517
1 1 42 7,49 26,08 -157,042 1646316517
1 1 42 7,42 26,33 -157,060 1646316518
1 1 42 7,24 26,51 -157,042 1646316518
1 1 42 6,99 26,58 -157,072 1646316518
1 1 42 6,74 26,51 -157,096 1646316518
1 1 42 6,56 26,33 -156,993 1646316519
1 1 42 6,49 26,08 -157,048 1646316519
1 1 42 6,56 25,83 -157,066 1646316519
1 1 42 6,74 25,65 -157,103 1646316519
1 1 42 6,99 25,58 -157,066 1646316519
1 1 42 7,24 25,65 -157,054 1646316520
1 1 42 7,42 25,83 -157,066 1646316520
1 1 43 0,00 27,00 -157,005 1646316521
1 1 43 0,50 27,00 -157,060 1646316521
1 1 43 0,43 27,25 -157,042 1646316522
1 1 43 0,25 27,43 -157,060 1646316522
1 1 43 0,00 27,50 -157,035 1646316522
1 1 43 -0,25 27,43 -157,005 1646316522
1 1 43 -0,43 27,25 -157,042 1646316522
1 1 43 -0,50 27,00 -157,017 1646316523
1 1 43 -0,43 26,75 -157,060 1646316523
1 1 43 -0,25 26,57 -157,072 1646316523
1 1 43 0,00 26,50 -157,084 1646316523
1 1 43 0,25 26,57 -157,042 1646316524
1 1 43 0,43 26,75 -157,078 1646316524
1 1 44 -6,99 26,08 -157,060 1646316525
1 1 44 -6,49 26,08 -157,035 1646316525
1 1 44 -6,56 26,33 -157,109 1646316526
1 1 44 -6,74 26,51 -157,072 1646316526
1 1 44 -6,99 26,58 -157,090 1646316526
1 1 44 -7,24 26,51 -157,060 1646316526
1 1 44 -7,42 26,33 -157,158 1646316526
1 1 44 -7,49 26,08 -157,060 1646316527
1 1 44 -7,42 25,83 -157,029 1646316527
1 1 44 -7,24 25,65 -157,029 1646316527
1 1 44 -6,99 25,58 -157,054 1646316527
1 1 44 -6,74 25,65 -157,084 1646316528
1 1 44 -6,56 25,83 -157,060 1646316528
1 1 45 -13,50 23,38 -157,060 1646316529
1 1 45 -13,00 23,38 -157,048 1646316529
1 1 45 -13,07 23,63 -157,048 1646316529
1 1 45 -13,25 23,82 -157,096 1646316530
1 1 45 -13,50 23,88 -157,054 1646316530
1 1 45 -13,75 23,82 -157,109 1646316530
1 1 45 -13,93 23,63 -157,072 1646316530
1 1 45 -14,00 23,38 -157,133 1646316531
1 1 45 -13,93 23,13 -157,035 1646316531
1 1 45 -13,75 22,95 -157,084 1646316531
1 1 45 -13,50 22,88 -157,078 1646316531
1 1 45 -13,25 22,95 -157,048 1646316532
1 1 45 -13,07 23,13 -157,096 1646316532
1 1 46 -19,09 19,09 -157,042 1646316533
1 1 46 -18,59 19,09 -157,072 1646316533
1 1 46 -18,66 19,34 -157,127 1646316533
1 1 46 -18,84 19,52 -157,072 1646316534
1 1 46 -19,09 19,59 -157,072 1646316534
1 1 46 -19,34 19,52 -157,084 1646316534
1 1 46 -19,52 19,34 -157,072 1646316534
1 1 46 -19,59 19,09 -157,054 1646316534
1 1 46 -19,52 18,84 -157,066 1646316535
1 1 46 -19,34 18,66 -157,096 1646316535
1 1 46 -19,09 18,59 -157,042 1646316535
1 1 46 -18,84 18,66 -157,133 1646316535
1 1 46 -18,66 18,84 -157,035 1646316536
1 1 47 -23,38 13,50 -157,054 1646316536
1 1 47 -22,88 13,50 -157,048 1646316537
1 1 47 -22,95 13,75 -157,066 1646316537
1 1 47 -23,13 13,93 -157,066 1646316537
1 1 47 -23,38 14,00 -157,054 1646316538
1 1 47 -23,63 13,93 -157,060 1646316538
1 1 47 -23,82 13,75 -157,066 1646316538
1 1 47 -23,88 13,50 -157,090 1646316538
1 1 47 -23,82 13,25 -157,042 1646316539
1 1 47 -23,63 13,07 -157,060 1646316539
1 1 47 -23,38 13,00 -157,096 1646316539
1 1 47 -23,13 13,07 -157,096 1646316539
1 1 47 -22,95 13,25 -157,060 1646316539
1 1 48 -26,08 6,99 -157,072 1646316540
1 1 48 -25,58 6,99 -157,151 1646316541
1 1 48 -25,65 7,24 -157,078 1646316541
1 1 48 -25,83 7,42 -157,127 1646316541
1 1 48 -26,08 7,49 -157,078 1646316541
1 1 48 -26,33 7,42 -157,042 1646316542
1 1 48 -26,51 7,24 -157,072 1646316542
1 1 48 -26,58 6,99 -157,090 1646316542
1 1 48 -26,51 6,74 -157,066 1646316542
1 1 48 -26,33 6,56 -157,005 1646316543
1 1 48 -26,08 6,49 -157,011 1646316543
1 1 48 -25,83 6,56 -157,029 1646316543
1 1 48 -25,65 6,74 -157,121 1646316543
1 1 49 -27,00 0,00 -157,072 1646316544
1 1 49 -26,50 0,00 -157,090 1646316545
1 1 49 -26,57 0,25 -157,042 1646316545
1 1 49 -26,75 0,43 -157,048 1646316545
1 1 49 -27,00 0,50 -157,066 1646316545
1 1 49 -27,25 0,43 -157,054 1646316546
1 1 49 -27,43 0,25 -157,023 1646316546
1 1 49 -27,50 0,00 -157,042 1646316546
1 1 49 -27,43 -0,25 -157,042 1646316546
1 1 49 -27,25 -0,43 -157,060 1646316547
1 1 49 -27,00 -0,50 -157,042 1646316547
1 1 49 -26,75 -0,43 -157,090 1646316547
1 1 49 -26,57 -0,25 -157,048 1646316547
1 1 50 -26,08 -6,99 -157,109 1646316548
1 1 50 -25,58 -6,99 -157,029 1646316549
1 1 50 -25,65 -6,74 -157,060 1646316549
1 1 50 -25,83 -6,56 -157,090 1646316549
1 1 50 -26,08 -6,49 -157,029 1646316549
1 1 50 -26,33 -6,56 -157,066 1646316550
1 1 50 -26,51 -6,74 -157,035 1646316550
1 1 50 -26,58 -6,99 -157,035 1646316550
1 1 50 -26,51 -7,24 -157,096 1646316550
1 1 50 -26,33 -7,42 -157,078 1646316550
1 1 50 -26,08 -7,49 -157,096 1646316551
1 1 50 -25,83 -7,42 -157,096 1646316551
1 1 50 -25,65 -7,24 -157,103 1646316551
1 1 51 -23,38 -13,50 -157,017 1646316552
1 1 51 -22,88 -13,50 -157,090 1646316552
1 1 51 -22,95 -13,25 -157,072 1646316553
1 1 51 -23,13 -13,07 -157,066 1646316553
1 1 51 -23,38 -13,00 -157,072 1646316553
1 1 51 -23,63 -13,07 -157,048 1646316553
1 1 51 -23,82 -13,25 -157,078 1646316554
1 1 51 -23,88 -13,50 -157,096 1646316554
1 1 51 -23,82 -13,75 -157,035 1646316554
1 1 51 -23,63 -13,93 -157,060 1646316554
1 1 51 -23,38 -14,00 -157,042 1646316555
1 1 51 -23,13 -13,93 -157,066 1646316555
1 1 51 -22,95 -13,75 -157,096 1646316555
1 1 52 -19,09 -19,09 -157,035 1646316556
1 1 52 -18,59 -19,09 -157,090 1646316556
1 1 52 -18,66 -18,84 -157,096 1646316557
1 1 52 -18,84 -18,66 -157,011 1646316557
1 1 52 -19,09 -18,59 -157,078 1646316557
1 1 52 -19,34 -18,66 -157,048 1646316557
1 1 52 -19,52 -18,84 -157,048 1646316557
1 1 52 -19,59 -19,09 -157,017 1646316558
1 1 52 -19,52 -19,34 -157,035 1646316558
1 1 52 -19,34 -19,52 -157,066 1646316558
1 1 52 -19,09 -19,59 -157,042 1646316558
1 1 52 -18,84 -19,52 -157,035 1646316559
1 1 52 -18,66 -19,34 -157,078 1646316559
1 1 53 -13,50 -23,38 -157,035 1646316560
1 1 53 -13,00 -23,38 -157,060 1646316560
1 1 53 -13,07 -23,13 -157,072 1646316560
1 1 53 -13,25 -22,95 -157,023 1646316561
1 1 53 -13,50 -22,88 -157,035 1646316561
1 1 53 -13,75 -22,95 -156,993 1646316561
1 1 53 -13,93 -23,13 -157,023 1646316561
1 1 53 -14,00 -23,38 -156,993 1646316561
1 1 53 -13,93 -23,63 -157,060 1646316562
1 1 53 -13,75 -23,82 -156,981 1646316562
1 1 53 -13,50 -23,88 -157,017 1646316562
1 1 53 -13,25 -23,82 -157,072 1646316562
1 1 53 -13,07 -23,63 -157,090 1646316563
1 1 54 -6,99 -26,08 -157,011 1646316563
1 1 54 -6,49 -26,08 -157,084 1646316564
1 1 54 -6,56 -25,83 -157,060 1646316564
1 1 54 -6,74 -25,65 -157,035 1646316564
1 1 54 -6,99 -25,58 -157,072 1646316565
1 1 54 -7,24 -25,65 -157,060 1646316565
1 1 54 -7,42 -25,83 -157,072 1646316565
1 1 54 -7,49 -26,08 -157,072 1646316565
1 1 54 -7,42 -26,33 -156,987 1646316566
1 1 54 -7,24 -26,51 -157,096 1646316566
1 1 54 -6,99 -26,58 -157,042 1646316566
1 1 54 -6,74 -26,51 -157,054 1646316566
1 1 54 -6,56 -26,33 -157,096 1646316566
1 1 55 -0,00 -27,00 -157,048 1646316567
1 1 55 0,50 -27,00 -157,011 1646316568
1 1 55 0,43 -26,75 -157,035 1646316568
1 1 55 0,25 -26,57 -157,084 1646316568
1 1 55 -0,00 -26,50 -156,987 1646316568
1 1 55 -0,25 -26,57 -157,023 1646316569
1 1 55 -0,43 -26,75 -157,048 1646316569
1 1 55 -0,50 -27,00 -157,017 1646316569
1 1 55 -0,43 -27,25 -157,035 1646316569
1 1 55 -0,25 -27,43 -156,987 1646316570
1 1 55 -0,00 -27,50 -157,029 1646316570
1 1 55 0,25 -27,43 -156,981 1646316570
1 1 55 0,43 -27,25 -157,023 1646316570
1 1 56 6,99 -26,08 -157,048 1646316571
1 1 56 7,49 -26,08 -157,029 1646316572
1 1 56 7,42 -25,83 -157,017 1646316572
1 1 56 7,24 -25,65 -157,048 1646316572
1 1 56 6,99 -25,58 -157,042 1646316572
1 1 56 6,74 -25,65 -157,023 1646316573
1 1 56 6,56 -25,83 -157,011 1646316573
1 1 56 6,49 -26,08 -157,035 1646316573
1 1 56 6,56 -26,33 -157,023 1646316573
1 1 56 6,74 -26,51 -156,987 1646316573
1 1 56 6,99 -26,58 -157,072 1646316574
1 1 56 7,24 -26,51 -157,066 1646316574
1 1 56 7,42 -26,33 -157,023 1646316574
1 1 57 13,50 -23,38 -157,060 1646316575
1 1 57 14,00 -23,38 -157,011 1646316575
1 1 57 13,93 -23,13 -157,048 1646316576
1 1 57 13,75 -22,95 -157,029 1646316576
1 1 57 13,50 -22,88 -157,035 1646316576
1 1 57 13,25 -22,95 -157,029 1646316576
1 1 57 13,07 -23,13 -157,023 1646316577
1 1 57 13,00 -23,38 -157,048 1646316577
1 1 57 13,07 -23,63 -157,035 1646316577
1 1 57 13,25 -23,82 -157,072 1646316577
1 1 57 13,50 -23,88 -157,096 1646316578
1 1 57 13,75 -23,82 -157,072 1646316578
1 1 57 13,93 -23,63 -157,035 1646316578
1 1 58 19,09 -19,09 -157,084 1646316579
1 1 58 19,59 -19,09 -156,993 1646316579
1 1 58 19,52 -18,84 -157,072 1646316579
1 1 58 19,34 -18,66 -157,011 1646316580
1 1 58 19,09 -18,59 -157,060 1646316580
1 1 58 18,84 -18,66 -156,993 1646316580
1 1 58 18,66 -18,84 -157,072 1646316581
1 1 58 18,59 -19,09 -157,127 1646316581
1 1 58 18,66 -19,34 -157,023 1646316581
1 1 58 18,84 -19,52 -156,993 1646316581
1 1 58 19,09 -19,59 -157,042 1646316582
1 1 58 19,34 -19,52 -157,066 1646316582
1 1 58 19,52 -19,34 -157,042 1646316582
1 1 59 23,38 -13,50 -157,011 1646316583
1 1 59 23,88 -13,50 -157,078 1646316583
1 1 59 23,82 -13,25 -157,115 1646316584
1 1 59 23,63 -13,07 -157,035 1646316584
1 1 59 23,38 -13,00 -157,054 1646316584
1 1 59 23,13 -13,07 -157,035 1646316584
1 1 59 22,95 -13,25 -157,060 1646316585
1 1 59 22,88 -13,50 -157,029 1646316585
1 1 59 22,95 -13,75 -157,060 1646316585
1 1 59 23,13 -13,93 -157,072 1646316585
1 1 59 23,38 -14,00 -157,023 1646316586
1 1 59 23,63 -13,93 -157,066 1646316586
1 1 59 23,82 -13,75 -157,072 1646316586
1 1 60 26,08 -6,99 -157,060 1646316587
1 1 60 26,58 -6,99 -157,084 1646316587
1 1 60 26,51 -6,74 -157,011 1646316588
1 1 60 26,33 -6,56 -157,035 1646316588
1 1 60 26,08 -6,49 -157,011 1646316588
1 1 60 25,83 -6,56 -157,072 1646316588
1 1 60 25,65 -6,74 -157,078 1646316589
1 1 60 25,58 -6,99 -157,048 1646316589
1 1 60 25,65 -7,24 -157,017 1646316589
1 1 60 25,83 -7,42 -157,011 1646316589
1 1 60 26,08 -7,49 -157,078 1646316589
1 1 60 26,33 -7,42 -157,017 1646316590
1 1 60 26,51 -7,24 -157,023 1646316590
